-1.0	-1.0	-1.0	-1.0
-1.0	-1.0	-1.0	-1.0
-1.0	-1.0	-1.0	-1.0
-0.8953251330790548	-0.9489997382374539	-0.23939701268405678	-0.6294148481718711
-0.5169038764878474	-0.7672115876885243	1.0410642519893951	0.07337667108439572
-0.45843788393176144	-0.6530244499617515	1.92662917297939	0.7587252000740625
-0.4007495141885611	-0.5698454304045473	1.4752331144497761	0.9949690612464608
-0.7206324224400302	-0.614685407905389	0.2855494431597272	0.7840068376412375
-0.2947071762409561	-0.5280498331343031	1.7457189744315205	1.0443947626073
-0.2716003669468282	-0.4643276534747367	1.8105728567462176	1.234773573204858
-0.0082894463912635	-0.35963554273351883	2.5155725176389403	1.5288049727871398
1.7671258923886168	0.09404571737181078	2.6707526161481705	1.772405513537072
2.7029265914365146	0.613763262945354	5.21031268096063	2.4572742507919147
4.323193628546258	1.3068538850001632	5.564228984898349	3.0377947556908644
5.616423577940131	2.06499801223522	4.422585068628484	3.281407822401996
3.8387505232766115	2.3597962030449815	5.324079818391251	3.620900405797639
8.914068818623795	3.3920644082060436	6.699358253660302	4.105743490367371
2.939591591905412	3.32434994430953	6.071431824699409	4.399919162102603
11.941767111718427	4.552819470136516	5.242861500383072	4.520085872304571
1.6691573736647225	4.160352340594991	4.501376342406425	4.517538640356051
2.3422452895569736	3.9236310782867463	5.176759321549544	4.603371057367427
4.357901967276697	3.9778262004802087	5.283956311857344	4.688304774445216
16.399169672849318	5.466099447687078	5.8848991470577765	4.83167604768886
9.053180046586467	5.879401420260268	4.610675493750944	4.80621303381372
3.746356276220151	5.642715078498284	5.707052187721366	4.906173643555825
4.448754512604948	5.514951797937834	5.431684929906965	4.962407921918465
3.2306141759138	5.278921640684709	5.3831230273218145	5.005880526921372
4.271519291368107	5.178293456501287	4.943260639812002	4.999625229207734
7.5798409179033435	5.410457523460364	4.297599856787004	4.9317595154252905
2.17778957185627	5.107697146394762	4.356549654519366	4.877887308370372
3.712911790258018	4.9810185492933865	4.366167238607206	4.831411420264172
4.049230008291227	4.898876647998308	4.849484985510372	4.833005630002631
3.7793080819047224	4.802996073182835	4.450275246169146	4.800228574696568
3.27805428419488	4.6760213149690655	5.2085524772990235	4.8342277341680715
14.968786539167668	5.509922790016011	5.504387059982637	4.88852411137856
3.6795395601831746	5.365526951201412	5.619130318705674	4.946161010246044
4.300756978548017	5.283681680122583	5.756685760314838	5.008466600199918
6.710965217629614	5.390655958790276	5.619856538509196	5.054290577511112
13.68112944599431	5.99687509959876	5.935860540236393	5.11875232169476
5.548904844647258	5.964897631306045	5.398880906070155	5.138749045289388
4.649044012298702	5.873149930189775	5.779461880323005	5.183423027814539
11.153613013965268	6.232972617947918	5.696353007784472	5.218376125084151
11.870096139540038	6.608568609039735	4.8259303228724075	5.192227819900301
5.141157545442729	6.512919899055786	4.6141492127988695	5.154547461069075
3.4040352501337576	6.314585396395945	3.5826170785020874	5.054264810639832
4.296769583468874	6.188536229053864	3.5097695925327868	4.957783106058899
4.562769022403024	6.08904888033355	3.3701008327705777	4.860626249856642
2.0126485752721828	5.844582016345318	2.8815252507363445	4.741937530798933
1.6828698695977535	5.599888688099688	2.992489801628282	4.639076670743417
2.858508103488484	5.4418030573048695	2.927308820415046	4.540365173206981
2.136856197895557	5.254812087988963	3.3266496320918266	4.471694419417372
2.9184076455736307	5.125067755633967	3.4282042680342135	4.413748496930382
2.476446087294567	4.980657256756427	3.22627982034554	4.349004691917237
3.843246981036759	4.919749837105315	3.4333728666465015	4.299973441444401
4.511303880698665	4.8982599139638445	3.2095779709864365	4.242605616454572
3.354505012922294	4.818441238767533	3.2029607416610117	4.1888517367659
2.0025821934341623	4.675314783760244	3.0580761962227454	4.131376070388387
2.724690975179824	4.577818708825208	2.9024015590556456	4.0699495474833975
2.77588291294291	4.489229948916047	2.8249950653786127	4.008743749344472
3.938580520754515	4.462594376582186	3.3487557225714903	3.9768194390312184
4.565358476396698	4.467485559880137	3.483607451522908	3.9533403778494254
3.2446937520786774	4.410186172802614	3.4446493655785586	3.9295036263592173
2.779607564413977	4.334952884684713	3.6100424182690034	3.9147643549950217
3.136891813537529	4.280512528536312	3.3674473638974263	3.8898941257092527
5.6931489464411245	4.3437455733063315	3.452322691134328	3.870307173247065
6.642977842542935	4.445151780387161	3.5196208670023967	3.8548400004444314
2.3045713457270858	4.352110580599848	3.206047417460206	3.8266405278518487
2.4200975863543457	4.269333795335123	2.779674841668993	3.7817836320233793
1.7056564339855482	4.161039720201718	2.617048400911596	3.7325834941322187
1.8714561245480517	4.065666402108481	2.2308474624050727	3.670028256006895
1.8344970145420474	3.9739988405426914	2.22010799669347	3.610458274500071
1.3889661794443455	3.8692279969452867	2.0727949878035825	3.548137414466005
1.8380951511888743	3.788003746653759	1.9265240280656295	3.483289766133577
1.3458591458789972	3.6916277770116404	2.248628922535038	3.434565808905935
1.4319932993357836	3.6036118568351565	2.1958551776639257	3.386316413001232
2.174877464604362	3.5486734687769603	1.9377255849573451	3.330614523712165
3.3812010794997596	3.542315556589533	1.8986009281088267	3.2762473254114903
1.1261270220799742	3.451729587139453	2.0293780424048142	3.2295006598032066
1.6053995551530664	3.38336254392304	1.9684042431240392	3.182803982878224
1.4824541124481625	3.3138325643135307	1.6602564816062304	3.1271133643446856
1.5870175260987747	3.251430962349798	1.5860363480035207	3.07142370675387
0.6355443342500282	3.158026525238168	1.4621192006494974	3.013960785893909
0.615418444148655	3.0683061463592436	1.6106782136553073	2.9644431214993414
0.8912075089233531	2.992376396975228	1.4579017844481386	2.91189991461749
0.8102991724436388	2.9171474675336238	1.5983365636344518	2.8666134217766834
0.539116348549548	2.836094259489881	1.3518016060542135	2.814981997218563
1.7894968782885687	2.800822573033148	1.4565744400957796	2.7692019648574058
0.5497174313321156	2.725800340049066	1.3775840971542581	2.72282364573628
0.6058827393746451	2.6559262439482616	1.4779349967960842	2.681790999588008
1.1583532501474516	2.607101282000777	1.2490256918161902	2.6350789167633537
0.5244326088900324	2.5399306380712297	1.3800905852575003	2.5946024569329773
1.868385555282007	2.5185023935069935	1.3543074316244224	2.5550259420295363
1.1780888311547844	2.4761812822572526	1.4250309062886237	2.519348428451717
0.7890551280877345	2.423467953721909	1.5166027664913382	2.488018146478565
0.7066959434154987	2.3703810888382053	1.360305815008652	2.453146348928105
1.2483834850733069	2.336039868166916	1.411721017438695	2.4212711754683167
0.7416695338246557	2.2877339099745733	1.3461587083821773	2.388697622825744
0.6299766774283615	2.238009582939768	1.442842496167216	2.3603267580674228
0.45272327470466345	2.1849901697274956	1.237108282991977	2.3269694951843456
0.7610588934972851	2.143116618360591	1.403493414854891	2.2998127672894637
