-1.0	-1.0	-1.0	-1.0
-1.0	-1.0	-1.0	-1.0
-1.0	-1.0	-1.0	-1.0
-0.8917704770887603	-0.947267827112555	0.007891220295494605	-0.5089297942859129
-0.9713372988105791	-0.9573941546722484	-0.661917848003941	-0.5732937760097485
-0.8480456594847597	-0.916956160104725	-0.5152326576295154	-0.5518223308283686
-0.7572747936085634	-0.8643066468419237	-0.08889385680470985	-0.39918736228444673
-0.792485666122566	-0.8429490773714801	-0.4321637301267045	-0.4089937222025237
-0.2944565234323202	-0.6944422387738602	0.5918050934640153	-0.1380229762956242
-0.24520240146138017	-0.5828157688315777	0.582848100746461	0.04109807153754219
1.7120264960954987	-0.05599214845858558	0.941067472736405	0.247702652703238
-0.12374529156604719	-0.07044538296408254	1.4320973851430532	0.5003576985702207
1.124363732019722	0.16757376985273043	1.5928291991578019	0.7179901527063164
0.7002537385365508	0.2671028869325778	1.1501637086158216	0.7987401163280812
-0.09685816758383059	0.2030742846379332	0.8819364418040891	0.8133760091264977
0.6356698159536982	0.27497161678434257	1.9821343457445773	1.0076238195634084
4.539981094484507	0.9466920809977442	1.3828377164288121	1.0667186135052473
-0.08320369653849347	0.7925631208371564	1.4927943632436094	1.1304831685183983
0.5665303068846466	0.7603408097493545	0.9464795366469525	1.104252439078783
0.4656993456398131	0.7202398398018426	1.2016748685746714	1.1175112872289366
2.2564509595238382	0.9202582044327097	0.9127877857522448	1.0908560322292695
2.2554189740568806	1.0868780108013492	1.9652266375469738	1.1999721817385676
8.10428455484596	1.9276747985944063	2.388661659714118	1.3423963209794514
0.5835411765711787	1.7728048462053705	1.6381623745398395	1.3764746680196818
0.6423674036901923	1.647369164861018	1.8465836400239786	1.4286392720818455
0.8960936513195044	1.5669767671805075	1.4748209239393826	1.4335813611715578
1.9189693041839964	1.6033471174169551	1.2165965117974622	1.41116148806474
0.6345558811400185	1.5065759417726987	1.2157866779498718	1.39164571267577
1.0673071067748086	1.464110802587724	1.2572635751306773	1.3786546539135758
3.0175245558525488	1.6095980137452344	1.3549695748464	1.3764363518856002
0.6682836807850583	1.5241051475178646	1.3737265615875454	1.3761905077647003
0.9420205292180499	1.4727912373542558	1.3078547763794366	1.370166670505629
4.818029690080972	1.759280557383271	1.7495982525103755	1.4026615818385189
3.469591763977272	1.9016908467223126	1.808610079420483	1.4364634587758314
0.5331240448235623	1.7908124615361336	1.562884550951876	1.446705764898208
2.099409456501509	1.815157692983322	1.6328862369781256	1.4613936691240195
2.6014790759037063	1.875601796099554	1.7869741427495964	1.4864212401204386
0.9087941834675202	1.8031411676317606	1.567786571701086	1.4925198455003006
0.32184962269898554	1.6948253043628396	1.4724260260897175	1.4910506506642962
1.564901332461052	1.6855512847738403	1.3895004014036703	1.4838020175200328
2.9320855638753613	1.7724658585544222	1.4012055829614316	1.4780429448439767
0.9266668283777542	1.714831763774887	1.4148631201182034	1.4737380639569633
0.9109253322836972	1.6612683549259595	1.305143814589103	1.4625049055451949
1.0747518845516297	1.6230383068776972	1.2650732835861658	1.4496361467074577
1.206056952889964	1.596436578142435	1.3008028833243142	1.44014124950482
1.5527873526702995	1.59371019351833	1.426553317675122	1.4392927247753802
1.795321851696611	1.6060478703412464	1.594511790762581	1.4487914239219357
1.0494976367805675	1.5726710550295504	1.501768270647632	1.451968864195734
1.5082912199131098	1.568885881990798	1.2799685289626646	1.4418559858141107
2.4349492987977155	1.618829029265204	1.081661496976404	1.4210850399021417
1.410763548877061	1.607057412047212	1.160661671470458	1.4063509989372869
1.1347685162891112	1.5808305712563508	1.1500775307203823	1.3921199536686606
0.6752691460873124	1.5314569967364209	1.1747078357610952	1.3802665354719061
0.7946940691246132	1.4920035430659806	0.9397801095908724	1.3566787313002457
1.8754144040523548	1.5121748920349227	0.9707385342632626	1.336373728959142
0.27970910191078335	1.4484506286697791	0.8726000126353455	1.3123943520215593
0.5269237942410168	1.401610604676642	0.7489146453260094	1.2837534301762452
0.4068176190703716	1.3518887523785619	0.7888609393808637	1.2590176471792986
1.2383837470864072	1.3463085974447897	0.7408709627861292	1.2335440049315602
-0.09461646183336547	1.2766101151783387	0.5769917726555731	1.2017860918910075
0.9073312466991719	1.2590312450373826	0.7437627338651596	1.1799826981762847
0.27156083335957204	1.2127585839062536	0.8201206029975905	1.163119634746975
0.4440700753236826	1.1772919546867944	0.8704270337243596	1.1496151064325217
0.11211917082933476	1.1288901507925382	0.5804005644422658	1.1237499461823122
0.11120595533400857	1.083336083502938	0.7723538144885351	1.1080207028710962
0.29340697020733075	1.0484965398837316	0.6799095345438682	1.089138980894369
0.7853462176622947	1.0370583701731002	0.8156966354983897	1.0772534586594444
0.04665501121317028	0.9946246362694775	0.699478092714998	1.0610678376473213
1.2294457411835782	1.0045440755006827	0.6935374016544031	1.0455428190086824
0.22851843922388593	0.9722184172844246	0.6292843114179745	1.0282033754994324
0.07371726526626032	0.9353037559995927	0.60817951208723	1.0109470440588155
0.0769645708084421	0.9005155201150474	0.6091533481725766	0.9946626969199408
0.9496683031655071	0.9024813231429556	0.7047197919313184	0.9830681140559974
0.15293809026661775	0.8729015490851435	0.7649462367487052	0.9744602664228597
0.2102213592763973	0.847089479334846	0.752797982117388	0.9658266208009396
0.549568646510525	0.8356489653403998	0.6738872465193568	0.9546007133180685
0.47198085035459214	0.8218421796841044	0.738898402529399	0.9464115754678284
0.35101656278799487	0.8041902839696282	0.8151173467983466	0.941489135552934
0.874315987899229	0.8067867326879739	0.888603260066283	0.9395306377878652
1.7255806748726283	0.8403931874386554	0.9372565520468876	0.9394471565877587
0.9139555415212373	0.8430510736227559	0.987616979262113	0.9411874267971161
0.2225715296350197	0.8208956148429674	0.9276363435212118	0.9407031381115425
0.41461080572433073	0.8065590973629433	0.9068300815094485	0.9395077329219386
1.407288507243698	0.8275102127393263	0.8893529453240352	0.937758372640612
0.5220663161627581	0.8169795238915241	0.9594481374605928	0.9385057465717663
0.2444055014733646	0.7974635915710127	1.007933691005106	0.9408716253178429
0.8762644781001356	0.8001191871747146	0.9260052476902347	0.9403705236186217
1.1678694766365063	0.8123748716805856	0.918208872803578	0.9396317189973618
0.42678907265260246	0.7996654348699177	0.9334019345187159	0.9394260179761078
0.9417244164435816	0.8042964345237869	0.991433563479351	0.9411211028864086
0.3898622682948125	0.7909301181582142	1.039085801429081	0.9442807061794047
1.2898376759491623	0.8068495678902561	0.9916396895280057	0.9457917102423223
0.705326929210597	0.8036440109431282	0.903364246716176	0.9444519597032772
0.7104245506722873	0.8007314201032714	0.9992669389748245	0.9461646180458165
0.3160111689445959	0.7857426848389382	0.9327997358494575	0.9457513047367543
1.7618134690673042	0.8156170308128428	1.0421389427093026	0.9487012964697932
0.4674395184400526	0.8050678019517581	0.9604202083082929	0.9490560870987068
1.2922337996664077	0.8196805297967447	0.9239884743196225	0.9483043641810778
0.5704606867587267	0.8122791798835884	0.8886384666406928	0.9465323907601395
0.4952561797336963	0.8029564274193834	0.8430966180647828	0.9434905674548844
