-1.0	-1.0	-1.0	-1.0
-1.0	-1.0	-1.0	-1.0
-0.9346125017740149	-0.9622673996517753	-0.25305066234949436	-0.5689643800022743
-0.7716044442476683	-0.8693715295352649	0.36091451671715724	-0.11590355464519764
-0.18819630775145202	-0.5827925912697698	1.7389926367232924	0.6644744712200192
0.1068758463158912	-0.3277474351434343	2.2728093525042214	1.2592500682308967
-0.6583588328876271	-0.436755293079125	0.9683680070070957	1.163341661325823
-0.7564755442553116	-0.5318313944959165	-0.10548605612414819	0.7860268345145789
-0.5195351447532967	-0.5285021632830099	0.22819968770035892	0.634992381808545
-0.6825836756315726	-0.566788111285561	0.508652364465515	0.6035995172120572
-0.4435874143249552	-0.5385051230298413	0.3279453411943496	0.5403178733596077
1.8149881885835808	-0.036457333443094875	0.1834093738467686	0.4641820757829658
-0.20464871216900105	-0.06996286058650691	0.9280841329965717	0.5565964068429115
-0.20596613962965316	-0.09537447763090445	0.4076512065177471	0.5287666571798086
-0.43697410501471257	-0.15546922131697638	0.5400627147355543	0.5307537277570253
-0.34094071207730303	-0.18629469957770617	-0.048555122213080115	0.4344722178515197
-0.44908460326519484	-0.22768292284055924	0.3896977085078077	0.4274204408321185
-0.30568343247896157	-0.2393560443685585	0.43288172332224084	0.4282378381679619
-0.1766090008426906	-0.23041098401377835	0.31412692678279286	0.41197064952457585
-0.32008080093224756	-0.24261518821398131	0.7396582448120836	0.4565686254820769
-0.054497822168799503	-0.21812182076058884	0.4215194827386586	0.4520052649946813
0.0743980483132407	-0.1816172378658697	0.33461005591153725	0.4373551089246388
-0.5121431244973773	-0.22121939772479549	0.39110923127310215	0.43181422059195795
0.11042751695043207	-0.18300718395989202	0.4649768093600277	0.4356352939189194
0.9189713884169601	-0.060728581721863684	0.5659190144454915	0.45009237179438943
0.4411532167204997	-0.007022734874743364	0.9377591577221935	0.5022772342003623
0.433194633930291	0.03846356471643464	0.9218703170582956	0.5456326532150295
1.8302886408221428	0.21744603703052912	1.4163069405600708	0.632602779711446
0.8078027465976636	0.27451729194478625	1.2872466749800333	0.6958888594699346
0.6814398468498986	0.31262835170324643	0.7416841299026091	0.7001780094721004
0.6985556681148732	0.34767929259736485	1.0434611164614895	0.7313558397367228
0.26762193752878183	0.34062191619136395	0.8583273938416975	0.7425493633000251
-0.127445183839491	0.30053615423583024	0.4933209919639576	0.7212050907721035
1.0695776267094792	0.3645708596103101	0.8747848371453326	0.7339931727459059
-0.08722030250106239	0.3279679091946448	0.9102820681259414	0.748276142601549
0.11068486398534172	0.31082691828038556	1.001688151339828	0.768267688564616
0.992634217967852	0.3632365950690324	1.3309756535206145	0.811522491981473
1.834859136653817	0.4735329836815112	0.980353932123633	0.8241763760045941
0.3568394380191542	0.4649999910438558	1.059435040883589	0.8413790248343738
0.6501668572239105	0.4782179371094708	0.9420804707728552	0.8485675565956972
3.0882012203496627	0.660199055943353	1.2744147771295915	0.8782597504848069
1.561531022181065	0.7216179074112372	1.2455704852087517	0.903289338610048
2.216001829302462	0.8211873076675196	1.168014391897779	0.9209277489246224
0.6970441014647302	0.8130956068539692	1.0623401181288066	0.9301454927906077
0.31025823190997115	0.7810164566716742	0.9592916764343582	0.9320048489881907
0.296689284673584	0.7507615583362097	0.7902844445512032	0.9231520355626803
-0.08556175547192146	0.6995833006290464	0.7649740499172477	0.913472446104431
0.5156686591708413	0.6885538367997506	0.6968937172391965	0.9004840897038724
0.7292364332334882	0.6909462876126498	0.7613246072894353	0.8923024892900835
0.02011950975013055	0.6522621598256564	0.626913948478163	0.8769986032633306
0.2285202529671515	0.6282875541175337	0.5084846457897096	0.8561488317227943
-0.10723350468911852	0.5874426131193242	0.6531919048471768	0.8448783843775232
0.2605053791480674	0.5696172412192684	0.47225637443560253	0.8245621803938019
-0.028449621486034804	0.5375908418934319	0.5153987142655416	0.8080066499688168
0.14839003209388935	0.5171145268779715	0.5515000873001275	0.7945115330071966
-0.12419735282172217	0.4839557114933857	0.5522026579725894	0.7819829915546397
-0.043738483837969966	0.4571336912995385	0.49308874184349816	0.7672988933699201
-0.28999462566072154	0.4197905871387084	0.3640080394674301	0.7471414445390392
-0.022018429247183557	0.39806987425814744	0.5121468503499367	0.7355883893635669
0.0677494197187305	0.38209202562496136	0.6144078123980719	0.7297267443871449
0.22301342509138244	0.37451944074199295	0.5721352722306299	0.7222249715004236
0.25943501834203886	0.36912683408651525	0.7380029068120171	0.72296463400891
1.1421061217969868	0.40479163932765516	0.7388356456695027	0.7236970237364002
1.2722706475738135	0.4442102967282584	0.7120642379262758	0.7231684231424811
0.07929675600074204	0.4278757020479478	0.6170216263644526	0.7184168307286531
0.07024846696580811	0.412102795768039	0.6546290453769996	0.7156036476592782
0.19073587884312682	0.40248100726353186	0.6791589755834562	0.7140196603205224
0.8731097743890479	0.42264493481732823	0.7548644312833528	0.715769501028199
0.3213871743819716	0.4183679124226294	0.6606196365207215	0.7134402333925338
0.11935840396653408	0.4059127458536296	0.526265619585071	0.7056436542332996
0.09098465374013331	0.3929740255864671	0.554541892441174	0.6994357691065618
0.5004677884333832	0.39733071708623746	0.689945702078101	0.6990511056782476
0.3320318324312419	0.3947197056422067	0.7540036474128857	0.7012490097488999
0.5344269193153877	0.40023319484740916	0.779006041914192	0.7043177277511969
0.8217747592870057	0.416653076895787	0.8686926826804451	0.710720599799006
1.706351073868206	0.46624497454033853	0.954702622913314	0.7201023262208923
0.5525356089432478	0.46952096848204494	0.9971268535027651	0.7306196393348854
1.1192402269682002	0.49387957873492017	0.9661187604121044	0.7394486181115885
1.4432459735558645	0.5290334688607352	0.8158412885319621	0.7422774752531511
0.35776233207617114	0.5227688988760704	0.8267621361519542	0.7453677425034526
0.7143336316274083	0.5296912903488036	0.9732710896723533	0.7536032719865857
1.0623836008574883	0.5487115821339232	0.7978066462996996	0.7551813461385437
0.47777121853990456	0.5462080582678719	0.8466805065371483	0.7584096928312276
0.8017758354768638	0.5551209555855534	0.944643026782829	0.7649044214284255
0.3418481991892315	0.5477682004395485	0.9120869024165512	0.7699785860446238
0.6720163632689615	0.5520029253358043	1.0476514393847287	0.7794426060207491
1.5750041325927326	0.5864789822029137	1.126948403798358	0.7911537332872427
1.0323880195374269	0.6013391712628531	1.1726018086683014	0.8038656076738881
1.7297201285376507	0.6385311950927877	1.2642416506131764	0.8190397675346406
2.1661709189208307	0.6883358025788158	1.3072287747956013	0.8349557516622501
1.1435963960197348	0.7030184485570732	1.369941657657082	0.8522096553221126
0.8960011701429322	0.7091762866249383	1.2128734021847447	0.8637180217757683
0.9339078407151702	0.7162717574511952	1.1933462874051068	0.8741254158658287
0.7669091993355248	0.7178536871704722	1.2695841703112083	0.8864810273048205
1.3268522915395202	0.7366849854999169	1.2537978123993483	0.8978389585710667
1.0420242884278217	0.7460305598169623	1.4430719988639047	0.9145269590777436
1.0448615744990355	0.7550844619286996	1.3133203817822645	0.9266095024161702
1.1125984830413032	0.7658079652073297	1.2369981393965421	0.9359194762247323
0.6896461841672963	0.7635459493207994	1.2137878216788578	0.9441714078133214
2.1124553641817716	0.8032133702104844	1.3331968138425627	0.9556115463555159
