-1.0	-1.0	-1.0	-1.0
-1.0	-1.0	-1.0	-1.0
-1.0	-1.0	-1.0	-1.0
-0.8502100912262525	-0.9270185345203982	0.19040493649565682	-0.4200043414751601
-1.0	-0.9577227516640024	-1.0	-0.6640157836223699
-1.0	-0.9733572408093343	-1.0	-0.7882656293599924
-1.0	-0.9821417849142835	-1.0	-0.8580778400289406
-0.8378603857114725	-0.9392364720172164	-0.32933686761510694	-0.7008448620745362
-0.508144394268953	-0.8225163060623295	0.8800567790785292	-0.2728084706199253
-0.5230842174590986	-0.7481139251872165	0.31963244768222276	-0.12559976846698018
-0.36223692253311135	-0.6595287769736737	0.6506479544485535	0.05260207091322511
-0.8503484808149404	-0.7002344953234526	-0.0683741283627417	0.026795319279014684
-0.2971606804472543	-0.6199378776576825	0.5977501943324339	0.14053560617313954
-0.4585624388102558	-0.589785552672289	0.731495619071094	0.25095400260092693
1.2568269706260309	-0.26492701343644276	2.5361564726638224	0.6529698218305193
6.357028828952736	0.8356462486990996	2.923408265151003	1.0303180780922068
2.82175978598768	1.1484504784554357	4.1530072701883105	1.522127955764352
0.9733983623117035	1.1222532183087863	2.8310098368902947	1.7180089606324822
1.4506083638351073	1.1690628009615436	3.3424746054607057	1.9495880139559256
0.4105427480106416	1.0658280119141206	2.1782225207319135	1.9807048987762235
0.25996358524448193	0.9609030178115459	1.6794717063516464	1.941484343693391
0.35467879509971434	0.8852502029608806	2.5021876466254063	2.0114565551916876
0.6439979864564176	0.8563444390695987	1.6828612930450624	1.9720857484617271
0.20102680379776094	0.7808392564207574	1.9135652345771028	1.9653432444363208
-0.02200180476585256	0.6917543713740595	1.3534391971135427	1.8974453421753688
0.4691247111337289	0.6679313852887692	1.6289462627389484	1.868714114900266
0.7518717571509683	0.6766049219786519	2.661970478259343	1.9506787486116322
1.8052023275062528	0.7893387928003757	2.5890724724653227	2.0144468864028107
4.73353658242264	1.1706335071967389	3.801625142378806	2.187217628588564
4.470543254061745	1.4796916655281533	3.857687260800718	2.343668122682061
2.2230969134501994	1.5472103375280968	3.0890543543174322	2.411366801779477
1.1797365299572484	1.5148151293186811	2.220331420036097	2.3945255884420455
1.8071786826712315	1.5398536804464404	2.4207066066724536	2.39676808947881
3.957379051423139	1.7411499040003893	2.796931426625885	2.430088010962495
5.277145273729922	2.027629665871152	2.778902134770855	2.4583487826353636
1.220377009758388	1.9639467200961191	3.9244018301769152	2.5740034988176554
12.825530511030749	2.7988592340113105	4.252828249058299	2.7030526875547207
1.503811162765052	2.701797392851686	3.6721147918020662	2.775683036971413
5.321139498762091	2.8933305804482794	3.7501059761827245	2.846935412821108
2.049562498657373	2.8330990782548495	3.3703591049065578	2.884298565990957
2.5738532599701003	2.8150232884201594	3.9524630493799684	2.9587765391834995
1.7548987665409066	2.742784389046322	3.372421559269064	2.9869630729748313
2.0045793504212925	2.693598787874359	3.7516533929020346	3.037914087527816
3.1980784088535312	2.7264813893380464	3.5405633311418834	3.070677355796266
2.1062493938189055	2.686913362872223	3.413638954994105	3.092557588511225
3.651520275481186	2.747170375008601	3.4956449222086823	3.1177374911331484
1.8859972581440925	2.694471930570668	3.394545505762104	3.134677317975979
6.679762005263206	2.9334756658205268	3.6801644909213476	3.1673911334130658
2.389764194000434	2.9015081093039963	3.7806402515166795	3.2034489364978116
2.8271460692625783	2.8972203967593306	3.831469993861524	3.239665304351618
4.332363922082865	2.978420682453821	4.039711477464123	3.2849322485851893
4.757953192835521	3.077242811171825	3.9730399381313592	3.3231451250099218
2.115646113035571	3.0248143896765907	4.026647289391463	3.3615035322256537
7.160670284244597	3.2462911235428056	4.236672639566134	3.4083697643411908
4.025641218470305	3.2872930919049352	4.822968329635833	3.4827928108387276
7.895617199785079	3.525564201887221	4.687226607782681	3.545067265073011
5.493001701480241	3.6255662096315513	4.285343001759922	3.5826942287951473
4.185919600122373	3.6535739106197314	4.411598076690316	3.6241246468447104
2.894142838167915	3.6162376049654528	5.013898250698477	3.692449881040625
7.207569614121473	3.7899533746521774	4.312101922424271	3.7224233595545826
11.057996092508315	4.135935867754795	4.4749470809042196	3.7582460133674944
3.572253922940514	4.109522189813501	3.97140746343321	3.7682350880859303
2.1327024198850264	4.018313265648981	4.334474032513168	3.7943609281671966
3.8962117227071387	4.012765327802147	3.4809835903423787	3.7801212920042557
3.57892844748082	3.9933460097513107	3.809777037523899	3.7814491130159498
9.152313076206562	4.2208798434160535	3.622275696055733	3.7744286898872907
3.486643965951713	4.188965634169921	3.769087978688658	3.7741963933056217
2.613556029098199	4.121467696262863	3.397768034835739	3.758068919277279
5.359596326010432	4.17376903794187	3.6394835172389017	3.753060061265101
2.640256662558737	4.109890061555996	3.464817365666943	3.7410532377467254
2.800145633041521	4.056079154537442	3.2457346389500756	3.7207029692371316
3.624194756694199	4.038575830513937	2.9305722658279345	3.6886797914395135
2.653641743105615	3.983193376267402	3.0763189773768174	3.6641924585332104
1.282344114401615	3.8766077808848376	2.9150999717015607	3.634630704399143
4.49128676342564	3.900550506788078	3.238505105166702	3.6192010946365967
3.7757602954924554	3.895751818641049	3.282115686720619	3.6062391986240216
5.920303650523872	3.9726145090009517	3.115689773487426	3.5876146555800297
3.83806747751901	3.9675694481194093	3.323129767882988	3.5776981338425475
3.3489446042951148	3.944662796214046	3.1881292359954827	3.5632730942336224
1.4475747966890942	3.8533263811725202	3.017224829220984	3.5433001772537622
3.61887776901854	3.8448540760121217	3.029046435176422	3.5247166764928366
6.912575465341496	3.954391099178868	2.7141366028578213	3.4957733018926893
2.6049896513616875	3.906774732640252	2.6361849384773848	3.4654407739151223
1.944970667881035	3.8383535213373063	2.8400054041793794	3.443627174406804
1.866567197968393	3.770374323256264	2.9336010782211	3.4260429293827084
6.355677277418936	3.858491162144561	2.745716569991362	3.402854342408289
3.512889978905844	3.846843527575559	2.7717217016080227	3.3815840458342175
2.0596778316627247	3.787282693892335	3.009742589625736	3.369191348262773
3.9760505972589852	3.7935035464441675	2.972252020596278	3.3561071090471764
2.523320959752556	3.7520921759725363	2.478347141180741	3.3274897023303946
1.9992986216363309	3.6955608797485446	2.4143535109691383	3.2980390458652806
4.11398847598151	3.708911954145723	2.227306159831423	3.263872669931758
1.1402815412215195	3.6278117364902913	2.0807986989719147	3.226518807815294
2.161997069543714	3.5820133616404854	2.0077660536218307	3.188439731035052
1.5211295942863963	3.5182858006260815	2.1636737652948095	3.1567513806194887
1.4652068461868075	3.4554471527602004	2.0671323781089783	3.123401238363381
1.2938505119336559	3.3899550388081447	1.9866559886951407	3.088959796797071
2.844590734825546	3.3735972554234577	2.011484923378861	3.056641304919231
3.1107698333134035	3.3657917494795937	1.9856486570911	3.0248348970882244
0.8673145799712787	3.2923190133733007	1.871188482593313	2.9909094288337745
