-1.0	-1.0	-1.0	-1.0
-0.9187205502295328	-0.9429247727651164	-0.4215506228443068	-0.5938071709605238
-0.7961704514240731	-0.8582385124335211	0.4885295908219318	0.030767641869508422
0.4884666533468802	-0.20208945066813677	2.616063371460373	1.290389617565927
-0.1277924498422125	-0.1708317044920562	1.183318670348461	1.245343695518844
0.24604413870640207	-0.0166674882337563	0.3044185286132284	0.8973814470055026
-0.28920316475611485	-0.10652686436327707	0.37290585703485624	0.7244534475786863
-0.6425673670918377	-0.26593075492311635	0.3242163296548919	0.6054336158794706
-0.5469802731813734	-0.3420263134045176	0.18299305862660575	0.49105565966233233
1.478312126213206	0.11028853797387228	0.20258385623860709	0.41937668561608077
0.3485176893324071	0.16497840767897975	0.5042385917335181	0.4388582299589703
-0.7115806535720035	-0.022009403283780316	0.03765791458672996	0.3532740128140788
-0.49841997141372807	-0.11691547058698915	0.2740282363387463	0.3374875613100956
-0.4950591280705545	-0.18756999165760635	0.13960628063936675	0.3005142939495218
-0.6584594083599431	-0.27040957291691214	-0.1253188777634875	0.2256009945377495
-0.4930787612961822	-0.3074173439741278	0.1511738993727365	0.21323115812126603
-0.5659978369417269	-0.34814264141255413	0.02347687605220572	0.18334563149022753
-0.5982567023247076	-0.3855734300961233	0.0021062678461611917	0.1562223235135911
-0.2350967328175828	-0.3641219862575845	0.36760055672348035	0.18635567773814388
1.1117281486023214	-0.16325887874698541	0.7377934545454383	0.26140621141975395
-0.1945872850987692	-0.16733776054152671	0.6438330991111496	0.3111993224179048
0.7085408747601281	-0.05803368502195938	1.1568472769616798	0.41673083416347967
4.101081455426461	0.4402938371395009	1.919181149827768	0.5967480957682403
3.8106614553947527	0.8286258475118942	2.239022731968297	0.7859702212126873
0.9920054881853819	0.8467550951561058	1.8936358139988783	0.9088796538867445
0.41701190145351164	0.8007693233529056	1.2381481055412475	0.9441144683302116
0.41561643483585464	0.7609734585231775	1.1759836339964314	0.9680732229079894
1.5345290341246831	0.8382429297258447	1.3394789822179636	1.0051725335789419
0.9066445460542427	0.8448552226262149	1.3193119714018433	1.0355408017628749
1.8565565150380956	0.9396074991360182	1.6616488234279334	1.0941797736727077
1.301833269746136	0.9725061943723838	1.6218436690715974	1.1421041000648255
3.7478226350875703	1.2171675560198048	1.616762992738066	1.1839485058817858
2.1817072436704446	1.299772056862269	1.541846223086274	1.214599553678816
1.0623194079319482	1.2800004402681826	1.7253380089904842	1.2571262713357503
1.5629088493336027	1.3029213001030961	1.3953805998418565	1.2683275527376412
0.9423216909433207	1.2744743688268048	1.4155544559965652	1.2799423456133394
2.0245156096144323	1.332129200982834	1.5719176599827431	1.3023864186777492
2.715229951275161	1.4357914538706056	2.1621543950297912	1.3668254832739142
3.1891492878668144	1.5640019736148596	2.649892900557523	1.4606470826967102
2.9277141052710096	1.6613483495362877	2.573190180380192	1.5400641574622225
2.0482309372261964	1.6883237667663389	2.2402415034837064	1.588884059924275
2.0568629038134993	1.7134367809443822	1.8668664153550694	1.6078263601497587
1.4884728170777142	1.6984478732051258	1.6819892427716914	1.612767999799126
0.8026938331843148	1.6400612329520756	1.4826872483839408	1.6042894670715784
2.3370691923107536	1.68452783847466	1.6974894960139948	1.61023539610667
2.0375978618587296	1.7065838349754974	1.9036645148868865	1.6285657172897512
3.694533949268264	1.8282358079902656	2.3225781637781218	1.671035822481969
3.3334220262184475	1.9185045062382184	1.975170477804515	1.6892755961328274
1.6475007919110798	1.9025709624361884	1.8245660498722018	1.6972307036027603
1.7981036122948417	1.8965475119480955	1.7977778104317945	1.7030297129452463
1.491841373417794	1.8736503041635508	1.7110808598837717	1.7034860359426833
2.010365696409325	1.8812426136875127	1.6891716949275044	1.7026913224394415
2.8042985141230075	1.9315707227057195	1.7495189279141852	1.7052446877233582
2.796590191752032	1.9778927858126516	1.6918203573782868	1.7045259598449118
2.773269349430051	2.019737955663333	1.4591042110557058	1.6916136938062265
0.8661637080451412	1.9600926846992244	1.4826955367527899	1.6808114522196567
0.9538385220926622	1.9089458548479583	1.3200711045525297	1.6624752632647883
1.2400796952247424	1.8755143330490598	1.1389734808938559	1.6363093660434238
0.9460271418466735	1.829817845964182	1.2167958715830598	1.6156848019842824
0.7745495494068466	1.7787739980105646	1.2419573935908579	1.5976075454968486
1.1211893894682512	1.7474711367056632	1.217475650502796	1.579512341429071
1.631141039333336	1.7420201242204052	1.1508797569676301	1.5594268631540378
1.4821694471481246	1.7300312827159763	1.210930025686149	1.5433479054272174
1.1040969869240143	1.7015884462230804	1.1864077580763333	1.5271282877991466
0.5125088100303661	1.6483620500087937	1.0040086255109957	1.5037119296514945
1.4394339050796772	1.639147328212324	1.03518851636285	1.483047868910786
0.8175773686319403	1.6034372414427742	1.0158540721088367	1.462740982942572
0.6321997280219334	1.5618246762795365	1.0368950518505962	1.444495749880938
0.48516387426719887	1.5163447906756473	0.9320861950086277	1.4228509189870717
0.886562683243125	1.4901112551201798	0.8880712063187124	1.400574741904391
0.7944033636371708	1.4615283971238826	0.8955710168094118	1.3798269720374914
0.6963170629454565	1.4305147566077663	0.9377590581230641	1.3619103758698894
0.7347235935759089	1.4026905254336537	0.9182004613597747	1.3441668501164612
1.0164373449988733	1.387447483649475	0.8065388249367964	1.3229499854819031
0.7610758514715947	1.3630495194218653	0.9474682538871149	1.3083245634319618
1.0203467526649996	1.349871558999121	0.9013199343872285	1.2926740663790905
0.564800573123005	1.3200656034148213	0.8937588146927591	1.277528742121175
0.6240111969200319	1.2939695115355572	0.8368354479498763	1.2610064516891044
0.6822229612075856	1.2713173209957755	0.8031882555004295	1.2440540047327313
0.9426515521303986	1.25929560768158	0.7786115034473831	1.2270293903793394
0.8569880005988473	1.2447571698978646	0.8969888877991563	1.2151024328269315
1.2308347764731495	1.2442597528223214	0.8501971001443758	1.2020726738199503
0.5929470981398883	1.221276909763994	0.8088003134572446	1.188195167283825
0.4796742546969244	1.1954123408144608	0.814847031344119	1.1751739726104207
0.671378882338632	1.1773458221321462	0.8105247252473093	1.1626023211688192
0.6348484818031479	1.1588549841107452	0.7156281981056287	1.1473672802358315
0.20697049166213288	1.1267750880889307	0.6317985942852746	1.1299916294816819
0.8165882841696397	1.1164371957670918	0.6564115268434718	1.1142083922690769
0.4291654359178281	1.0937840567848962	0.62467515065155	1.0980728217379383
0.32177609867849033	1.0686147461409634	0.6399007026256482	1.083135365960199
0.4927023079936541	1.0500399527932798	0.6593960716735137	1.0694684164700456
0.7958723156232443	1.0419292397428368	0.6901639459638127	1.0573647377446838
0.8683814765197528	1.0364494773711033	0.6174617146097625	1.0434753222777577
0.2831926506987832	1.0129141754282385	0.5970588751185946	1.0295270123352478
0.3316548950319762	0.9918477388341833	0.5690553742052862	1.0152878088750543
0.11362718677635031	0.9649679610810609	0.5220351725757655	1.000190666793193
0.25937558575225594	0.9435898758935097	0.47272376582084674	0.9842093735539303
0.014855157242380956	0.9157324403850193	0.42927523091767816	0.9675640260122782
0.8813204948531743	0.9147102731926771	0.50884163693849	0.953940714050405
1.0105088939732942	0.9175272744655467	0.5911859343150456	0.9432730926881223
