-1.0	-1.0	-1.0	-1.0
-1.0	-1.0	-1.0	-1.0
-1.0	-1.0	-1.0	-1.0
-1.0	-1.0	-1.0	-1.0
-1.0	-1.0	-1.0	-1.0
-0.9126048116785784	-0.9676805216579484	-0.545550462158083	-0.8319407249078827
-0.8654509961900102	-0.9339738020124904	-0.5444668821053844	-0.7371559676950579
-0.8687373004008793	-0.914574261414408	-0.37895630704175753	-0.6306372321602001
-0.8583379537552114	-0.8993480243270262	-0.6447020493337765	-0.6344453764851066
-0.9172308295102078	-0.9037915171672446	-0.41809570888431025	-0.5806871728771423
-0.7935473106513384	-0.8784828973156037	-0.6118036884757535	-0.5878305446491442
-0.7307187839820983	-0.846961811399284	-0.46594834272864194	-0.5618305851696654
-0.5244536773317838	-0.7827146760243906	-0.40113882955051827	-0.5298190123007678
-0.4226161777948998	-0.7154318297276785	-0.26702126270191007	-0.4807163979520719
-0.9092414003566729	-0.749527082231678	-0.49211346114129906	-0.4827213781486821
-0.77189550929883	-0.7532447246397554	-0.17428803298815254	-0.4314595282140332
-0.7547777912628071	-0.7534861732592236	-0.26588263407822366	-0.40538190601261215
-0.6940101609532463	-0.7445852975564166	-0.23042044034729725	-0.3791980657622601
-0.48812582087808365	-0.7080252589782234	0.04753900509808173	-0.3183637885645971
-0.6543243634571583	-0.7007166223490429	-0.17440794496383016	-0.29877152857881906
-0.40671253220226766	-0.6624365632273368	-0.05476862730261556	-0.2670016827257158
-0.5078986913047558	-0.6431511637354385	-0.13687266447669721	-0.2507622918419997
-0.21976695639750832	-0.5924229893703159	0.19854714695093922	-0.19692781601448572
0.1524695493457433	-0.5065967799742408	0.5310091616517705	-0.11305515347488382
-0.08918502438955533	-0.46027970426530773	0.47264643347524804	-0.04806417696663279
0.13708768938073934	-0.39635636258083673	0.4734787030755445	0.0077453697126570464
0.06418952774964248	-0.3487698905068014	0.8272525148802679	0.09242194805861192
0.4171674557090901	-0.27226182519610387	0.7883811022269847	0.1619399220553399
0.30991861833483525	-0.2159813238920566	0.6544686327407194	0.2095535378418507
0.9793038801132359	-0.10403542469216909	1.0245802916556683	0.2858857578176037
1.0515993954578118	0.0009226787875629139	0.975864053190221	0.34855151502965986
-0.039469150314624835	-0.0026378914730071923	0.8500967416199723	0.3927661084411753
0.5206917923416914	0.04218087747984045	0.48356887024276674	0.40054287673370825
-0.49267889892815153	-0.002354264090459579	0.2962239077673643	0.3918570188464223
-0.3825361776392281	-0.03315563651617748	0.22935134151077574	0.3786914586840653
-0.35160700809045653	-0.058277647150642875	0.2642696315649875	0.3696651627582006
-0.2318449121411046	-0.07161927349629404	0.019469547249675534	0.3427464981132513
-0.49563045676631057	-0.10339821774840363	-0.01543678497069223	0.3159013764411269
-0.5963175267380092	-0.13944175646429535	-0.07700119274703832	0.28717134376713616
-0.6491640239112852	-0.17582748196712783	-0.07496941871619223	0.2613204944212204
-0.34570734331034514	-0.18767232855777105	-0.048071972316131695	0.23974814220702934
-0.39636578185483407	-0.2018930286677143	-0.07097303910409569	0.21857511556612663
0.013357307581166822	-0.18755102364758036	-0.09619529526338	0.19760234578326696
-0.48517514718822363	-0.20695071396042586	-0.1266071531639631	0.1764697729692548
-0.3335862214318893	-0.2150295038946748	-0.2080474422931048	0.15193912553006395
-0.5879739151289407	-0.2383266356835958	-0.17631587082330302	0.13143369559672657
-0.6087184771961951	-0.26099250199615454	-0.18497581335869462	0.11207126716065541
-0.09743979184754903	-0.25118393856842613	-0.11709298862192474	0.09832804201740997
-0.3602153029215347	-0.2575945525190956	-0.026437266756986655	0.09099234687470181
-0.17499566092982688	-0.2528312887168649	0.13961951341648016	0.09379661072558787
-0.198958980216016	-0.24978315848440857	0.17822944537368945	0.09857386772835963
0.0479761864256647	-0.23324782743396955	0.11045250799806716	0.09923364692402292
-0.34379683295257313	-0.23927521512759764	0.16144360902946508	0.10262567814451229
0.8632393061808201	-0.18023527244286297	0.019639513292311728	0.09818187649977639
0.10726531952779594	-0.16510954314519521	0.15024068949237757	0.10092073761329057
-0.2484630622814542	-0.1694193619767369	0.14816631378554757	0.10336346483225678
0.6026552878093692	-0.13017584392233572	0.11830922610285688	0.10412307944319021
-0.18672115754041574	-0.13300215887069333	0.086048046206747	0.10321956895328865
0.08463604389087398	-0.12230238757466272	0.22059214034504682	0.10898996386580762
0.12935899220328695	-0.1101293917199806	0.22099009793057545	0.11440745681143194
0.06895473641909522	-0.10160438711393227	0.1408083484079663	0.11566424832641609
-0.39527859879039773	-0.1153658717790157	0.200080088461718	0.11962001465877425
0.14051604504594595	-0.10355966688686014	0.22318880310324896	0.12439861066953584
0.09480428296657673	-0.09454581415547236	0.22420168298892085	0.1289338220764531
0.017868273063426088	-0.0895138573967712	0.19610857311772945	0.13194075207570766
-0.2003730476417689	-0.094403238722511	0.1647740922606693	0.13338887988633497
-0.0073468534869785	-0.09061927332039499	0.13334697543821306	0.13338705922902738
-0.09818585093713816	-0.09094337625026583	0.11146491027912653	0.13244791203606932
0.10333176258647159	-0.08273676130157759	0.07439071252213991	0.12999555129384888
-0.19910892430595328	-0.08758421797276672	0.1114121710291458	0.1292215467715958
-0.1252455768484516	-0.08913146154636209	0.27426432668073275	0.13518072798163416
0.12190759711708266	-0.08057795429052617	0.2283486753439956	0.13895693180988689
1.0684283631209288	-0.03462919729051428	0.31181429731857646	0.14586961732451242
0.17808052231045512	-0.02623475811868381	0.30001344512170736	0.1519528353045938
-0.1339944974999704	-0.03043213795590005	0.2793493685647408	0.15691514573525023
0.172705562821996	-0.022621215013518547	0.3043722202191872	0.16258500219803151
0.07022483609744179	-0.01909641442394594	0.3790747203948388	0.1708039732124771
1.576099728675144	0.040709162314829905	0.27528947656666536	0.17472108135390907
0.023066044591732116	0.040055653927813184	0.35737765131908117	0.18148431908300755
0.6788926107953548	0.06342225037633753	0.4350153196994013	0.19075755160924013
0.351069611950261	0.07381667731735142	0.47941296582143544	0.20118838941334483
0.3028703689189123	0.08199522112154378	0.4031410854969968	0.20839923649517011
0.4241648997652687	0.09406912024999237	0.49056836063904563	0.21835591435670842
0.49286029676540166	0.10797730048085508	0.5734948521859156	0.2307416480885358
0.28780967306748884	0.11417703369974119	0.49291786393605475	0.23978022303118918
0.9845037675776345	0.14384114722746277	0.5763563219047936	0.2512519967989413
0.5071779469910356	0.1560858343598981	0.5472585848132412	0.2612275731276317
0.17484270423053005	0.15671084473720698	0.5133135366478649	0.26962866874300406
-0.0012895791481910557	0.15150293449889274	0.5069884074687245	0.277452041335821
0.5499172851806353	0.16449203299084325	0.513920625079882	0.2851613068272416
0.41577477127943685	0.17259635480420843	0.5532169387941446	0.2938065829773102
0.47407736483242924	0.18221618569913156	0.5228282697133886	0.30111430361209446
0.3583916291010012	0.18777859780361084	0.39405841865933877	0.3040488342327037
0.6854499721013012	0.2033279689305867	0.45401633503519423	0.3087344117180797
0.7615486559703784	0.22058940950704153	0.5337342209648499	0.3156918763849974
0.20164384623782583	0.220009496205952	0.39575842750172385	0.3181424125079433
0.26573753893964747	0.22139497693941745	0.43492841704506424	0.321680799079352
0.5207830559708155	0.23037509871841255	0.40992202360930086	0.32432758398177297
0.30552412923314654	0.23260682109408481	0.4362967786011098	0.3276527871160366
0.45359120632263883	0.23910533528533762	0.4778982836770682	0.3320710876935231
