-1.0	-1.0	-1.0	-1.0
-1.0	-1.0	-1.0	-1.0
-1.0	-1.0	-1.0	-1.0
-0.9706129782775689	-0.9856818964135612	-0.6835977757298222	-0.8458407978573039
-0.6940074331822423	-0.8629707594598834	-0.5754703614815475	-0.7320925184454836
-0.5877838556167634	-0.7612043393398475	0.21744469907614294	-0.3809456798387971
-0.9396885320130132	-0.82005342693251	-0.5423697458283359	-0.43416972284363475
-0.5881378916999694	-0.7510881051708561	-0.37609719039166134	-0.4169005879980757
-0.8251075980863695	-0.7711292413841677	-0.5002929150082783	-0.439479474463793
-0.9346615761954938	-0.8117634888036748	-0.5907918548831853	-0.47707730196453113
-0.7372897384892567	-0.7946666838539979	-0.41502434918585307	-0.46283196669124205
-0.9169671978914046	-0.8207558640472981	-0.5047594558914712	-0.4717759776167908
-0.44437545475994444	-0.7457768266286109	-0.15065627255862835	-0.40780547256625244
-0.2741858746434723	-0.6576619395360891	0.1658913216693383	-0.30061246234937766
-0.05874757460945523	-0.5523002724913001	0.4232603826896528	-0.1732680226850999
0.25045803377141596	-0.41888129005616137	0.9197312677908422	0.008389212378359323
-0.05685577600070579	-0.3618639930659463	1.3178497099622435	0.21462311888339358
3.518213819201028	0.21880950985656566	1.2816524038833497	0.37430963509989335
5.410006077621778	0.9588493889595928	1.817614183226922	0.5800624130114835
0.8229012394642112	0.9403467762632971	1.3345851082315257	0.6827529592096302
0.05924378572537781	0.825625277727891	0.9410612237382561	0.7163853187323104
0.027755122896571338	0.7260563850344783	0.9892324325252029	0.750435100956274
-0.29359373142309886	0.6038863725888926	0.6950430777870482	0.7437984764482184
0.07728557508838385	0.5432119877300876	0.47352343337333735	0.7126578507268719
-0.13377231309133586	0.4680924486966733	0.45956823288582527	0.6845746965381396
-0.15857896849528585	0.40103369588617555	0.48026099776319464	0.6627118179294429
-0.371662273484487	0.3211942552573399	0.3319237017958929	0.6285330464176837
-0.27432161889441353	0.2617090880358357	0.4945253354172021	0.6151472775444857
0.7825303774931633	0.31205791151098405	1.0182453719079354	0.6541155158358694
0.4020202695375352	0.32048349132947984	0.9505978067852563	0.6818830360494672
0.14243543968124484	0.3043127516917765	1.1476574070287873	0.724186337732607
1.2362761240572078	0.3864711761228883	1.0359180949085176	0.7516676334451817
0.2076714897425478	0.3711586727013869	1.1694269928534333	0.7874450289001793
0.831708148905991	0.4095065428078055	1.2028787708953006	0.8220363410839817
1.2955558543810453	0.48129272575967463	1.1625528464651298	0.8496246039404685
0.21656539171933376	0.46040910654164113	1.2202324977520913	0.8788618887162225
3.5748833750869133	0.6998131101426137	1.4708565903146775	0.9243675065531725
1.3144269465354728	0.7458779139578213	1.6840698177844038	0.9813065472989346
1.5897462948170298	0.8075836917431212	1.9556064980276306	1.0525498106657305
4.0822271172762	1.0413393437556846	2.134379559716355	1.1297747537231024
8.267911996732565	1.545213482907204	1.8726785311842318	1.1815741083128968
1.616538478392239	1.5500735953322566	1.9894403256165716	1.2366235154594452
1.3181119191548838	1.5346183997713752	1.7443776846756354	1.2704548994408191
2.6852125335235	1.6096164293281263	1.5702663744964847	1.289997285564656
0.4999240852849294	1.5388225012304644	1.4055143927705473	1.2973671891865282
1.1118171786061457	1.512148378331787	1.198638033244952	1.291199893156381
0.6742040890900833	1.4608710143220511	1.0269011598047202	1.275026416548065
0.31883194957229466	1.3923815371257162	0.9441959697372782	1.2551863548999234
0.6699942999483963	1.3499081684788936	0.900723216871617	1.2343456358531797
0.9950910567802631	1.3294472555737205	0.7375631125414637	1.2056980611578423
0.11060071356676104	1.2604860666545838	0.6049948353813643	1.1717109739874383
1.0069976748486327	1.2464097121753341	0.6358471244242645	1.141953641555248
-0.10578663673097355	1.1726839985679938	0.68134898111111	1.1168404479750644
0.727244695504009	1.148830864727115	0.5919585655381698	1.0887331444394803
0.7272228208367735	1.1266496066443494	0.6924086577045605	1.0678820832017353
0.2772615587189231	1.0827324098680946	0.6047107680264865	1.043934096801014
0.3311118378646696	1.0445286565109297	0.652941780720965	1.0240606809719113
0.5754418615331627	1.021082449657225	0.595047283103266	1.002617423105915
-0.01841969464370008	0.9699771035646012	0.6002833518472686	0.9828371851909394
0.5196470185537416	0.9481942648550676	0.6219522704999714	0.9653808586579229
0.3246886237312383	0.9185133803337369	0.6755378523060753	0.951583390675079
0.18532174774540433	0.8841561396878039	0.5892843742552791	0.9346060918101482
1.2494613292773602	0.9010111662852622	0.7591176014767431	0.9265092891225843
0.008163956994117427	0.860439865914951	0.5202157790020723	0.90804727218738
0.39822005432952867	0.8397498981118725	0.5916091168817577	0.8938828911630419
0.4195046320603186	0.8212150885169118	0.6098532265962875	0.881355807038648
0.24852612334039703	0.7963227903983714	0.5440805353723381	0.8666959282532647
0.20589932641967623	0.7710261397850537	0.37266797429534715	0.8455293499533538
0.4122844475185683	0.7558723129308038	0.4110300772079025	0.8271753860653612
-0.02096448773332038	0.7235130756905996	0.34529087630153854	0.8071025555274025
0.150216809690622	0.6999593929690591	0.43177287711845813	0.7916823636554613
0.08035158509980689	0.6748469245962383	0.5019406754619109	0.7799394455877691
0.3382814025606138	0.6613881360984402	0.40155886386122464	0.7648085006544716
0.05356146290258468	0.6374010843805067	0.40842981762365294	0.750744572230925
0.5381452289033406	0.6335350072971067	0.40084170949503917	0.7371154200203984
-0.2672719936824107	0.5988968426533166	0.24524413524239574	0.7182016917073784
1.3352449878304933	0.6268526819093907	0.2714027186125074	0.7012385868057873
-0.13403208596944372	0.5983260398763364	0.2234967094331457	0.6833272977228799
0.26919825357348337	0.5861388218340442	0.2787786484330672	0.6683473511194948
0.16612609899935582	0.5707759871582121	0.3269634634434264	0.6558605420502417
0.05802924368964213	0.5522468279873178	0.25473383092974955	0.6413649116697804
0.031347839486837836	0.5336471559650202	0.2339948959615159	0.6268189365398809
-0.3022651623281477	0.5041505527237657	0.23612354151058645	0.6130324591528973
0.2193718535316529	0.49421838265645013	0.3291935632312941	0.603133056427968
0.023807037428602573	0.4780006470479927	0.3583810620280503	0.5946950802693134
0.6223084731338897	0.48291884768450055	0.3047181262779679	0.5848111893915979
-0.025052169053571105	0.4657994760628368	0.22781145275976988	0.5727796825151741
0.1124535590396325	0.45402339964576743	0.23734497666172594	0.5616005085989193
0.45136857595382107	0.4539357610525647	0.19129892149936234	0.5493950078878684
0.26723164414790745	0.4478487119582586	0.2266475915474151	0.5388726071837369
-0.010477886005108572	0.4330667719279506	0.2609473817579633	0.5299089855380703
0.7963427668091001	0.4446586101264667	0.3184052162254898	0.5231601502432295
0.0329049323570314	0.43165830405098315	0.2733582933591787	0.5152732042742192
0.29346949910693954	0.4273405025589512	0.3246994188129382	0.5093186604466011
0.20139587945074533	0.42035357978778687	0.40053442984551135	0.5059545879889806
0.40370400576661214	0.41984387640090715	0.3119910576995306	0.5000178555078403
0.41628042501510043	0.4197358499507431	0.419788630315411	0.49758702104659536
0.333919273859953	0.4171618292961645	0.30986425656792704	0.49195632958875746
0.5893216968256749	0.42227471225980295	0.2973745078668706	0.48617769316226456
0.21976426479169242	0.4163195850831136	0.23330542982313607	0.4787415800219441
