-1.0	-1.0	-1.0	-1.0
-1.0	-1.0	-1.0	-1.0
-1.0	-1.0	-1.0	-1.0
-0.3364140083626307	-0.6766839809325067	0.3857313437762948	-0.3248363479444354
-0.7137633136252348	-0.6922836997904558	0.23952816221929574	-0.08740103447410685
-0.7830041852506853	-0.7258329219086024	0.11082970645166235	-0.014093648144977933
0.07435028095684038	-0.46199966983863294	-0.3319127585769377	-0.11888366817655449
-0.8971876128309254	-0.5914127121690158	-0.6096460504988797	-0.26482307291624363
-0.9036475431287918	-0.6759517977153036	-0.478918025762865	-0.32279039471590076
-0.8487563158721588	-0.7188899831140954	-0.40260346953021364	-0.3426222034636498
-0.2659951641907925	-0.6149196354951092	0.49449418818999535	-0.15044673889085636
-0.016082072388618918	-0.4871754412419913	1.2894793386532268	0.15671868788477972
1.0426121155883834	-0.18242534064316784	2.048194595501719	0.5335209628200346
1.407261502082711	0.11460110343401553	1.1947703346657224	0.6570728202978535
-0.0014485097311983663	0.09418536924927468	2.1754965472900096	0.924195681883595
3.749938074010826	0.7017737784991307	3.3249778362145035	1.323207151000449
1.548693108723581	0.8351594348057487	2.260745341521285	1.470864779447842
1.1360749954415694	0.880192739912897	2.0831957907806147	1.5625028658783777
0.20335610208320265	0.7837053101123139	2.097430316278152	1.6387607016594181
1.2445349227339055	0.846424018699534	2.744563475753916	1.7892601577348182
4.9105071733728245	1.3755766900000514	2.3841598482534936	1.866717497952823
1.4859997350881757	1.389356921544603	2.8906822215546626	1.9945018844716422
1.90465724938751	1.4510983234833033	3.0446362265861797	2.120324931126672
4.338169314940687	1.7837449466457933	3.2866501358751217	2.2547083266789603
4.889583704648749	2.1283766259147234	2.362895618766777	2.266713565564613
1.2389022760994854	2.033195697986286	2.436145531020653	2.284844296701115
2.099581280272336	2.040055423905037	2.4651185475731188	2.303471721707612
1.0447315153363563	1.9406342434196748	2.9226551575035624	2.365321514499714
2.854762280027576	2.0290052495707367	2.7913237160255755	2.40650429421433
7.7087136800320675	2.560947038603696	3.3069381384211862	2.490835881835565
3.213952483142129	2.6202553349335727	3.2754524771657696	2.562097511401283
2.19936567748052	2.5831515325780607	3.105752461991921	2.6100240783860165
4.649481201389971	2.7601138475117954	2.8727835269368045	2.63252702914884
1.138142863519994	2.625060120896349	2.524867227545572	2.623562970795162
5.4610514547972	2.8548263654884263	2.157080658898392	2.5857697223056917
2.5430251236993615	2.8302287065897866	2.3616042629227287	2.568085524836275
1.5675229243618887	2.733166830128686	2.493185101508902	2.5623280254616643
4.0726354807514245	2.8335593687903753	2.7085101784918493	2.5732850465261152
1.0982126286211606	2.706666323135667	2.166632310730056	2.5435496268008277
2.221425325986584	2.6720282756604377	2.5410965815783184	2.5433746537929656
4.231721415977077	2.7807784016630195	2.9474087172477863	2.57154630546931
2.3223811804915266	2.749542306387139	2.4193462173869125	2.561175059940775
2.3876148138846847	2.7254275974860276	2.4134767188428663	2.551334231802924
5.874909111174328	2.9307171536038035	2.642767986524488	2.5572943223837865
2.340679689531216	2.893075161593161	2.7258547141103664	2.568048003529868
1.3671487724052995	2.79775333339561	2.2969803178710535	2.551114959454222
3.471408783485739	2.838977144377969	2.1136836152446508	2.5243465642416454
0.9262034718306049	2.72426569320307	2.2752715375354806	2.509409639558801
2.317068162013306	2.7003249020524613	2.059628074107584	2.482964989051017
1.6773573870346445	2.6413344934334693	2.183735899470473	2.4657101179131935
2.0508566703724496	2.6079263029106987	2.221323551175419	2.451883516066785
1.1757792229350454	2.528396542383194	2.281136978053128	2.442402190898834
1.734047005596424	2.4850867358584856	2.396868805740865	2.4399202973064593
1.4305482711379995	2.428616468374879	2.2130626908998527	2.427772513007911
1.452342520919709	2.377253189822506	2.196332388998823	2.4155957038471794
3.55280202247922	2.4380337999797113	2.0192193533356417	2.395100757854443
1.7536687608226096	2.403247902744932	2.2032290171548383	2.3853476129015747
3.6343525715824567	2.464780598727074	1.923815988948538	2.3622789845626087
1.6710392013649273	2.4257573760865685	1.727819582815671	2.3310865596357484
0.7593114885034808	2.3451501261692074	1.8806024110676618	2.3092959890354057
1.2237601332818318	2.2917679868123737	1.9672352533883535	2.2930123165773906
1.5472522185240027	2.256880702455352	2.1072256693714486	2.284307090489323
2.107411942425619	2.2499847948643232	2.25339755894432	2.2828814356837737
1.9447386057893326	2.236114830695964	2.1714489551076688	2.277818502418798
2.404754363471839	2.2436641283595833	1.9610587775676027	2.263640008033471
1.6861220211162848	2.21907419698887	2.235246009922445	2.2623879878993765
1.9687630356155839	2.2081944739869726	2.0241965265576725	2.252035059997538
1.956313194407238	2.1974030021352604	1.8280159465823567	2.233868325292467
1.1352188698013435	2.152534807238518	1.9776296264357578	2.2230448706786765
2.0054136030413807	2.146406665200084	2.186000891127793	2.221502048899399
1.7685715537781967	2.13088377700403	1.9407000370809246	2.20996578967673
1.7105501715068234	2.113848027012665	1.6215061808246145	2.1861158855616645
1.9313515241192212	2.1065502735457304	1.826514471948565	2.1717357372886963
1.0806308668342952	2.066063927277039	1.8701004856057546	2.159832514484497
2.537126750583635	2.0844130900252753	1.6738010177152796	2.140901312413421
0.6512212745045711	2.0293034222296895	1.469007365914825	2.1150651724496603
1.0269084945411042	1.9912466568996847	1.4748016314526589	2.0907569452674166
1.2362236948012422	1.9629396347914976	1.4014482727690858	2.0649136187324504
1.404009575138161	1.9422428703935188	1.439918069318892	2.041770537042282
1.424664852592327	1.9233110832947138	1.4058787988497565	2.018511171220697
0.8194723266280375	1.883421807927974	1.563047777848324	2.002051877694899
1.5381691528959016	1.8710938022382146	1.6897569619127903	1.9909006661622088
1.0191298821600943	1.8410306765409792	1.7596513398774483	1.9827403785925215
1.648934111573995	1.8343307956258288	1.8638092616857747	1.9785922275539867
1.3742529932997667	1.8184689911552891	1.7804504227438112	1.97176078715938
1.5621031473903244	1.8097306716956258	1.692591527987282	1.96224521834765
1.1490231320423576	1.7874638701695948	1.842062710225207	1.9581946724495194
2.643023936304697	1.8159766692241388	1.9407789167021017	1.95761403215869
1.809673826742587	1.815768678799869	1.9084090226386095	1.9559919486875317
1.9979766691294079	1.8217090065047548	1.8986193006166352	1.9541213508358557
2.221054618114666	1.8345884990622188	1.7533771812493772	1.9476467581006198
1.0071881752500662	1.808186772330286	1.8099242362658523	1.94325189532174
3.0887306801241765	1.8486171765809627	1.8904081335842693	1.9415831001839874
1.830422684256511	1.8480483268369698	2.134809968949842	1.9476199473899372
1.636745351258703	1.8415141607156231	2.020896862707999	1.9498856463684637
2.340900783536254	1.8567985060136065	2.156134438532057	1.956197960997843
1.39336212730852	1.842757104731398	1.9915202795556666	1.9572678050289745
1.8773732043832205	1.8437954562102434	2.006910054826546	1.9587568669490278
1.9001482189097678	1.8454687200717426	1.9791845776970174	1.9593632192939698
1.743297430624803	1.8424645583534547	1.9724706076250889	1.9597490827899615
