-1.0	-1.0	-1.0	-1.0
-1.0	-1.0	-1.0	-1.0
-1.0	-1.0	-1.0	-1.0
-0.9122539298159491	-0.9572478802214117	-0.4223105209368374	-0.7185349753905252
-0.8457268175923139	-0.9103295615961541	-0.22489051854524356	-0.5108525158361616
-1.0	-0.9434904590306343	-1.0	-0.6917434520401207
1.098232229390986	-0.27030196809760465	1.2977493957823523	-0.03577599027764922
0.20917588634654716	-0.12771855413699296	1.6037184222874101	0.4517644575547335
0.6980573530091123	0.0958642620868615	1.3460909806964878	0.6939077004818515
0.5318938442150065	0.20420832489367124	3.482811530812837	1.3868904357581955
1.7178490642516366	0.5516924484252543	1.1361058873131333	1.3293178583005587
0.5392563305946165	0.5490395131857826	2.5415040836408895	1.5879015814235258
0.9244053966621388	0.6238162971988608	1.9722491273096225	1.664467525303099
2.265863949413923	0.9306257738309716	3.873592533595846	2.077232931266713
7.228483293889296	2.0385520634271073	4.295259292725532	2.4674301634245057
1.5398196118408105	1.9556623292216027	3.803230893069334	2.6894410292312205
1.7222075995000146	1.9188941197930478	4.001390918666494	2.8960669661516927
3.6510615558738895	2.1781216529440846	3.7167186759490933	3.018881631671836
1.6768195392951952	2.10665783859676	3.772534619815138	3.1263201374023666
2.412315517735995	2.1482576059263554	4.468344619941212	3.3089693688917086
3.4795947272555106	2.321600831007782	3.6403499871599267	3.352116084268527
3.2379671727503085	2.435957895712242	3.702916708479414	3.39589427479061
2.23371713263705	2.4117266917223272	4.101120743242579	3.4803921393079182
3.4866172201231196	2.535575809169359	4.066535620413614	3.547928270100652
1.3743998951820773	2.406729214741761	4.130373854021221	3.6125578349824767
3.8181100544815347	2.557758756116443	4.6907281236659415	3.72793117933867
2.619413854756096	2.5641297668689567	4.783408159594485	3.8369900451615218
7.89771170853782	3.0968924702638887	4.718699191997345	3.925062093561313
4.110879779370385	3.1949169611037567	3.9312953942064244	3.9256647339235986
3.216613203340634	3.1969489242503037	4.982166496098043	4.024612937585095
3.7182662068810144	3.2442970194276155	4.263926920199151	4.046348681650992
6.059034176351193	3.492433073111754	5.083703999282731	4.137797935468218
17.50643450180616	4.692606997723971	4.599967469644537	4.177379248495215
5.464457450158231	4.756876348207128	4.2405232405154045	4.182637759575171
5.299487925579032	4.800838912630493	4.436070882301181	4.203171522037915
2.6524069357711415	4.631353146047225	4.363655045251393	4.215832993120368
8.316034794414735	4.9145875875328375	4.165367986590828	4.211953740465625
4.142828926988681	4.8567458695440795	4.123351695592407	4.205313678696932
3.701109837404161	4.772243273499967	4.275430474388567	4.210441413683713
2.62632708996351	4.6190603311424825	3.97508088116885	4.193640468975072
2.0488681142640575	4.439853686083283	4.251813334174797	4.197696683759998
4.613796903386176	4.451706875497079	4.5691247035439995	4.223006857681238
29.488068133429344	6.119857317287434	4.403336076805992	4.235022390131952
3.5647527925831604	5.953311212472937	4.687351461307235	4.264506473129492
8.946857321622455	6.144289290677391	4.252180442709916	4.263720769485942
2.607848592403519	5.923374552746682	4.372382104081988	4.27050916787197
2.3181004585034675	5.702752496691256	3.8663530721946717	4.245777616720315
3.538150450025709	5.572938798691477	3.853303177625408	4.222240931267249
2.7798400934019893	5.408715543985068	3.80362669959567	4.197628935714055
5.303069823574175	5.402624448255385	3.749425484411753	4.171783468987409
3.6243114747713285	5.3020092913694254	3.620183244436258	4.140574706349509
2.55971829958267	5.149724845133311	3.4886692746015493	4.104373984999257
3.074421977791448	5.03657345313858	3.4007698723493194	4.066011891559109
3.7083318271168517	4.965447494824025	3.212979185397683	4.020333250689018
2.1674548176763775	4.818241282896373	2.9017770173710686	3.9614840310052513
1.670071548336633	4.6554663159144045	2.5986388945758505	3.8910185681636227
1.7113511175815925	4.505820398321646	2.478152085115358	3.8192040909931855
1.4560260994202863	4.353385562268873	2.4188581621930973	3.749212244224645
1.5139396575797233	4.213789444222957	2.388222747055567	3.682301716372475
1.4075651709953112	4.078050938843115	2.0032519404469467	3.601085416854633
3.7489839459934835	4.062386439207017	2.2431963015217833	3.536445617533065
1.5213989318462207	3.9433159810413567	2.2036824790630907	3.473992224443669
2.1425961614907694	3.860232247862802	2.2937163222185752	3.419535296869462
1.8173129885330876	3.767400632034515	2.6063421990926035	3.382582913377999
5.1740284763082	3.8303655003032064	2.4448301077387193	3.3406070138245285
5.496810267205974	3.9038631245038866	2.4007115340961263	3.2991531758885477
1.3685280185853652	3.7936633571108747	2.2359810146177375	3.2529420742383737
2.271398401112971	3.72844181968037	2.1371881522944105	3.2051375074851256
1.3221247118603605	3.626795105010837	2.289310282742717	3.166451969788014
1.2327984834889278	3.527072497189577	2.0685303947361633	3.1207178872947177
1.1138424274128367	3.4279253692569913	1.992534039517789	3.0743669673671015
2.571605126898213	3.393219061522654	2.222494492664273	3.0398408954496006
2.4789367104707063	3.3566581696177655	2.15941828749583	3.0046339501035737
2.1168261676847284	3.307730041090748	2.189960331972064	2.972484192220552
1.1236649076666891	3.2226575072465886	1.9239392941095668	2.9316418324005142
0.8378571893533786	3.1309564205282667	1.77141979558228	2.887028493012013
2.61352718729111	3.1113121417267005	1.998873501868562	2.853309304884075
2.119207985062122	3.0741165854897385	1.9899767595613076	2.820941574275537
1.184231700239366	3.0041365738855568	1.8853805913290116	2.78629874893969
1.4893605818072464	2.9487304637265486	1.9197130812647027	2.754601622154242
1.719502888957313	2.9043099347981647	2.013685516304596	2.7278269757943
2.060045855715123	2.8741637084854132	2.019069199687253	2.7025192192697025
1.2204418265360464	2.815808794119828	1.7881772053314733	2.6702543416594984
1.5098248597616166	2.7702604097284915	2.07610851934527	2.649532250971242
1.6548342614309042	2.7318047168787203	2.046546685215943	2.628743195304622
2.7820655172112496	2.7335175099500235	2.1451984851040575	2.612261804878322
1.7457858136816724	2.7002294710928054	2.1954489276767566	2.5982143343915474
1.1342095904885645	2.6480389517958907	1.9368884503808381	2.5761743436629976
1.6107096068772244	2.613847428427758	2.0527804730662376	2.558922405728216
1.6075517724418922	2.581039537249686	2.0519382470096628	2.5423932982531885
1.8621149739235365	2.5578522865204105	2.1617338384925326	2.5301157362550994
2.4194032996462274	2.5534342772313576	2.103391280350833	2.5164991616892043
3.088957840574981	2.5703421548089973	2.065708553007695	2.502266005682444
2.388836611819486	2.564671140329222	2.191383331857644	2.4925526770267927
1.5557541648059465	2.533472935795438	2.3253899148208292	2.487383500175549
1.854079556676807	2.5126784191873064	2.1187681478178333	2.4761009115214714
2.091898395747839	2.4999295491954205	2.0340248412794133	2.4627068198152124
2.2925034912185844	2.4937074584651353	2.202541169024215	2.4549028179418135
1.7099908879619177	2.470432551616163	2.1730446174036184	2.4465321044785857
1.8608538152546106	2.4525069017352985	2.0459741143063797	2.4347531278593286
