-1.0	-1.0	-1.0	-1.0
6.471989879371251	4.2469043229021075	2.0709822186160127	1.1564737290259477
-0.10016040502220869	1.7383808526170799	1.1073570522216598	1.1281303786109977
-0.8868474502276997	0.4593029171630918	-0.04011787707540693	0.5589302465399497
-0.7026334736048847	-0.02953826557306738	-0.3560434599766079	0.17398938154858956
-0.8634394101770914	-0.33792206904954447	-0.5383236519019986	-0.08943010928783623
-0.6123237636751646	-0.4283966862130244	0.272637643296306	0.029949466637194888
1.9826399799848429	0.2885794982939809	1.5236796412602787	0.4741437706521756
2.3668728950028846	0.8512874184663313	1.2378774452193086	0.6809283552792917
0.09433978211890448	0.6632022620947078	0.9508216303162169	0.7479909641291049
0.017880751869520095	0.5150566392919369	0.9225522591643982	0.788064739617814
-0.31945405837526997	0.33703852288018044	0.46069780161783	0.7182305482617244
-0.09471365781542296	0.25102879787879595	1.1114535121260731	0.7965647482996681
0.8620559764743738	0.3651969839388376	0.8305588206089005	0.802916764859144
-0.05000137086223888	0.29215457691109026	0.6836709680192963	0.7819386537869868
0.21626144379596002	0.27954112058205327	0.9892560471995888	0.8163950001008546
0.02342907827150431	0.23920457867009337	0.6194340914480303	0.7853744666027702
0.18853063533463765	0.231620883441656	1.059423447093634	0.8263871103248608
-0.12389994070368582	0.18093907072825255	0.8880925961340274	0.8351837440036842
0.18137205470056106	0.1809980244692293	1.0191405061680316	0.8602203204470911
0.034905925794714854	0.16197663511063998	0.977012491259557	0.87542714614558
1.660577889957413	0.3489927377950557	1.1534486613048975	0.9101227481112093
1.5608835049149383	0.4941967710670596	1.789855657098395	1.015529095923132
1.140895072057409	0.5687091705643295	1.914934410531406	1.1191583203137734
2.83691717278484	0.8203949876148939	2.5443709518273887	1.2773034730266395
1.2640373844552473	0.8678688530152943	2.021711987430157	1.3569619372263273
1.3536025189500243	0.9180580716913658	2.0996064711188387	1.4336968190585537
4.359487967048682	1.2618182786822771	1.9824697110884455	1.4885134179099353
1.5778102498858533	1.2923662886956953	1.8963338272560355	1.5279387335967876
2.335211124683208	1.3900354558167325	1.8850979425342285	1.5613889940241834
3.209138455063461	1.5552519294528415	1.8628470122941798	1.588768309254597
1.7328429841072128	1.5709075238480392	1.9800341418910037	1.6232605941484621
2.266158301823146	1.630449934048071	1.8281123033292968	1.64080472109519
1.570244087246278	1.6254372086665425	1.7982823483704427	1.653917503298322
1.590233768534428	1.6225853267815165	1.995295924487896	1.68157551203271
5.921410656439419	1.9617137590195566	1.81876613355655	1.692398509162683
1.432719170401549	1.9210510923041224	1.7773044829562545	1.6989252599099367
2.2224095038346876	1.943638293562186	1.842035113632266	1.7096518529381957
1.5470536890545934	1.9146390123889612	1.8214038289558343	1.7178234798045806
3.751491071689661	2.0457597055948367	1.7754224780595411	1.7219350261668285
1.1309569242343387	1.9819754947210884	1.8443058371363024	1.7304679120164943
2.410606382020552	2.0111834061874956	2.236407903039932	1.7649438019647623
4.838226979571085	2.199547130561529	2.3378853859476583	1.8031186654975166
2.76900345640672	2.2366657363928275	2.4006930607815233	1.8420700215561077
5.069085457794394	2.4173636619957497	2.174018243870003	1.8632472266186393
1.0656499993791502	2.3329248063068273	1.927227455295344	1.8672443314874112
2.00624986310323	2.312934722617891	1.8487259605757167	1.8661116591145435
4.4138369197539	2.4389291011363285	1.8046978124459407	1.8624287551921568
2.5172978082985016	2.443537390253174	1.7192029585519757	1.8540079816901702
1.0261936529194737	2.361804198873123	1.602362912796584	1.8394965221078947
0.7660855818922063	2.271520182654656	1.423481365415118	1.815959312135901
1.2686244034800995	2.2158276465222326	1.618828136162978	1.8050126457015199
1.031526924049718	2.1512563182329663	1.6359737725756234	1.795796652644523
2.8679956534499533	2.189638255187771	1.6765063152354385	1.7894089866329117
1.6799575357426013	2.1628227794957984	1.5300628971921948	1.7757639411644552
0.8878702762951174	2.0969019407839835	1.5354338077309602	1.7633378870542114
1.2027896113503345	2.051455560982998	1.4045581675949546	1.7451018277103048
1.9160833418050145	2.044689499918358	1.4815074833228397	1.7319269375527435
1.387493158639657	2.0123796116572024	1.5372083569530703	1.7223539141423743
1.0386447309181213	1.9652795538986458	1.591465323044496	1.71602288271774
2.4936946362899293	1.9904335728110416	1.7877036264061088	1.7194349229666037
1.9880039735347745	1.9903196955484148	1.543691935708635	1.7111996197361132
1.5254467776417289	1.9688706625528827	1.5274087382538069	1.7027194939711259
1.641009400316245	1.9539723736122538	1.5674318227291173	1.6965718439397137
2.819598060197949	1.9927197176696492	1.488127850174369	1.6872411669176635
1.5737416526898644	1.9742413774642036	1.3355618545005448	1.6717309630163668
1.2309944573671237	1.9419359727082264	1.3858947684784382	1.6593072478845792
0.9137067295580363	1.8978818335355747	1.22068419246013	1.6405148441165789
0.5772196484909888	1.8420949090529422	1.0693382143264851	1.6163876145327571
1.0277410293338232	1.8081727412175668	1.1845691185575027	1.5984000953828397
2.019218752790154	1.816843804798224	0.9807691020656286	1.5730249135353782
0.7328344452833624	1.772909004754215	0.9687733525285767	1.548534693408408
0.9366255020877023	1.7394662470661668	1.0026464363948286	1.5267047784886194
1.360791749679199	1.7245223859585517	1.1058045808749402	1.5100945234150034
2.389392241291607	1.7504209486822542	1.106545995617393	1.4943762828322078
0.6935540375607832	1.7097820853569567	1.0272932770639196	1.4764159577115121
1.0129168103104567	1.6833250707890723	0.9655342997176601	1.457019941501895
0.9146587332263474	1.6545068128114213	0.9072995416684919	1.4364102483547132
0.8257876189433475	1.6238203674850582	0.9826409801439775	1.4196076563176057
0.6955265434079803	1.5898659098397885	1.0335045581329863	1.4054849792654838
1.3102223868386167	1.579760229628672	1.150147891057006	1.3962576728248894
0.7585533990461919	1.5504376288345139	1.0993024912651714	1.3856542681109714
0.6999034162151614	1.5204250188445054	0.941567266805782	1.3699837824828518
0.5418018323070886	1.4862939275170097	0.9370692478548595	1.3548850037405624
1.208887109636644	1.4767297836182016	0.922416780180392	1.3399750611004948
0.7892088309102285	1.4532960460834672	0.9803928222379386	1.327718762311843
0.7587573651504576	1.4298888321717884	1.0352394907678217	1.317861343138163
0.9223776326629551	1.4129747252321723	0.9369543407737415	1.3051665465568925
0.715550898405305	1.3899871261986596	0.9583428115376136	1.2937349584405156
1.132312986731387	1.3815863175947527	0.9153071713800751	1.2813972768960151
0.9553606750039021	1.3678395978810678	0.8791415249738059	1.2684236378736018
1.2481490971681084	1.3640204024016973	0.8753858576334619	1.255882197185541
0.6496827734442281	1.3414663004499663	1.0432596141850468	1.2491688164975598
0.7537932808175922	1.3231047889910093	1.1238874268463364	1.2452544595506563
0.8983399165489026	1.3099699721329867	0.9893844316334284	1.237342271467988
1.4876746263024057	1.3154088532514097	0.9553885530856481	1.2287124439021917
0.8822858062976469	1.3022860352334114	0.9203004960880097	1.2193681011711992
0.8221641735690908	1.2878845755871189	0.9340420343895046	1.2108095154559897
0.6848424806167785	1.2699754993786758	1.0181043728362709	1.2050866555372433
1.142986690208629	1.2662413958530192	0.8448866349377855	1.194494489231606
