-1.0	-1.0	-1.0	-1.0
-1.0	-1.0	-1.0	-1.0
-1.0	-1.0	-1.0	-1.0
-1.0	-1.0	-1.0	-1.0
-1.0	-1.0	-1.0	-1.0
-1.0	-1.0	-1.0	-1.0
-1.0	-1.0	-1.0	-1.0
-0.9533500678239102	-0.98612758633873	-0.6375992145321134	-0.8922319203337137
-0.34470325734156737	-0.8124589152288295	-0.1292189986073412	-0.685642565736285
-0.4495166524297701	-0.7222756299581835	0.42615888607807895	-0.40938399178805696
0.17679260483637438	-0.5158779166144383	1.3785268938236475	0.001063956986799175
4.070900819023045	0.46257401209632865	3.195129673389175	0.6824221486130906
-0.23034511655356804	0.3245370030604291	0.7267274018284302	0.6912481587202104
1.4475823846399956	0.5343730486300102	1.1207731804161858	0.7715029198848411
0.5733790920041091	0.5412347459388758	2.0572904823550204	0.9976999016838926
0.9690127786082934	0.6123318662031783	2.758288410338131	1.2903111357112445
2.4020311652076938	0.8942015005364377	3.5408626662815053	1.6447629396405894
2.3604465935918832	1.1136325931685191	4.1369968159395905	2.0177384756279695
7.161096722471061	1.975739897652287	5.6254384407336655	2.5320409566044546
4.582161009315586	2.33047381398513	4.245847805891234	2.765289995244513
3.688615724469172	2.5073075259388977	3.996627246654058	2.9256135081840813
2.273693445375311	2.4781547561460537	3.7181545119404777	3.0245185598971593
3.535276843942487	2.604815735748327	4.08588185702608	3.1516878424799035
1.7374724215214625	2.5048816883883336	3.8105993702679966	3.227608369241576
0.5433220864035937	2.287223042717991	3.279400100271846	3.23335625377595
2.060032043535061	2.262912669040165	3.710347433217332	3.2843996122649086
1.270109759657374	2.1603308905918994	4.207340354911101	3.379764554625175
4.807078434036121	2.424709857543858	4.2040594814853485	3.462101506822556
2.602456978340865	2.4418926565150847	3.6461813920913677	3.47989638806178
3.3187079885742348	2.5240120022221206	3.7135517838331564	3.5017796220289474
2.6314185905890666	2.5337670618323767	4.530546312609257	3.5952154647577705
2.8965298790878884	2.5657468532456713	3.84754091963267	3.6174595699684753
2.3821792156476103	2.5500264787915827	4.100701161870812	3.658845599197469
2.4651937467626883	2.5429629451147244	4.0520817775950855	3.69158865370058
3.5589262303460973	2.625274988736873	3.438169961657379	3.6710580666759913
2.0278837059792463	2.578147880597519	3.967122237724851	3.6944144349322494
4.054082345517116	2.691601190601223	3.1642755392922757	3.653664445861251
4.499781115053929	2.827122243641636	3.18114956818767	3.618250425527796
3.101706881556833	2.84720039863025	3.729606504630368	3.6263928500165115
2.2590175428952968	2.8052142056049245	4.203456527335038	3.6675861478562624
2.9242613611361516	2.813514767013022	4.291255941553554	3.711071532432136
3.0140167961258673	2.8271779030045896	4.42327380124775	3.7596030820122825
4.156306240404165	2.9157367624701194	4.607115655660657	3.8160723819278513
3.827793285127412	2.9751868643898782	4.039706679720676	3.830649870706618
3.5444031247878067	3.011500687918291	5.228827473488312	3.9198482697892096
6.226519276418939	3.212338164044553	4.9395620691758735	3.9835488187896706
4.377763941595545	3.283655981367872	4.738737998623438	4.029762496586563
3.752721834567759	3.31178754431141	4.806038539677067	4.076318112647546
15.774230941260281	4.044534616858964	4.745395654694009	4.115657694549693
2.9295019090751393	3.980235438703259	4.6952234611299	4.149080396711682
4.824169355702995	4.027984705676146	4.0306360644944235	4.1423790720073965
2.3268494391942927	3.933517933745203	3.6121388444196842	4.1129349078841635
2.75630942576774	3.8693333653651107	3.4872631202722495	4.078821919189994
3.5689788014369723	3.8532503574664414	3.2091741357657124	4.03225313801101
3.039112507059709	3.8104174478043733	3.1612350570588514	3.9864276878592735
3.348188189920122	3.7865175203189647	3.229203033584197	3.947275151262849
2.3583762194512503	3.7139265998267836	2.622631528338529	3.8799448701943433
5.489925982129205	3.8026942383086295	2.668716982623693	3.8194048645038876
2.10743878331073	3.7193500988810877	2.7764534570244224	3.7681300464469656
1.979622591334234	3.635198342293805	2.3297404582926493	3.698554185462334
1.770192006903403	3.5464180559759573	2.250133310959507	3.6296047163994
1.5376953422333988	3.452289569192425	2.274746756056259	3.5661161545109668
1.2925500559926344	3.352640863423205	1.9379190584252064	3.4909924044873284
2.62137578417683	3.31941161087771	2.194808466102006	3.432092995885726
2.6767007060958994	3.29064211422177	2.8143559641294917	3.404441390150043
3.254277684923637	3.289039235841594	2.504485480022269	3.364749990542096
2.9975710336071537	3.2763703014814913	2.6897128434362174	3.3354089777135307
3.0028699583080822	3.2646523178238196	2.728334078286113	3.30939898114496
2.6238572481275413	3.23758455396007	2.5402496957951555	3.2769092901753165
1.607708193199528	3.1696919103630625	2.429974501789134	3.2416304898906887
2.803001528858465	3.1546263605646434	2.016159918991984	3.19128201024955
1.3568127294715326	3.081761017610982	2.1284435796629806	3.148205190180266
2.7446552213392548	3.0682806835449705	2.1946346178599416	3.1100724997715012
1.6470138160971879	3.012192579483715	2.317699751996891	3.078803064243668
2.0216563605223175	2.973609645771972	2.2304260520903645	3.0457574328092596
2.2494448251522434	2.9457639942591105	2.2542559739971373	3.015322535332812
2.095576956474094	2.9134857578044566	1.9084257000848956	2.973298150575196
1.426015314154471	2.8577184632049066	2.082050618766235	2.9398839894846085
1.6168292264080133	2.811770030087944	1.9592918166736717	2.9035739810273835
1.263009916003429	2.755120973435562	2.105126269032199	2.8743693005100046
2.824438286498645	2.75762563006493	2.3893087086225635	2.856840640606974
2.1950659802701433	2.737537798408262	2.25363475020148	2.8353014576337605
1.664085885347672	2.699658817002228	2.5265726273214315	2.8244067991098394
2.408457927951218	2.6895021301469892	2.616524581537259	2.817155930574932
3.9720271946231467	2.7337175667548483	2.7552215416271673	2.815020346494007
1.3397764522599367	2.6862058836035945	2.4723127388616306	2.8033386393652395
1.9571841027703947	2.6616366112282255	2.6678891829069076	2.7987733450786503
1.7388458590556866	2.6308826993497707	2.619013405132733	2.7927821964476904
2.8694190486438576	2.6387447453516546	2.646825463544381	2.787971106020482
3.2531530084057074	2.6587747965978634	2.938777722465326	2.792886670374452
1.9968228219590332	2.637425144415531	2.6993964502872516	2.7898709836756788
6.109490780002815	2.748214551981449	2.8439806330058275	2.791597137463814
3.0335018335511554	2.757222000269004	2.7201229302660974	2.7893404756941065
2.4788028882469764	2.7485220879288823	2.8624739708583427	2.79162452360938
3.2717482959242403	2.764700993728759	2.442110762915481	2.7808163207838406
1.2400569924776326	2.7180363078671226	2.13417010523563	2.761024450425351
1.6761665680671398	2.686469867671652	2.155884645117601	2.742689981333522
1.7185228448146095	2.6574360817212197	2.287098763041327	2.7290242201097894
1.6573195539143608	2.6277344472832724	2.229321251017314	2.714183851807258
1.4147175503462366	2.59206338870798	2.3162304832379794	2.702481338984155
