-1.0	-1.0	-1.0	-1.0
-1.0	-1.0	-1.0	-1.0
-1.0	-1.0	-1.0	-1.0
-1.0	-1.0	-1.0	-1.0
-1.0	-1.0	-1.0	-1.0
-0.9790864025793854	-0.9922659758952351	-0.8286299515386115	-0.936625915715071
-0.9890900083020903	-0.9912188091007916	-0.8711659720038831	-0.9150427311284565
-1.0	-0.9938300958423543	-1.0	-0.9403067064081231
-0.9925785926129767	-0.9934912452501965	-0.9196116694717208	-0.9347034251431382
-0.9887587247903734	-0.9923153161714255	-0.9341702836904973	-0.9345709510878717
-0.9943463877787384	-0.9927815872944504	-0.9451050815710025	-0.9369892642758861
-0.7883348578281525	-0.9491689556433983	-0.25641541183261984	-0.7918090648775149
-0.4216024370322671	-0.8440719957185661	0.23540540448122482	-0.587176823918344
-0.27782216653319447	-0.7382706683570406	0.17470696393189122	-0.44482214643981965
0.6572169910743331	-0.4927745489911539	-0.03231580934551381	-0.3722534735785037
-0.19474893989630915	-0.4432424949794661	0.36113515220186465	-0.25036379424752686
-0.00879481544022298	-0.37481888803100394	0.5660720184688626	-0.12177874557596247
-0.13152095119237917	-0.3384081187879384	0.42270484478214154	-0.04029402965473561
-0.45181784359392807	-0.3545754067224156	0.41442771033758086	0.024529644844774712
-0.5168825274788194	-0.3766655345600749	0.4009653921717464	0.07576226482131965
-0.413604571102433	-0.381475063735783	0.3838300370939227	0.115873393688396
0.24750322782525136	-0.3029826195491444	0.6369737359285974	0.180903382286693
0.8520267197732592	-0.16459410011337117	0.6060095921728856	0.23183800765187002
0.5833066756747312	-0.07842117927962222	0.9500152710263026	0.31458627279440554
0.45673349943393915	-0.01903892247544403	0.6883380995743225	0.35605896148187144
0.24385315645229122	0.009092911433663753	0.36666531634003685	0.35719418815837667
-0.1753865096875925	-0.009968424105411988	0.40372825423615	0.36200266511700496
-0.05964708432724408	-0.014930922531880109	0.3786142029716666	0.3636617167176679
-0.44983381940064227	-0.05697393940271289	0.3285479791940864	0.3602672534588556
0.250691718596205	-0.028158820737933854	0.5399352760190739	0.37709461664667576
-0.34770060493531874	-0.057180558822322314	0.3118375851355595	0.3711678264061109
0.8416843265141638	0.022060080336306243	0.35630590739060364	0.3698579262406998
0.013107254628652143	0.02129342246955601	0.2312119473805443	0.35798424591769695
-0.3572780621835483	-0.01022834114234783	0.19144557974457288	0.34411754381558946
-0.23928939960407414	-0.028786389084043962	0.38497547524972053	0.34742774424321077
-0.04699901477005963	-0.030223036854996388	0.49029421397361306	0.35869845061735584
-0.3486813774923284	-0.0547023038022737	0.6239417360480204	0.3790872917173074
1.6138381871688035	0.07035296489654108	0.7811283879608037	0.40922001788170825
-0.005666653589694981	0.06479420342028264	0.6268566290010822	0.4251341660858603
0.5043334365364855	0.0961699287876896	0.7160341139726274	0.4458994953392106
-0.15356851523886195	0.07875698293194056	0.769490266054792	0.4684620209269281
0.7626124728231671	0.12535650312049773	0.7194347803649703	0.48556408650270844
0.23814420289744875	0.13287153864161194	0.5375294142692872	0.4890266111120003
0.2559445819261039	0.14089377985137252	0.6161435345980311	0.49731247202620166
0.6032982006191705	0.17039342670180724	0.6794151889113678	0.5089299373690439
0.1666699362883488	0.1701610217770897	0.7593510548502111	0.5245735877926689
0.02757111306097082	0.16143533213596095	0.6087028361114757	0.5297218340767065
-0.2171737305909518	0.1387297516413759	0.5647061821184451	0.5318201655896131
0.034750560014545684	0.1326164272481627	0.7425972807551064	0.5442135538909179
0.0237346582783724	0.12633772559697531	0.7398889319358706	0.5554976754946197
0.4249354386694837	0.14323243640143768	0.8704564285130869	0.573318173831348
0.8130287431007568	0.18042787594162712	0.8526805199064078	0.5888319960455424
0.18940099776343722	0.1809173065427745	1.1627553340221044	0.6201244126391361
0.7049847406571865	0.20898129330306503	1.0743397079450507	0.6444478417258455
0.6155269834274928	0.23036988293305827	0.9530542481770228	0.6606836776638865
0.3758883779802018	0.2378941062212805	1.1238027963639494	0.6846294528023438
1.1768541722500627	0.2856200471202519	1.2750218117679881	0.7146381152265016
0.4992030206855518	0.29629537536365724	1.4742521914601765	0.7526052239941767
2.3549500734892224	0.39750543200354316	1.4041264414664605	0.7846361290642192
1.1431217870521744	0.433571571370833	1.5320143803525847	0.8207875311503094
0.8722335334302003	0.45445311637854524	1.344581898744336	0.8457216080129453
1.5043207325293495	0.5036497057352036	1.1993962511724292	0.8622947360227176
0.8755780147810224	0.520810182555556	1.2353217112398074	0.8795059030765653
1.0730349437711757	0.5459036983488825	0.9916917328784551	0.8846038340835878
1.1932008972587074	0.5748786484939306	1.0076538829611716	0.8901121111490371
0.3999360581342928	0.5671628087601768	1.08263930044113	0.8986033439858092
0.5239498720547151	0.5652845559189246	1.1331632846313373	0.9087986880743686
1.311890078223629	0.5972731634142265	1.2697924638584115	0.9242657533060017
1.705871437924285	0.6441028291627426	1.2501358731750334	0.9380314889755603
1.4158866260242942	0.6762516726558789	1.2175136948390506	0.9496733428421258
1.306277708900835	0.7021363735875128	1.1303095877515954	0.9570948745826149
2.2572175851870053	0.7651640572308105	1.1785280758040342	0.9660697465911867
0.8389393644579459	0.7681147097773928	1.125040478978677	0.9724274066828567
1.140305237864843	0.78280327830286	0.9936687363328327	0.9732661530883311
0.5712783072954857	0.7745640929408264	0.9399487529273911	0.9719684184477462
0.6086952341000029	0.76818581252032	0.8435818683587051	0.9670313815177465
1.008053779341235	0.7772924128787673	0.8193298840786849	0.9614236519608137
0.5653226652082941	0.7693453711062894	0.9704382885007188	0.9617615931299857
0.6228545842698878	0.763921104319311	1.0270838629872348	0.9641804843512287
1.4419183002402662	0.7887204511796222	1.027561604914517	0.966498894506733
0.3679733083095358	0.7735159957777451	0.9244533695523853	0.9649794045190963
0.9358955307062944	0.7793135238075928	1.1228828015715093	0.9706170581159483
1.5808185093869502	0.8075954945963701	1.125558752630882	0.9760840766794647
2.286414375945325	0.8591709380783228	1.1152909239406235	0.9809388094695035
1.442862876357454	0.8792940035039873	1.1447234062129605	0.9865853020460333
1.1761217115672062	0.8894111274484018	1.1469582862331413	0.992051500938143
0.7408305655039409	0.8844034764035373	1.3081924688626172	1.0027053999942903
0.5340778973155254	0.8727281155044317	1.2684005131449134	1.0115599781076905
1.2187859602921294	0.884134315642823	1.1807577245107477	1.0171367514527208
1.242700221154701	0.895824599381694	1.1328293321991665	1.0209087494872504
1.2908413971044945	0.9085642761580015	1.1846839476904751	1.0261904334940244
1.1093643663256398	0.9149713544848801	1.1810707433825023	1.0311322480183995
1.1585841438273983	0.9226628463430644	1.094721279611143	1.0331398144047883
0.8283380566316496	0.9197156947509935	1.1540929287133048	1.0369188902700812
1.0655834202046566	0.9242263717094368	1.287911262555172	1.0446802831179602
0.5272621790737999	0.9120763000675209	1.1930991184841306	1.0492226193206706
1.5470760962858328	0.9313151365835439	1.2386580274308145	1.0549618494376367
1.3722068698348666	0.9445395373185488	1.1956839294048045	1.059182688304483
1.0527263522013355	0.9477524132489972	1.2436365790307824	1.0646605406414613
1.068777664257313	0.9513111548113642	1.2539670044578997	1.0702272021993546
