-1.0	-1.0	-1.0	-1.0
-0.8046258675947118	-0.862806378392502	1.161812837521111	0.5180460625250884
2.1032379547729794	0.8487832739513974	1.2252059026517736	0.9261206110142901
-0.300956644096143	0.28860074238723965	3.7299532895390604	2.292218992503332
0.6964388993924375	0.4601833362469947	1.7198732688882048	2.0514259259198484
0.04901857883149474	0.30813095897685905	1.2749744862074577	1.7642872565069592
0.042482532829510644	0.2205424886126257	0.4659708094972488	1.3362116398187487
-0.5155367124581082	0.0016525484827421	-0.4289692926825036	0.8112948947020167
-0.6700069935649049	-0.18020252579334983	0.3720800242333182	0.6923751564342762
-0.6197307516081854	-0.2894157584075898	-0.3757831905834307	0.42696094274121377
-0.6193454636120432	-0.36515736822854006	0.5615907288671822	0.45786738357033463
0.1801621959836297	-0.24882969586972048	-0.20677453050412664	0.31608578905305196
-0.8162215777836702	-0.36186029942118036	-0.3198039175609506	0.1894096479071421
-0.8355682835120446	-0.45037057978514206	-0.4102929575771961	0.07735788092981855
-0.7410894466782451	-0.501514267562465	-0.2544603899505655	0.01898390250048898
-0.5456047640957916	-0.5088422250500799	0.41720681507019997	0.08516854836153098
-0.6587996034665637	-0.532459885251064	0.3049983940257093	0.11979057220923961
-0.2000166493798995	-0.4827080722817787	0.1275651660694701	0.12095411689901892
-0.7047417342676474	-0.5143604049839341	0.12370946292509366	0.12134708054921428
1.588163014615981	-0.22820670388201048	0.7056447262072107	0.2008700806761805
1.2115635305727523	-0.04074534439821398	1.2366851763735984	0.33573560148210446
0.44763069217279217	0.020201117654913947	0.8245454077540404	0.39673627440991255
1.8587595097751697	0.2404896289266909	0.7725168399085944	0.4417608976483043
0.501804529324426	0.2705983403477812	0.9753973296029013	0.5032463720803455
0.8994840346476647	0.3403812899275591	0.887192159306539	0.5458502452492908
-0.062991997041429	0.2972171040494018	1.0224121979403744	0.5968463623954354
0.6992315423465305	0.33875588011878044	0.987470081223393	0.637208224148542
-0.3561224210662324	0.26934546306400664	0.6128309392553053	0.6347730783034256
-0.04521771372017913	0.23893594058938428	1.0441541168145423	0.6743488818373948
0.4631105415153256	0.25993149487404654	1.0013085151957295	0.7049709759418021
0.590660334912452	0.2899692675861383	1.2793699805409724	0.7571396051660366
0.6432761632943456	0.32111581193998084	1.5591207310445032	0.8278396944911612
-0.0054381716728846285	0.29314947161167537	1.1260287637051634	0.853376947066496
0.7827878105178714	0.33391944848109456	1.4101668752600744	0.8997383549306157
1.537143984406237	0.4314028264991181	1.5937090262235016	0.9559630919006643
2.489543290715459	0.593766959311653	1.2051211597991127	0.9756191329582518
0.441266616515247	0.582044588027425	1.334325951744976	1.0031923340501878
2.1746733309916007	0.7014106867636998	1.3077221504970349	1.0260169690782828
0.3794696535014592	0.6778694361126782	1.5725319056341291	1.0659794320162876
0.5045371756608774	0.665496576233578	1.489138948158311	1.0961863299311676
1.3586115111167807	0.7138241385743627	1.2104827223994903	1.1041557498012429
0.5570711039112566	0.7031426710682132	0.9931647557383085	1.0965925886745351
0.5510566020211605	0.6930096542096265	1.1358652365636877	1.0992097408408594
1.2923164582728077	0.7320738197088577	1.1802943848906708	1.104495212871769
1.4646117812155661	0.77880702198209	0.8523303631110364	1.0884081069731022
0.2679601992463554	0.7468955015339704	0.9138856493629592	1.0775062466965206
0.3422740066260428	0.7221350936025279	1.01758648479044	1.0738397092081597
0.2727947500934196	0.6951875872670314	0.9587241523069792	1.0669361661753824
0.5334284662922388	0.6856770548815789	0.9648456116714859	1.0609340170747812
0.6396390598124222	0.6830224505039744	0.9743675072633606	1.0559423262039145
1.1033771807334838	0.7068060428235503	0.9608701640610058	1.0505634722923793
1.37216145365566	0.7437551986404625	1.062070142939079	1.0512029527492373
0.006260839461294854	0.7035449069392696	0.807392901846036	1.0379099988708136
0.38663234450009254	0.6865743104524669	0.8392272353990853	1.0272706479227405
0.4969359621054945	0.6765969640761631	0.8855350539606168	1.019813456427543
0.2772481167182539	0.6559487485924607	0.5989886282683967	0.9980548244220555
0.8666327473896984	0.6666575145495646	1.007025910373324	0.998510768122902
0.3695519085554657	0.6518074757214907	0.9107923079537532	0.9941263063038206
0.1749730141187582	0.6283648016800469	0.8782882864643828	0.9884313659419555
0.6008526899929874	0.6270339863420615	1.0164862445361607	0.989788350714291
0.43350006287925646	0.6178210249003142	0.769078007368408	0.9792816753723064
0.6145398922654768	0.6176673808414184	0.8824516540823324	0.9747443676194016
-0.10384658712519224	0.5843773980512015	0.9399664034234039	0.9731399830455709
0.9553739336440412	0.6012356469957689	1.0162593809907823	0.9750993384556308
0.9725785045243935	0.6178580286528881	0.955171818946362	0.9742074505799359
0.8933801939602102	0.6300102036436135	1.3616601997657685	0.9912963729650393
2.5360590986089773	0.7128580227984775	1.2407471678782458	1.0021389923107815
0.6659971703162337	0.7108504894306806	1.3375223684457493	1.0165088032975391
2.2355007261073174	0.7752551508266623	1.3878535649875978	1.0321955803764733
0.7242029824798366	0.7731284545539887	1.4344292537625978	1.0489506244606623
0.7252937578561689	0.77116330702218	1.3884022455347025	1.0628971727165468
1.6986063558504991	0.8087532918775115	1.2993451247030086	1.0724810352174932
0.5539529832633523	0.7985640128071045	1.2116844628087433	1.0780479328890937
0.5026484648235388	0.786886332060649	1.2322583373173286	1.0841340603848666
0.5376396978496045	0.7771782149141606	1.0186154085174248	1.0815825433129822
0.47846596405732766	0.7656921659504292	1.2443948455258411	1.0878432166694272
1.2853918829571058	0.7854227010484114	1.4464425557214389	1.1014574478808874
0.787361094242973	0.7854954376410286	1.427050637421766	1.113664442092185
1.4261865667131373	0.8092194296600592	1.3445545945307114	1.122214079673122
1.337632819393043	0.8285470199352587	1.3675914670488138	1.131189011430895
0.7653153206711207	0.8262615691628075	1.3057105507340632	1.1374950148463698
1.2181200891675346	0.8402530478155315	1.4021942449121658	1.146946036480708
1.0930905714783563	0.8491746512736729	1.4083262317381435	1.1561690553987756
0.41734846229717903	0.8341137224509476	1.322695961598272	1.1619763042022653
0.5553963115201508	0.8245044453273318	1.2837838296263575	1.1661752466450723
1.0434989398060441	0.8319685653524793	1.092978980488045	1.1636803310624053
0.8342504816475786	0.8320450989921424	1.1517545956908029	1.1632779864502933
0.3207770950101041	0.8150060472866918	1.0611219915328656	1.1598732613560783
1.3730809592956774	0.8334005051290632	1.2151322073419708	1.16169456930644
0.7175720773140057	0.8296237295930364	1.1344634446650894	1.1608061717214735
1.122115936057316	0.8390570065372336	1.2627484503202702	1.1640938129875718
0.8054058832596502	0.8379832628553168	1.0350894219514575	1.1599774440183919
0.6325611539333102	0.8314972187017815	0.983913527961094	1.1544182881231455
0.6868489234634549	0.8269775678517461	1.147646742756737	1.154206461477676
0.8649245868197963	0.8281509716975486	1.0847482542886349	1.1520586380285875
0.2888655322730367	0.811644903221832	1.028444287555402	1.148274874597338
1.1355721969715509	0.8214589320017036	1.062527691159021	1.1456766581468578
0.5490776787395328	0.8132889102499707	1.1616475731788811	1.146155757373398
1.7611087721307648	0.8414368724260208	1.3957805150218703	1.1535687558709453
1.3044053461158858	0.8550511672591856	1.3333130173899042	1.1588542908058432
