-0.5557161336212273	-0.6120930485280209	3.8646027330384385	3.2473142940698896
-1.0	-0.8844851007008953	-1.0	0.26480868958228165
7.251248144196342	3.810332795227847	2.7080028142086747	1.6746817791353474
0.40816035141419116	2.1527080255372386	2.940911150775753	2.2916212169211865
11.580316201389493	6.119020816373829	9.95305576244115	5.5148826426383675
22.676193792562675	12.242003647390527	12.268273431770327	8.012343495674472
4.664265546609318	9.743501477715593	8.364229071566797	8.128364741790271
3.312807066696373	7.831188074931916	4.709269031949477	7.111618603604027
4.4993166271284295	6.929067992277665	7.383406128111133	7.1852063537376285
2.2143720354023864	5.757567943051895	6.48924410456456	7.012274861154216
44.20159541367105	14.583107540517167	9.235231199908268	7.522594877563543
15.024460855213164	14.677256352846559	8.105750904940113	7.646993417526851
10.243509782565933	13.79400596443577	8.44545025389742	7.806054496414948
20.388429210286642	15.026148980171559	7.407259122479198	7.731542583557085
9.265174612852286	14.012669592062316	7.4096893053954584	7.674921184613053
3.035063868649206	12.18818394442067	5.831714367009647	7.36857871563074
12.50870482334464	12.238664882862397	7.885865845518042	7.45004933430401
9.3241216810954	11.802489192006334	6.247317681226512	7.270054703337209
12.158434825417494	11.853232143959772	6.459840270076248	7.154553539698858
6.23172190452437	11.088143230928408	5.640974294619743	6.948554525836942
13.676494543028408	11.42515373003458	4.938561344299477	6.6868496411923
11.28720281651698	11.407939431762603	5.829465033062204	6.579854210348597
8.97345273160346	11.116250469593963	6.675354103110201	6.591297200743374
9.26292573312425	10.902713086384217	5.602598978864729	6.477380988393885
4.554101343100769	10.198257788567354	4.847824565564549	6.296562542938483
3.379423325325007	9.46858760079096	4.480455763067263	6.1022252122752905
1.6109325716148013	8.656688543638118	3.2233627942084047	5.8047650359036815
2.729535053202105	8.064634234481785	3.8658968929983377	5.611094716944836
7.144131038992571	7.975647171272765	3.264482603165723	5.384242469138472
1.4913175155567915	7.368347757666333	3.4712498043429223	5.205078550825283
2.4973907385330416	6.925952360467756	3.5278050358429907	5.052743239807768
5.885234068570298	6.834207865674062	3.4493699164520173	4.911397007771034
3.3861305136877435	6.538911490595508	3.0034996871581576	4.748003022703883
1.5272775185963319	6.121616765141387	2.8520856617224193	4.590139584034119
1.4628618383101566	5.744174473053536	2.656440873029223	4.433475529976735
0.8290487490974947	5.3564278292869085	2.2346268846720716	4.260012061031556
2.5218526783235404	5.138539576391273	2.268768604638701	4.106949127685769
0.8833538431372816	4.819619570456031	2.070203248359468	3.9542984027598154
0.9244118534836452	4.534791921195525	2.2924133590548044	3.8327772870243715
2.0616942827211733	4.35825380550948	2.6083208700327196	3.7453714866878816
3.783382188337818	4.318171451059219	2.6701190436203204	3.6703999326799686
5.433778850028466	4.394190949671911	2.7158266507580255	3.6053534503817213
1.4865423908361777	4.200457584305188	2.7109713716028296	3.545762276068393
1.2033987848575465	4.005103989314751	2.424227459919358	3.472658957514552
1.2939166269497915	3.832140752990166	2.1310661933235324	3.3870707152053177
1.2261202198449217	3.6693473815344637	2.162658799517877	3.3105839659616967
1.0420096936740153	3.5085695496314253	2.50466031840307	3.26126666708762
1.5855952511023959	3.393246451169147	2.347006948496584	3.2064377033797378
1.9765462283739526	3.3099500546880893	2.3351315529046652	3.155208544458201
1.0367592409234732	3.17886345724531	2.2945222399044884	3.1055762750283264
1.4155750844693298	3.0790984646173962	2.2935226668772333	3.0596315082036947
3.148246798842078	3.0829389071125073	2.2943833831565357	3.0171360522050747
4.458492818884829	3.1579384880663115	2.0358773889888355	2.96363486940981
2.026547928845132	3.097353304157221	1.9293698745675014	2.9082507389516437
1.7146939845062268	3.024609594877707	1.9255548960693147	2.856549546692614
0.8271004768207082	2.910987989904279	1.7077105591622193	2.797148914084832
2.200054458839679	2.874852544614948	1.7707973937657329	2.74498110283815
1.3385561597943672	2.7980651994650922	1.8683525885480816	2.701165331395115
1.1225826241222903	2.7156930716882908	1.8279637129658415	2.6582358319390345
1.6298282569086604	2.6631686536844925	1.7070109237394493	2.6122240162416333
1.4728484046788743	2.6065058803302437	1.7473351501503234	2.571052860962472
0.8708378208578904	2.5251728126964923	1.880845157735549	2.538709842770492
2.4008322963289976	2.519435832297394	1.7879892385242484	2.504072171453173
1.7297823276074293	2.4835535468111147	1.9122151965100174	2.477177850805691
2.1448967962680605	2.4683949226339394	1.8882779124156008	2.4508176552044407
1.6058840765472575	2.4303544907250343	1.973640424196427	2.429772242689232
2.9273528107435336	2.451957156496582	2.007300635131072	2.41140945568779
3.7608834931486728	2.5080376874629744	1.8956645896318833	2.3893121069531684
2.18332968032022	2.494321992318361	1.8724266247672592	2.3674784338772756
1.1424471080542	2.438009501601169	1.742962760145697	2.3414644413827124
1.4354949500611762	2.3968212704343768	1.8511760379232065	2.321321006786891
1.406216771697427	2.356672052478298	1.7380881613990593	2.2976825446162064
1.2559163992688465	2.3126536330689103	1.578968349049676	2.268941958080603
1.0232818911936645	2.26177040014143	1.526785400901332	2.239653978461528
1.0483241146122424	2.2145051232529487	1.5107209445867023	2.211261253838132
0.9716742826191151	2.166715563208529	1.5476659340600443	2.1857446394795668
1.2336793921723408	2.131292137844438	1.4880999488647149	2.159258008855673
0.6024701474603895	2.0739744915830434	1.542650949808165	2.136140390645378
1.0535672050830396	2.036190013157263	1.5900480560839854	2.1159190620017494
0.9013835160301009	1.9946822174835743	1.4622300519776914	2.0920092429085786
0.9141450435264085	1.9556349046882486	1.2914410453977565	2.0630789931392175
1.2934984355606947	1.9319915928555176	1.3190039481154	2.0365099290750903
0.6614718189424857	1.887159142900713	1.3297354087058273	2.011570092430653
0.7533208405742307	1.847614590289116	1.4214451875296148	1.9909881955255133
0.485467537803445	1.8006534320203764	1.3446963958110971	1.9687064906214173
1.2814829979357976	1.7829574663916419	1.2600814851108928	1.9445531582976114
1.6004849533834098	1.776807789244439	1.204207466188997	1.9196025320860244
0.92791955500012	1.7485169546625245	1.3176045571725514	1.899539739950447
0.7581002989253809	1.7158718784935973	1.293385237715965	1.8795601212517323
0.9187281978488273	1.6898826259277717	1.397390213582883	1.8638397104310713
1.2073762126377372	1.6743207647324923	1.3123138917755761	1.8460518306982903
1.3241258907975877	1.6631460902433575	1.4560783159405992	1.8336078418034218
1.57291296414612	1.6602969048589773	1.5077114397028764	1.8233180137073473
0.7244385604371242	1.6310562171869387	1.4497841587386042	1.8116466838892857
0.7593550629133801	1.604101031342973	1.3861385800643466	1.7984888168203081
1.3513902714234964	1.5963662494647015	1.3838566574177529	1.7857981164339338
0.7154803820256894	1.5696771954189672	1.2082359151914006	1.7682990849726967
0.8998508676592836	1.5495854799505584	1.2501367271655779	1.7527564631990176
0.8088998352336314	1.5275885697620146	1.3711803980299986	1.7414243984795683
1.0933742379190123	1.514819583673996	1.3174057349798272	1.7289552281865825
