-1.0	-1.0	-1.0	-1.0
-1.0	-1.0	-1.0	-1.0
3.269703219072789	1.4638809058447029	1.714768031502195	0.5665878337249926
0.7246759062409371	1.1037216346153893	1.4731045018875792	1.008266067343306
1.428905105174183	1.2405304248116074	3.608702471143774	2.1023023063323043
0.6331931707806779	1.0159316760722632	0.9824901900107412	1.6881859094194551
-0.46446683477183004	0.5278205297648664	0.19233100445424078	1.194978463519723
0.6482993283845135	0.5636475411278847	0.9351712828699874	1.1177187765835455
-0.26231064005849936	0.34001535723781706	1.2319301827955353	1.148641845680534
1.454718870325129	0.6169949786440048	1.0815691217279926	1.1319756216334476
0.02515394184028863	0.4811267305125475	1.328518364124629	1.1770954907017934
1.983886529023072	0.8016959132475334	1.4372731909238614	1.2325967404408784
5.677784569111196	1.77306529024237	1.0592430550681007	1.198062765310874
-0.4468484928409162	1.3582839886461682	0.9451719404829988	1.1508114647125103
0.44559390416679	1.1977222778110916	1.145637297695289	1.1499012473343928
0.9667643921606526	1.1593367023022698	1.1406694180249692	1.1483666731255737
1.3937246021223437	1.196251659851173	0.7202073824830062	1.0809334559788915
-0.46804740994380944	0.9471809555402306	0.47389934369267883	0.9900876133137109
0.13303287488059778	0.8311187613725073	0.2824877710559752	0.8892145853044384
0.13330333150651708	0.7361460011250764	0.45396208991027964	0.8299766655124012
-0.2496252580670999	0.6077965251162161	0.710030186679522	0.8143595823993994
0.8243642695159918	0.6348229853349334	0.5947182622497205	0.7869499574966055
-0.07424543861713762	0.5498654527882598	0.4924199637091675	0.751660641531448
-0.02503141352567262	0.4836263705151478	0.5319373584897986	0.7263445093904437
-0.2071507503487755	0.4069763932213537	0.7591282395309158	0.7299826635025561
0.04663896174876703	0.3684175282887674	0.6369186308070909	0.7200243340793713
0.2722079060990734	0.3584766002863238	0.8092798617220547	0.7292467790064181
0.9734988003317544	0.4199098349604433	1.1471751309142628	0.7709925643901112
0.7343064463754554	0.45030309294040394	1.5518836235276066	0.8464828105264164
1.167691812859474	0.5174911332157288	1.0859229689398355	0.8689078684949318
1.4630768339645153	0.6033724301857504	1.249544708079076	0.9034787511965487
0.5975594599607967	0.602860228805858	1.2672761676747464	0.9355500036857607
0.7043980408392498	0.6115563520088154	1.0590206706167793	0.9461245457258625
0.6040266722856766	0.6109294480585847	1.4079421737586357	0.9845780111862588
1.5513640974172507	0.6871215654645928	1.7014946738945556	1.0426611872374854
1.5116236560532341	0.7521657571334139	1.4713374632924885	1.0764792693207217
0.9134335511738783	0.7645625288739193	1.2057175576343369	1.0864140561377496
0.13734717233681737	0.7175539036991936	1.414312919184571	1.1109902915783652
3.929100461097838	0.9523911371889002	1.6567613061658801	1.1508987803449395
1.9435704585639493	1.023144857421535	1.4861883442903414	1.1748328467170834
1.1712199202953584	1.033469333261666	1.5307007738455134	1.1996456744833028
2.2269467405976315	1.1147950641334288	1.475154733909279	1.218419325482004
1.3606103493742658	1.1311737755442262	1.5464859353500242	1.2402783843977092
0.7514725081065139	1.106424318183945	1.3993604819840306	1.2506478914863286
2.157735182361464	1.1734938659578527	1.5687606055489116	1.2709422037787452
1.7965726888532134	1.2124168027274425	1.5035911052816826	1.2854756519307546
4.01008187053663	1.3836185987544027	1.7051318520345426	1.3111565090953126
1.0049376939853616	1.360908809377242	1.6925361475425627	1.3340286964492032
1.8871237515726955	1.3918488531153796	1.49328743074705	1.3433929795582547
1.2476855535003586	1.3835355308537327	1.5033384378909074	1.3526165432403796
5.96947605513524	1.6430048891253226	1.2865186322931432	1.3488769845841087
0.5935668241094856	1.5847275449476452	1.1880487480048578	1.3399460837736212
0.7828503709362247	1.5410068916673585	0.8894712431129761	1.3153849819039771
0.6098893218137089	1.4911459349775638	0.9359921333420245	1.2950690181590665
0.5124043498803765	1.4396532022797657	0.8668792487984289	1.2725414629961898
0.8236547970865558	1.4078032459642076	0.9560494404614681	1.2561773697810756
0.7877072999160077	1.376284490127134	0.9361314078539278	1.2399097818003821
1.1293734835402893	1.3639434139817497	0.9229753436897317	1.2240687827737124
0.3655742838285967	1.3148605232614914	0.9587296103124736	1.2110239985769495
1.3288482115867115	1.3155366435056326	0.9129294611889271	1.1966045922402584
1.0403950318123334	1.3024387348491082	1.1479074127017102	1.1942861542634189
1.4010300832449794	1.3070585684952625	1.1644736559670026	1.1928890233705114
1.4640123315467983	1.314300235281225	1.208161110595015	1.1935936134670166
2.409300186299534	1.3640576904026802	0.93928907771393	1.1820379717151672
0.8643833226602038	1.341691120648505	0.8739960754466445	1.1682493650092924
0.729233200582575	1.314679071946121	0.8573979406641228	1.1545395603026978
0.7131426921367752	1.2885330563367794	0.9148384058679944	1.1441209779134964
1.7431400982700511	1.3080111301689166	0.8796725628442941	1.1327909811986272
0.5790358386430545	1.277218156695283	0.8503715719751639	1.1208613788956128
0.5971326275705477	1.2488892396103997	0.9427514449857546	1.1134424940809922
0.9505611052140757	1.2366323838451825	1.0051422203017029	1.108992923530265
0.9267118806311982	1.2240714486750677	1.0622943814474262	1.107100376691411
0.7786810013304724	1.2062604782436117	0.9754106170425243	1.1018342378255994
1.4319216147070715	1.2151660806629723	0.8843282415864109	1.093250748583622
0.4802074585456271	1.1865384642270778	0.8623106947357069	1.0842554179074675
1.6500164413116245	1.2043598930027057	0.9079149707738996	1.0774744776916
0.6045965749543585	1.1815894321039178	0.7992107971671423	1.06690997068567
0.8819210623571054	1.1703544471501708	0.8092113704946422	1.0572484876429988
0.7926041965030741	1.1563669961457128	0.7329138255154182	1.045238936820284
0.30435244663973493	1.1252026862578313	0.6165400478589538	1.0295583067478224
0.7216707787189443	1.1106200348343362	0.538269476733733	1.0118044564673037
0.4339349861958226	1.0864577961923838	0.46905333632005486	0.9924245337883753
0.3262692877400779	1.0596331967396586	0.48156229565588915	0.974397798783696
0.1058124631045736	1.0263672997748445	0.48049593332513885	0.9571722146403783
0.4917023667572189	1.00793426853327	0.589605488902839	0.9444999988005796
0.8558263301265794	1.0027493396044775	0.556827014428136	0.9312861453620191
0.23375739214531843	0.9768331097528349	0.6035321581742898	0.9202400509595947
0.43103571552386044	0.9586432222114862	0.6334077324002181	0.9106806127324851
0.5588592405207318	0.9454659087114083	0.6027174786114857	0.9005297719156349
0.8073037695892558	0.940961287325313	0.6353227764729772	0.8918831878750915
0.929242401384468	0.9405831071682431	0.5126515833460727	0.8796520226162565
0.6464564141319065	0.9311977752988507	0.5332411525341929	0.8685983565725266
0.08519094539103111	0.9044865407075839	0.4890727637841761	0.856615409542965
0.4647795365035756	0.8907480762976647	0.38107125372814354	0.8417572385504057
0.528290324887392	0.8795399615531379	0.3443042035801218	0.8263747536263406
0.09336193466254583	0.8554772952427754	0.36419787159353656	0.8122287269074415
0.11855314333189937	0.833149997807241	0.3558361858798742	0.798400915703394
0.07918052115969032	0.810534638946695	0.2891225257840342	0.78312503399061
0.092277170374792	0.7892037156639293	0.2667442661192283	0.7677894365091908
0.17488627797419753	0.7711384519109425	0.3016622910399249	0.7540819885434484
