-1.0	-1.0	-1.0	-1.0
-1.0	-1.0	-1.0	-1.0
-1.0	-1.0	-1.0	-1.0
1.0795372066738076	0.013203458624823305	1.9215994824110525	0.42347763280952866
0.031466799147877866	0.02088716932651602	1.940021430989482	1.0615068835472594
0.3541184333762535	0.14411890701977415	2.5130176391521166	1.5982879033063062
1.5804056446779389	0.6176857511805864	0.8487325008354907	1.3511475768979824
-0.7160425203275038	0.22107130966236288	0.6460008970902076	1.1414560675478502
-0.5696728919039236	0.006973548162911403	0.9775153601360771	1.0970683356178763
1.545837289909349	0.38934802829070514	1.2941215383196272	1.1460318769910578
0.5522834649097315	0.4267525991494052	0.12532471622465158	0.9117092633479564
0.14320486871045013	0.366266232436129	1.2864783127994692	0.9916552961528458
0.18763915853427515	0.3306818379000802	0.7155865282002614	0.9366594849777918
-0.5555130426538799	0.16510016003700323	0.6290100242011658	0.8791766406501791
-0.42174021245356397	0.0618623427409446	0.9837150260301528	0.8975670821569461
-0.22313449252002326	0.01449563259153841	0.4772042534169332	0.8277024132927453
-0.5124464624914153	-0.06849539369470359	0.3619829553701752	0.7543536398348576
-0.2557724805102325	-0.09652234671084947	0.6976582987775495	0.7458688900344119
0.10560885655053975	-0.06770713874396084	0.37139521711031076	0.6924852459934148
-0.3053447365855382	-0.10004979246032175	0.24095482095165188	0.631031636766654
-0.4885896565436497	-0.15063849136865026	0.2894528799680207	0.5865574356566854
-0.08128883443669543	-0.14198403707784957	0.4423756085790389	0.5685645859271062
0.22757862726573608	-0.09770448732777193	0.37627163177774836	0.5455250240113696
-0.7256880282506981	-0.17006029642655718	0.01798592238792973	0.48474245380751624
-0.6642431871654388	-0.2248958757871915	0.12311548680038031	0.44461568348535074
-0.352314452916629	-0.23853066144791601	0.42203123301524514	0.4421990543073131
-0.4337662884589213	-0.25870350221326444	0.5767620463266474	0.4561030884749515
-0.20172193347794098	-0.25301177813571885	0.7433751838843938	0.484798096685936
-0.0495528595413951	-0.23334294421011026	0.4388157341617749	0.48035288161311174
0.7176689202995563	-0.14427453058506534	0.650516850348027	0.4962898224548724
0.02864324214549807	-0.1285696961418914	0.862923005600065	0.5295884131778794
0.1787017701571525	-0.10148188846759676	1.2440632005864742	0.5925736146766427
-0.14394123228782252	-0.10511812039596591	0.5542141839908192	0.5892885227309002
0.19052753648462462	-0.0805010667087922	0.6783814205546512	0.5967069134904424
0.06195442939353124	-0.06895960342059737	0.5851888618567438	0.595773781877466
0.1812961476829591	-0.04921726254550385	0.8576484391178274	0.616432744635953
0.49280943846174274	-0.007552652494831724	1.3218314022064117	0.6706554674072875
0.4478682085639163	0.02658058647774042	1.2531125668878573	0.7143099359043801
1.8303923977658605	0.15848010271547364	1.2742919649480902	0.755257341193825
0.3681252020561643	0.17344544293336894	1.317926429618542	0.7954228525378433
2.8674601753077713	0.3612860071940902	1.7443468726539235	0.8615868331854073
0.8384051443714176	0.393797985300113	1.484679786073885	0.9040458057054852
1.1561552928235659	0.4445931914483181	1.1511562233412946	0.9205106137480772
0.5767697600806547	0.4532088771099705	1.2513545159660562	0.9420758782783596
0.7503723129961193	0.4721669965735331	1.3551721845536173	0.968430150767315
0.6546567775809837	0.48356693854463795	1.0756947662426124	0.9751309460205764
-0.2198291589861504	0.4405231302330692	0.6654090070085148	0.956177840229153
0.41524625888002475	0.43900736444452826	0.8320036107685818	0.9487310976643635
1.763774284148023	0.5168989487406386	0.8926336519345963	0.9454328474243772
-0.32715642222362695	0.46822533770921826	0.6664110318014127	0.9293428481291377
0.13839496120535766	0.44956388120464696	0.6473183313704751	0.9133862407293805
-0.26265587382114297	0.41001288248204903	0.4553303013929104	0.8879495623055518
0.07490455752121283	0.39174188780058605	0.5942080902143299	0.8719340872890933
-0.15768569878708816	0.36232011748344517	0.5111516799739042	0.8526143740877927
-0.0677483851093903	0.3396936957918215	0.47656658877224234	0.8328300372800541
0.1616890119870913	0.3304900300785676	0.695711594415567	0.8257403781761903
0.13161555350262844	0.3203814599560404	0.5380279182211956	0.8111162736327961
0.05774880975874863	0.3072545416090875	0.7909287670155811	0.8101072792229858
0.8757563083558821	0.33520386337919694	0.9376493494285343	0.8163776289197573
0.3431735474477775	0.33558927892920787	0.9067318456839786	0.8207480006405798
-0.06311780519573706	0.31660967866191725	0.8728311415295544	0.8232276122533759
0.8372588360425426	0.3410075523802911	1.03863101399411	0.8333217717639543
0.0736261952213002	0.3286709521712745	1.0193213584550125	0.8419039653330105
1.0077876749006052	0.359530746447807	1.2762318673712163	0.8616404935008661
1.5182790274993914	0.41139980717364044	1.4054039581395523	0.88598122929221
1.2240482797272363	0.4472418186114375	1.4078062754832237	0.9089966311248234
0.4874060479946407	0.448987782219604	1.5694000090627434	0.937701853569133
1.5898583029124738	0.49786884149532473	1.6188905565850003	0.9668878484701742
0.9160674351525373	0.5155345968161857	1.6181818601008953	0.9944000819686107
2.3386459385154024	0.5914775758935467	1.6344589636831808	1.0210624599947478
1.127533330601422	0.6135018035493345	1.6050524258195513	1.0450561523160569
1.4938418295859233	0.6491826135018588	1.6556937552832776	1.0698059728130307
1.2996698809323637	0.6751958890906749	1.6695160815131032	1.0937887508226405
1.5123215078616559	0.708232571238639	1.5795321271891454	1.1129585709898442
1.019024676056031	0.720338739888803	1.503815618485846	1.128183473088074
1.550380186131696	0.7522556251461576	1.6273877451807564	1.1473789175519995
0.8533225394036226	0.7560926212396286	1.5550657990412167	1.162856923895597
0.8977457955512249	0.7614031936150558	1.5702630281327483	1.1781308491803202
1.875114213366726	0.802642162414053	1.8033393662144204	1.2012812652084155
1.883832697470461	0.8421890313082154	1.6834972080663637	1.2189193418839706
1.1056733782446826	0.8517098723762915	1.5260180335375955	1.2300161396489258
1.752537688850143	0.8838745718650372	1.6229306646531914	1.2440450398223444
0.9427958949015725	0.8859532117372628	1.5412372589965493	1.2545312998219202
0.798773770671765	0.8829126694391574	1.6673357323765554	1.2689283909103706
1.0096842592570603	0.8872830883371612	1.5420719240408034	1.2783450493319282
0.7020667936479301	0.8809700397121607	1.6490878687103057	1.2909812431766787
3.1287181195300553	0.9567215032593861	1.8810891180922789	1.3108683900888587
1.7781975763865532	0.9840987353163992	1.8372953497517814	1.3284125794924533
1.1751696880228888	0.9903966463328715	1.831971974568726	1.3450103461185918
1.3357821882581553	1.0016569647794973	1.94274311105979	1.3644977863248338
1.937181145261563	1.0318296925894406	1.6739074904597198	1.374477032922936
1.307159469483412	1.0406151366776641	1.8604557993631357	1.3899840654000344
1.6332260068669067	1.0593259093611733	1.867838228006495	1.4050716115730904
1.177912543364482	1.0630311985448055	1.8425436487614117	1.4187403254882676
1.5018993702986645	1.0766020676509522	1.7620773310788307	1.4293571443401891
2.7979704524404023	1.1292878318492745	1.8556891240559001	1.4424058267937254
2.593298676423011	1.1736442692837312	2.2288729667044587	1.4662341427377714
1.6012640364663357	1.1864708317909574	1.8946307618835285	1.4790840218856527
0.9816750401148608	1.1803889105702812	1.8578365046969423	1.490332383810009
1.50535673577287	1.1899452185115513	1.8086419116768568	1.4996928914185048
