-1.0	-1.0	-1.0	-1.0
-1.0	-1.0	-1.0	-1.0
-1.0	-1.0	-1.0	-1.0
-1.0	-1.0	-1.0	-1.0
-1.0	-1.0	-1.0	-1.0
-1.0	-1.0	-1.0	-1.0
-1.0	-1.0	-1.0	-1.0
-1.0	-1.0	-1.0	-1.0
-1.0	-1.0	-1.0	-1.0
-0.44011990205032914	-0.8608819044526057	0.5033430413240265	-0.6264517677457673
-0.8854466950513772	-0.8665212265128025	-0.21648330605586863	-0.5323359557509348
-0.7647732157876912	-0.8448163250596276	-0.4693396948154346	-0.5188975981835128
-0.9000180797577949	-0.8558131066185883	-0.4311944364276237	-0.5014261565502945
-0.9183882590221804	-0.8675050069155658	-0.4082368625265195	-0.484014145190515
-0.8563814097135309	-0.865548143118912	-0.13676320084282456	-0.4229253589854226
-0.8282451584703959	-0.8593483519931988	0.06660847427553462	-0.3415644435319597
-0.5450179305157216	-0.8098426953841683	0.8965830731852271	-0.14656165705631707
-0.2671978434005383	-0.7286330825401055	1.6670945365166552	0.12486141865837719
1.735525106197394	-0.3773510901135002	2.4920095010087544	0.4623139266390943
6.698169937894849	0.5856281935624241	2.554840928011376	0.7471071320687279
1.8373401303754324	0.7486040488849481	3.084955819163982	1.0515004629379248
1.1662867620534687	0.8007283699047152	1.9923027945234373	1.168906803138713
0.5109592266625911	0.7660098025987296	2.0062430781513516	1.2692334929127544
1.823900143955469	0.8878999125172722	2.0771452712877068	1.3623213012589237
0.3961973465851978	0.8333398558087881	2.2236641464742157	1.4578986106382956
10.588243682288928	1.8771950861506306	3.935728228338836	1.7230469944695614
3.518404029786124	2.0467752805983626	3.144321583279611	1.8699022028406902
4.766375519894247	2.318432016769807	2.9098385683931345	1.973779837156723
0.2851081732445808	2.1218660985897317	2.2438820399122674	1.9998914143512203
1.0345412492192523	2.0200312539241843	1.8339128285919002	1.9843466999241626
-0.09880334783667388	1.8275921955994927	1.4058645375807082	1.931807168895694
1.7388746089172566	1.819771301782851	1.7907868138411098	1.919375477116771
0.9021649884854162	1.7411868417682324	1.7007107315552106	1.9006490668506038
-0.26440126639640094	1.5741910227086011	1.2848482889611788	1.849374425219065
1.276841826205105	1.5501006287828827	1.8333799380316718	1.8480788359547127
0.7316836041110701	1.4855371991901642	1.9140495257588208	1.8532835957927114
0.7961425254174137	1.432545122238405	2.4989217153722123	1.9029133944089507
8.007469043991511	1.9253283155881746	2.9638849953210964	1.9824324741142068
2.420003078466859	1.961500052041353	3.1516888774380343	2.0679313523021357
2.0598350652350077	1.968519830928117	2.7340668987514842	2.115482747083477
0.6384984114313363	1.875784101962647	2.2067288712442275	2.121844971101432
5.702081309633433	2.1365155613691913	1.9197014675295105	2.108070679307523
0.5969377385455696	2.0339351369256606	1.8528754577689446	2.091067529235475
2.0208028595723375	2.0330796647725675	1.7575826848953504	2.0693308375697734
0.33943329865585614	1.9250316810431087	1.5274104065176495	2.034758768574559
0.7465453425026682	1.8514141583479762	1.535130972254633	2.0035484974532443
0.9466475196495481	1.7960480613062257	1.7608372645650179	1.9886966651467506
1.5139842186900405	1.7791323826301872	1.807091009268892	1.9778056146740726
1.0656610128068387	1.7371830300954283	1.8473814056691267	1.9701373770038066
2.2634598113376754	1.767531874842605	1.8985977730672667	1.9660122255555161
1.6695900464428672	1.7619908343473667	1.9515560480491687	1.9651947793917257
1.2212759167900975	1.7319641845242049	2.149092562139944	1.9754075668782058
1.0628240974388827	1.695480948956786	1.6189730224864283	1.9559740984058438
1.4471785096035261	1.6821847232725777	1.9292466234541692	1.9545433051399592
1.2353720939914798	1.6586773651969318	1.8718599550573387	1.9501932083824967
1.4023343488649207	1.6454232959306059	2.0052988349121867	1.95304248391504
1.7064767785978252	1.6485267882457895	1.989622920143825	1.9549020643091888
0.41076346465540237	1.5866606332309519	1.8155030765988043	1.947934307396137
0.8517008276914391	1.5505275248145542	1.8917813955778309	1.9451733981792438
0.8510533017057926	1.516693386223439	1.9615214261621117	1.945963944717359
1.3598980086653736	1.5092292950356936	2.0087628177671766	1.9489532137599448
0.7266120767402464	1.4725559810618858	2.05680478257433	1.9540070612546772
2.0575826385533325	1.4995486054031644	2.1930566749444904	1.9650365705724422
1.9769635181648493	1.5212426161994976	2.3144626918159945	1.9809147154115943
2.7678549081937494	1.577044519454542	2.262446736776947	1.9935170990985922
1.7563453138382261	1.5849525155272048	2.259007833973411	2.005226468864527
1.4332137379280443	1.578357259752989	2.2041918721710947	2.013874862648574
1.6520116299743113	1.581513250470814	2.199850581586261	2.021843317593528
3.249721165585342	1.651981812203989	2.13854098002068	2.026773168125241
3.012061959386336	1.7086371345008318	2.3844070600722773	2.041671127923604
2.3456467018146556	1.7348091548201432	2.087304608722887	2.0435464468957414
0.5713054896999394	1.6876527040589169	1.9276656136555288	2.038850397856073
1.666609960891666	1.686811698721841	1.5141105772319627	2.017866629904797
0.7843950430842253	1.6511993499546058	1.4732687283620547	1.9963753345965034
0.5834208404845831	1.6096082068127617	1.1677395997111235	1.9640992970980315
0.7358763582940149	1.5760111478539627	1.2853466635512407	1.937999601221545
1.2471363512532547	1.5635251981083997	1.4791672566654879	1.9205797238526912
0.8396325248039125	1.536385469212176	1.584926272507425	1.9079955582610153
1.0834679541274244	1.5196144986137754	1.6681821452152237	1.8991155102213124
1.3526690505311119	1.5135079691045314	1.6503866531620703	1.8900175578705194
1.9647060543609238	1.5298121455409404	1.8734191259725046	1.8894171679008194
2.4925122763296135	1.5641863740226394	1.7828276459773273	1.8856108412873986
1.4960992765956003	1.561783231702432	1.6987161213679611	1.879015333654117
1.1035603878693285	1.545801785126903	1.521783234455043	1.866556029232732
1.2973259934374926	1.5372350268396673	1.5228107372357194	1.8547047531753313
1.2139386714986804	1.526215543782142	1.3843250568259546	1.838672060804298
0.6017291092288377	1.495058999509801	1.5390215472983209	1.8285730434331757
2.2082385785614305	1.5188265427281284	1.511139742895688	1.81799365173377
2.673868514153539	1.5568973193844662	1.7068358425190437	1.8143296763930277
1.1539636274647767	1.5437606134410804	1.855285813372379	1.815664872382221
1.4235750937118805	1.5398843356462697	1.6170962995291633	1.809260577600568
1.4560263209032125	1.537208349671931	1.3399400571606503	1.7942848689198128
1.675931174527375	1.541588347031297	1.2070060015080775	1.7757426420550502
0.496554731537425	1.5089367815106662	1.3535871736008112	1.7625524838080464
0.922556746895361	1.490804591518669	1.3956420116822947	1.7512068373682772
1.2823069280664252	1.4844230782410732	1.5915900422850253	1.7463214122188684
1.1776156989253335	1.475127456043408	1.403251096537851	1.735927099139622
1.0761388196813821	1.4631600123807385	1.4274806733186418	1.7266754969602176
2.436181959773661	1.4920571250420394	1.6453629894474648	1.7242608892022533
1.951222695920881	1.505560089643696	1.617659819615732	1.721126352941694
