0.07862197885160205	-0.05824858859665649	4.4171172901202365	3.7297180603901534
0.2475587602613245	0.15649230076256915	1.6743458593752223	2.286415572687621
-0.3421657983389961	-0.1312641288974652	1.4086725716062873	1.7799036876754166
-0.1315777569125155	-0.13141688499174053	1.9256761755248193	1.850927921821763
-0.35990067858824104	-0.22754286691021564	0.26176761975466656	1.1823482936153846
1.3661646252406054	0.36182344053069815	1.3117766670616122	1.2302116295229246
-0.14892253356493312	0.19342233893092642	2.3248058699758665	1.5911169478188447
5.11727753489939	1.6576418377411635	3.179612937512422	2.063491809279706
1.14160709509191	1.5179228054686331	3.196297763814284	2.370204092784774
0.8439876521321619	1.350464526327734	1.8957851007924913	2.2523212959600163
3.2874519867485015	1.7951355601021657	1.3825774787805796	2.052655012760218
0.4158500260650093	1.5009057859444002	1.5622517090820263	1.9480416104910527
1.1065668275019025	1.4223490302996469	1.4308854361214944	1.845018311720458
3.0957580145686805	1.735019137598727	1.695161850245137	1.817018806879112
0.26835647499871174	1.477001581422845	1.0751665346007169	1.686510801480385
0.9691468603136655	1.3925956061671063	0.9880080816604144	1.5704189981131864
1.4481348197789523	1.4013426230347883	1.0458255091379742	1.487797754254168
0.5429658451438923	1.272882136925591	0.8557083111765884	1.3932022692901578
1.0118846459556052	1.2356753169728294	1.0963979953958498	1.3508909585720659
0.01457064389701146	1.0694828138866925	0.8361300916341632	1.2808318963680478
0.7179841688630106	1.0237171608081597	0.6970734977454973	1.2048255138604427
0.5613919878711224	0.9660220855336124	0.8275934695246994	1.15774952612913
-0.3417678594968596	0.8093283811192202	0.45154126474582434	1.0731348445046507
0.11620335755448918	0.7294672269728519	0.6125789104720054	1.0200702566587938
-0.05400386054777451	0.6425318091897401	0.42306607438524746	0.9538257536530537
-0.2965413349610172	0.5420435007732063	0.4574120378416626	0.9007058070437837
0.20806568937456715	0.5075352038164995	0.6240736942876861	0.8721229049480492
0.4375413122145091	0.5005435396555789	0.6486719582878933	0.8498026316268268
0.005002003793915133	0.45263836062167573	0.602549630739388	0.8259000265791832
0.5373927908531244	0.46057603364922284	0.5313240061129585	0.7983109413484568
0.22036737656645378	0.4387594602510514	0.543139364707439	0.7751353668103735
-0.02544021044855138	0.39783746744916804	0.43352098085815505	0.7450199782900415
0.0733543688750875	0.37004867179290724	0.486066982561679	0.7228433264651553
0.5670615717313252	0.3864533379549031	0.4442005401381013	0.6996423569910533
0.08867426564306102	0.3623281150845046	0.4993969762761794	0.6834191800275955
-0.2480527334869681	0.3141762600839244	0.3479507688288399	0.6569548881768996
-0.24002529963513042	0.2715759965680675	0.43477572235672457	0.6398767278901552
0.24200053567713153	0.2693595915403575	0.5339061681114694	0.6319346695567227
1.0289607968225516	0.32490367233739925	0.8290809224321629	0.6463505631237649
0.5452379352436842	0.3406317658331244	0.8075194778926458	0.6578552099515049
0.8222072166334298	0.37420957818258094	0.8478078392004293	0.6710996139607244
0.4181883121732748	0.3772063912891679	1.0429518131339122	0.6964383526915656
1.8560446037845972	0.47573989046621246	0.8689674802890026	0.7079337681346305
0.48155642765320916	0.4761193018590977	0.880719230198826	0.7191965989460969
0.0350419734446179	0.4479803981981454	0.7763134442486384	0.7228406952939153
0.5850022458287425	0.45654005960545163	0.7579727498324205	0.7250355013661631
0.6653593098569133	0.4693188046653032	0.6034429733328779	0.7175949050152939
0.28661719357180115	0.4583621120887742	0.5706649376097939	0.7087835275897718
0.05873256431016505	0.43486533389582727	0.6663109783845533	0.7062862726297692
0.7649859165541046	0.45390260432209595	0.6662242524149398	0.7039763979156697
1.239347585146843	0.4983430682035299	0.8257514022063279	0.710866845118783
1.5955529851264942	0.5592739216662981	0.8853563305039116	0.7205569556875064
0.9225264948390182	0.5790801600875175	0.8423759954535428	0.7271994672430704
0.5196323321292489	0.5758969295312482	0.8529720327336736	0.7339348475713725
0.6145286692425722	0.5779292378212058	0.7147943647588375	0.7329276821039068
0.05431532769961733	0.5508557745623919	0.4301063218239414	0.7172701393346657
-0.13664301248463895	0.5159110412001742	0.46855299064406486	0.7046281251478681
0.056087907918127566	0.49292799231697093	0.23177706721210334	0.6809938923853958
-0.1172624383888261	0.46292909264416515	0.4052495909401419	0.6674374142798691
0.10604719885612823	0.4456666478752562	0.32887570945463906	0.6510611594596363
-0.2794826158543996	0.4111471590350786	0.28151251833207525	0.6334693726202962
-0.27164462693296954	0.3791517624292309	0.21461997694081192	0.6138423205378583
-0.04145640452057653	0.35974516925409117	0.24016653107467656	0.5966011337701558
-0.16605743902019576	0.3358525842860629	0.11893653762727774	0.574896009415325
-0.11317379502078295	0.31575294700615	0.09200454247527357	0.5532804694579616
-0.2500306872365392	0.2907993821900874	0.05555072418098961	0.531328431674646
-0.405945971307332	0.2605148920085907	0.06571946122474381	0.5110904556260727
-0.23892890797215427	0.23911626389438223	0.07939303892678318	0.4925944398734001
-0.2517431058094026	0.21838149783695782	0.16781555083776856	0.47887522432555185
-0.2227998254259197	0.2000039910302276	0.10316078278262442	0.4632247874059152
-0.27662046868690415	0.18042202099815663	0.07085175842679092	0.4471043445436096
-0.2458712619308966	0.16314440507505967	0.09672385783470161	0.43290348996404515
-0.2399688800870432	0.14702415967347826	0.12869221013468524	0.4207383942091303
-0.03658606009882037	0.1397782897834512	0.220072181681372	0.4128194530203033
-0.004442527027317733	0.1341609396161998	0.3032441770041283	0.408551678224669
0.14239026006187627	0.13447722163100684	0.22566533941158018	0.4015191193443197
-0.1508042904147776	0.1236462768531923	0.2588904636023577	0.3961040732664389
0.07433126372352072	0.12179730905479769	0.28796278274320586	0.3920496158264819
0.14176288394007153	0.12253654941860614	0.25171765789818057	0.3868532596791556
-0.17667206435226357	0.11159244970599769	0.22805386980739484	0.38104498245889573
0.17210850552040502	0.11377904042641007	0.20968146572843405	0.37485222109898086
-0.15130062243469955	0.10431390502836013	0.13225789269993427	0.3661899418202006
0.7802470240569575	0.12816487410742106	0.16100322414558188	0.3589493244962585
0.08617938043924989	0.12670042298261985	0.2095847110785254	0.3537398567838843
-0.15374179809837718	0.11703182608953377	0.28711589974287866	0.3514427013788155
0.17159107672913043	0.11889131061280933	0.38128502296949884	0.3524597134564018
0.2661987281024123	0.12385553508977742	0.36327619848420967	0.3528240200133055
0.034671837101036385	0.12088322880316005	0.44269767970854446	0.35581908425142417
0.09814203136766397	0.12013360452758093	0.44686584416308284	0.3588199693038101
1.91566933242036	0.1786722519190922	0.4515448015203096	0.36184287347599686
0.18180997688711598	0.1787733757567469	0.404191886586307	0.36320862719602065
-0.015337066604998006	0.17257944583320461	0.33858869160870664	0.3624229527771534
0.040058153324200596	0.1683953505485114	0.29497707682606955	0.3602935050409515
0.04497285641470805	0.16453896569273185	0.31216375816614983	0.35878956721420097
0.7103293131551649	0.18141578794464386	0.36577936195288685	0.3590054531251754
0.14414769868302368	0.18027502676870655	0.4013147345086505	0.36030028887287235
-0.038639761113492876	0.17364228007656357	0.340849693939276	0.3597108382309244
0.1503027644578383	0.17294224329673136	0.4250357810246319	0.3616702938969716
0.28812325732467503	0.17636267756911628	0.4258582560539763	0.36357631198407336
0.11030107716812587	0.17441987226396027	0.42424255942748546	0.3653601465455001
