-1.0	-1.0	-1.0	-1.0
-1.0	-1.0	-1.0	-1.0
-1.0	-1.0	-1.0	-1.0
-1.0	-1.0	-1.0	-1.0
-1.0	-1.0	-1.0	-1.0
-1.0	-1.0	-1.0	-1.0
-0.9491531650256559	-0.9832349829972622	-0.4863468278745552	-0.8306403108760185
-0.6756186001000695	-0.8917583120904411	0.20048129813628734	-0.5240130583391169
-0.1818620521898564	-0.699550622599887	-0.6794965229853152	-0.5661109886767641
0.4205925990761219	-0.42121909487948805	2.149506869080659	0.1086616838121206
-0.47704533709390906	-0.43403513267653593	0.3131760564108974	0.15561157450307483
3.483479299543637	0.40165035300283636	2.3352031795067902	0.6205628494278213
-0.240282870194781	0.27377035167481245	1.065525714448412	0.7092043435588642
2.3461820957751613	0.6609915601252483	2.0304892892397324	0.9560807327883953
-0.06483331001698689	0.53330328148757	1.8935748228636924	1.1210055834697887
-0.21747948157903718	0.40852258396276997	1.6601791498654457	1.2106162749888223
0.10416474838616985	0.3605875192450134	0.7974683034411703	1.1455472057240526
-0.04796257633935963	0.29944606085692693	1.0318447529120665	1.1285312770126978
-0.3947142380766562	0.2004888420272719	0.9813547471065676	1.1075501376803483
0.5625307953814935	0.24976256352642046	1.965173207809245	1.2242722978112948
0.3658742949147056	0.26488080373158907	2.2601863134080866	1.359151133933234
-0.0005742306060253499	0.23175377128678565	0.946503877941625	1.3076554983694915
0.33579064898563327	0.24421926295864282	1.9915930556641017	1.3896024971264147
0.5789509450718768	0.28278716340627574	2.573413240687657	1.526001149530217
0.7116897894735703	0.33037935155755216	3.279505351723169	1.7205743644240048
2.328369501888872	0.544181365371488	2.921490648854454	1.8490831089815138
4.256022472403974	0.9277127612919116	4.28990862618446	2.1012856204266237
1.1213768841845733	0.9470575381541186	2.747573254432026	2.165842254016288
1.2247155124547735	0.9738995810656719	2.6644775306188087	2.2140468135303792
1.211828604920305	0.9961831874716731	2.428224639561587	2.2341059710696336
1.192399946333198	1.0140042946719237	3.119890088707475	2.314555787718778
3.360311919074247	1.2208451362942436	3.831085084311706	2.448246730253026
2.1314487545341	1.2988302566148318	3.6504098829020455	2.5512013728028804
3.8247784278728254	1.5091543593840906	4.286148342479222	2.695662556917406
2.1383076962369727	1.5601274579177846	4.5678159018752	2.8473411956257237
3.529184161608141	1.7154646953754744	3.1570123757331823	2.871771900687097
2.115306272075804	1.7461997790430757	3.7631313237365607	2.9402890497985767
2.7235162228415697	1.8194486379528354	3.558106577865119	2.986594026577527
1.5499119034009698	1.7997390563466578	3.1072997159992113	2.9954197829007945
8.286627630570308	2.2627945474976268	3.1898936855685394	3.009301593026872
0.973568493083689	2.1729032268201394	2.586359417035563	2.97981193044021
3.09230470400838	2.235553330778028	3.1581264433073946	2.991962974518978
0.5766757028839196	2.125024199168217	2.616715705921159	2.966961228158379
2.04861323617707	2.120044221929787	3.0271579325285742	2.9708857947228404
1.6574588177098888	2.090532844398248	3.0762721947905804	2.9776087551157615
2.0241154097334277	2.086384173142898	3.613698567960564	3.0173446086485116
2.666730966965702	2.121898560013285	3.5886210758086987	3.05230405369221
3.1788663719488444	2.1852871398482785	3.1794723390093305	3.0599312528400118
2.080210382991636	2.1791095371501057	2.8111407696436475	3.045303931347825
2.618396508782278	2.2044426096930136	2.582124732800713	3.018594956573194
0.9730098632681972	2.1347691944317053	2.4772132315376103	2.9879640834163523
0.8588932920856005	2.0639172808565087	2.104025224046689	2.9388773756112956
0.8773824608448682	1.999224044777407	1.8675019054482385	2.8804631465162993
3.810554525148608	2.0962215081840907	2.427226110867502	2.856192683276138
2.1806465248923947	2.1006627851749937	2.50260391803935	2.8375894996308277
2.2612234636983946	2.1089642453020843	2.6341257945719168	2.827069187850372
1.7350832278774773	2.0899602504060635	2.377260495209965	2.8042058631968465
1.274611747679776	2.0492074338166293	2.8814674700503984	2.8080675754315894
1.7522230311246894	2.034606954219752	3.522198053855659	2.8431768329558462
2.1304609824571306	2.039243565745022	3.643382759417812	2.8818834279412178
22.44466002931423	3.0106055213253615	3.125563376625612	2.8934830815790793
2.6892221644173104	2.995545376775141	3.417845710117252	2.918054384316641
2.5821932418212423	2.9764736464072183	3.545956010894014	2.9470253001758535
3.619517676191962	3.005693437641254	3.510698671834671	2.9726384611823775
3.0832071960234195	3.009163520888446	3.0224800087926322	2.97486985962532
3.616248086694971	3.035938474015196	2.4564522343229283	2.9520050617559264
1.2088773504196597	2.9565244265954567	2.405722689009712	2.9282611479015235
1.2460486284776904	2.883239070415829	2.4801206624107786	2.9090605465310917
1.7951782933041356	2.8372780704400107	2.512795874348961	2.8923224302864443
1.6406331139788088	2.787431554663589	2.3788645698085977	2.87093435646767
2.121764035681905	2.7600823883148453	2.642476578102916	2.8615478935726286
8.155564885234902	2.9787623374649312	2.8572221519103116	2.8613730732633536
3.860954940227354	3.014041498797477	3.1395711929365238	2.8724985585078096
5.02470314210031	3.093391097912102	3.7294672445596415	2.9063187856203796
3.018527233129075	3.0904756806801785	3.752601771776713	2.93928350284436
5.253778734128776	3.1736597282428844	3.371468545043826	2.95590209988915
2.872579866050968	3.1622287723483318	3.2304346209492962	2.9663246455832004
1.7911752898172435	3.11082640888662	3.151581831065709	2.9732704672835903
2.3059225232653273	3.081021865435157	2.8826042244129053	2.9699131183945187
2.077853269672255	3.0443284737605856	2.844951558946889	2.965341970303259
7.259241762410545	3.1966392821229697	3.205363399568256	2.974014560967709
7.32780112585055	3.3441486397579183	3.240397878121181	2.983526085171197
4.431501954541121	3.382516806610708	3.2517956121536455	2.992991745301879
2.2134722583014086	3.3417437733075426	3.2370970316946357	3.0015040279893945
2.86042947267754	3.3251495735722045	3.344891743201681	3.0133419085132322
3.256846596578346	3.322820573848152	2.9504026020890004	3.0111957933272473
3.5575159502597105	3.3307298224005955	3.125820070577512	3.0150585314161393
4.8545574852743645	3.381512979362415	3.073875230646302	3.017017904718813
1.8107228331951584	3.3297386000768334	2.5777620285103446	3.0025396406695126
3.685990272620857	3.3413529524671697	2.4318556699197873	2.983933660562761
1.820512027019495	3.2923022745608783	2.260259861429884	2.9605931725829144
1.177386954600617	3.2248172555120806	2.257950951571569	2.938172329021243
1.186756841894225	3.160468734119706	2.1222930228626287	2.9124118349273025
1.9129597952953517	3.12149111364016	2.0857841614110533	2.8865844081673337
0.8451014282363207	3.0510997326301084	2.2409637035245344	2.8666203226787506
1.427809748156216	3.001415512531481	2.1398983657913995	2.8443772141383565
2.20867915592041	2.97739715500012	2.1643112493806607	2.823772528977186
0.8565071019818966	2.913780984966823	2.303705680132022	2.8081727999028154
2.471897396761115	2.9006579731341824	2.269856741433703	2.792185930135021
3.741507445197727	2.9253845301579697	2.2252272311865244	2.7755132372991556
