-1.0	-1.0	-1.0	-1.0
-1.0	-1.0	-1.0	-1.0
-1.0	-1.0	-1.0	-1.0
-0.615233642614076	-0.8125320457891672	0.4802911774288916	-0.27876449345960597
-0.6042504812837958	-0.7249053389299291	0.9861665713022976	0.2534080708725812
2.502428272255651	0.4685896926211093	6.119786099304859	2.4228437223762818
-0.6118074095350026	0.11236548335408147	1.1410288039079775	2.000208864215231
1.6794057035931855	0.5783603421499879	5.254862644403191	2.9680537468775827
1.599473618642853	0.8548316638750928	2.673818710359007	2.888388260054532
0.5917273621869628	0.7894559716850302	3.922961747731316	3.145457552462277
13.6608358742869	3.744319516255765	10.631464091605734	4.8640084892995485
5.377940064014048	4.092803191997618	6.144048701700671	5.137066243123054
3.712673080954966	4.0170770527758854	5.9539122693034425	5.29979062609669
3.910162368965649	3.9971005690154353	6.751331134681413	5.571004855174874
3.0197536991471257	3.825163907895952	6.915100433330886	5.80745922873073
3.5247125221658067	3.775228963556449	7.98148068547518	6.168783620666179
23.162765308500056	6.828677470372331	6.6894397527738105	6.250784260264412
13.056130070595596	7.76064786020506	5.08724757677901	6.076655673313679
4.66575180447302	7.319449579711032	5.432300621566152	5.9847983055108305
10.726778172611834	7.783186232828477	6.4732122266185135	6.05127077570179
3.430391707479253	7.216443082666725	3.899968643616921	5.771166757528217
3.260921692966255	6.72282043852571	2.9970832029203462	5.424979837032345
1.7726588392214762	6.129713527443936	2.9377946395252694	5.126976270697414
0.8635561421643239	5.522950791159754	2.924990681148959	4.873265818101521
2.5671707507674677	5.194971310421722	3.273686944932866	4.695773499455365
0.9054138263027871	4.73595409915332	3.5595919428404024	4.574193841523605
1.5654309153367687	4.408357093758984	3.31406150852633	4.443990010637599
17.064180949407934	5.67252982463222	4.095344187317561	4.409164649359465
9.020477611477263	5.996183079564927	4.415482053277259	4.409775154002522
1.9218436495467395	5.614594961827716	3.64413486772401	4.338068312816813
2.66247309364848	5.346474741005619	3.5976456676408626	4.2708215350255765
1.9387158216654363	5.046060574804598	3.4335956340407714	4.197015129758994
3.9923571660652257	4.955820705889209	3.496015785542747	4.136981129026597
3.2206972898566573	4.811345441265936	2.9853983383251355	4.0410945288197135
1.721760423615383	4.561034381653512	3.051804703073632	3.960945127692911
1.0223599247243667	4.2818737012669486	2.8329110185537996	3.871956246740533
0.7435760912412939	4.009891455145845	2.738711890065803	3.7848460960574437
2.81137774032541	3.920065194492911	2.710153551333524	3.704300044657713
1.8464555682027965	3.7684373909964375	2.67967517510151	3.629376753233938
0.8747655884061654	3.5618772918465282	2.4449883830856916	3.544831289054188
1.3006382859569148	3.4042127329222502	2.5266449426693716	3.4738388072439728
7.251169867032585	3.6663517168226996	2.61363846362052	3.415223156746773
1.6681983814484513	3.5332167204430007	2.625115285485362	3.362579056186048
2.1467507300056368	3.4428445702502355	2.555618893138104	3.3099802068880697
1.5543179561807339	3.3223641248242277	2.401082555073209	3.2519964809391118
1.062642559278594	3.181203441153407	2.5079834020854745	3.2055194189350305
3.123430179192739	3.177668248820769	2.2948990141998173	3.1497947576454433
1.3784553478012622	3.069767409951899	2.4816361716308153	3.1097250541871064
2.713790885173681	3.048838037758756	3.11943710961265	3.1102969219423544
2.188648825830669	2.999234803542525	2.5076347256486424	3.075544445616381
1.4424488816539558	2.9111532969728158	2.281624238468963	3.030625304802987
1.5181449465066978	2.833797096678528	2.892452091034086	3.0229530205417117
1.7160477281406292	2.772854452454537	2.6427446155177567	3.0022235618967335
1.8525879802039356	2.7235746955613727	2.825738957376154	2.9927735779150177
4.138655738177377	2.798023743244147	2.895202660443221	2.9876402403985547
1.8727396175219018	2.7501822181278146	3.080461195108292	2.9924394213562238
1.515431438740087	2.6874210989851486	2.6929916829058613	2.977218484250555
2.397197542642671	2.6729156781634686	2.8415885800263005	2.9704400511841804
3.389779555515065	2.7081584863904755	2.6538308988982995	2.954874142350306
2.6967307001651997	2.707605028224924	2.5670982815709187	2.936116518291123
1.53533211578344	2.651801090624704	2.747706458532729	2.927147642865823
2.437845602150241	2.64177487143797	2.3966514544720305	2.902288394866316
0.9899132845807133	2.5655595819675465	2.268027268315334	2.8730246102929393
1.6414729402842254	2.523568814602494	2.5598083819061013	2.8587921442427304
1.6927330273914918	2.4863784285663404	2.416742136982053	2.839004799185508
3.221768349304657	2.518813174936356	2.847855247621391	2.8393957572494677
2.52618405367163	2.519133473696872	2.5887841208544113	2.828502669813338
1.7490713034723875	2.486140093956605	2.6587011383423267	2.8212274390352405
2.75706266634575	2.4975848911999026	3.367630740251416	2.8443091271546312
2.7228725109402085	2.5069693734555334	3.250718900520302	2.861238323270053
3.7783700582555637	2.5592056687086027	3.2154222432626263	2.8757907054262626
2.2261637598515254	2.5457077461605984	3.23222114274581	2.8902371583038393
2.4332476803180967	2.5412104219288314	2.910857206284386	2.8910616684760377
9.879855323174837	2.8308234462226705	2.8065659831519536	2.8877279387270143
2.06455921410282	2.8009764969978614	2.929130536614283	2.88934084042361
1.2982749405598022	2.743194141280649	2.713477900512297	2.882578383637775
4.679242406573044	2.816697222638357	2.7843490516778453	2.878848813392502
1.6018028967075826	2.7711494498445597	2.830792150359755	2.8770473706025284
1.6265972622921607	2.7287682463799086	2.519840747127441	2.863820442141483
2.402390606681873	2.7168298423610224	2.4422851831300743	2.848401436933658
1.7271910899096659	2.6810671950355878	2.048904089886281	2.8195098043765467
0.8945333926587153	2.6172756658722602	1.8999632906180053	2.786675110923935
1.2596019662957425	2.56936769692255	2.1907395221202264	2.765646188166249
1.9561440982139935	2.547979881067962	2.3273521767026173	2.7503591944905765
2.723994709858516	2.5540479694709233	2.2292897526444992	2.7323948567231393
0.6333520106127046	2.4885827654789887	2.1510320921294155	2.7125793343980136
2.3067458822189346	2.482454068588384	2.233407011807359	2.6964301025592814
1.3147940778202334	2.4435396007209866	2.153026197824419	2.6783200613709623
1.6295556145856853	2.4167097251423044	2.0565659437943657	2.6578261453326664
2.327420742332896	2.4137986322797356	2.3141587538781008	2.6466216790889816
2.5162793535750816	2.417103473923413	2.2998980085209855	2.6354387877098344
1.987950516136066	2.4034094350846535	2.119423367953204	2.6189730446418813
1.6667390603417322	2.3801505019652556	1.8663419402275796	2.5952101891108152
1.2080722095621805	2.3435294941550806	2.164805770653224	2.581762303307257
4.205982808088729	2.401120122220607	2.0392360148456885	2.5649855805588206
1.4995827825680608	2.373526925325769	2.0284957503284917	2.548565388548005
1.0674902848722412	2.333956650495052	2.084361243506006	2.5345007385334823
1.2829807683741499	2.302432928903094	2.1591226488422874	2.5232416234556747
1.021849089471837	2.2644020832331937	2.053215853407628	2.509282741591378
1.4539295586985745	2.240568322485453	2.1035054775605304	2.497349765720652
