-1.0	-1.0	-1.0	-1.0
0.5752741441173255	0.10617279376890587	4.069774428843275	2.560044811675675
-0.4549380268895171	-0.2176226372240475	0.3046099713574877	1.2585202969721077
-0.9208840020618613	-0.5602694445830291	-0.20768245847426736	0.5441490785419305
-0.943271261453599	-0.7214031099446895	-0.4684575662119631	0.11813276207034407
-0.5014252150748162	-0.6400534542282198	0.9054125061007328	0.40927534764219575
-0.34582939745676167	-0.5430431371124235	1.5784416833493204	0.7947679509042032
1.5215979382257077	0.07092461091529123	0.7855362386770441	0.7920225410360318
0.6536337380990516	0.228695762874479	2.038968747857081	1.1296389461929284
1.5864556221816706	0.5660697024802479	3.9771999895333296	1.8371962458991806
11.224996213004495	3.013025744520866	5.347743306377228	2.6431080856842053
14.620717063624129	5.489181437842429	4.68404199337297	3.0784806611877267
3.7144170168474284	5.135628954180742	4.7603048422037375	3.413517913510546
1.6265723665935123	4.479976846786153	3.5330096169854395	3.4358445618265643
2.033868513278983	4.0496537080026	3.1020206303544935	3.377117376938344
0.7484097250108224	3.5009849228465155	2.7983492566540695	3.2809261562009544
1.6887082076256732	3.215559632633437	2.324241169274648	3.1302527383822554
1.5235837328945925	2.962347118610383	2.4470451683133705	3.0280074680949722
0.5098337637204531	2.612725111010914	2.0603112907280536	2.89005615112851
1.2136655622977206	2.4223126873032497	2.0384583899348447	2.774153231542181
0.8750702987135044	2.220858362210232	1.8674651919014478	2.6561004846027885
0.04767627854841572	1.9496594751415808	1.969639023398352	2.570434903298089
0.241973678930562	1.7450520411860713	1.5467821051308825	2.447785521924401
0.646280275619455	1.618452499981601	1.42403574193039	2.329830062812415
0.9124902230762559	1.540117483590346	1.7101524337311194	2.261069431487361
0.008275126028843838	1.3761980997759982	1.3253779986345653	2.160943380242847
0.1597386480463776	1.250506600377423	1.2663130714471729	2.06850550062304
4.019603150834011	1.527107123722287	1.7670726677827924	2.0383955875480884
0.34997414605505384	1.4133111602380133	1.2111133496518711	1.958420566376466
0.6751540868245915	1.3441780663047531	1.5900445538421777	1.9239199273321623
0.34052126446015785	1.2530230532296716	1.3467847550438292	1.8715030480565287
1.2684971248097012	1.254387430341294	1.2352642593351248	1.8154150626849206
2.4888753422569883	1.3601104208152122	1.075036419481553	1.7520085775455496
-0.3151274350895227	1.2206213098945211	0.9157694601971769	1.6823790480071472
0.320409152399888	1.1476881840090858	1.155875383261188	1.6397230680656683
0.3512432429014172	1.084858063720731	1.4278581391945315	1.6230097604084124
1.0148223508276737	1.0794747286796675	1.4036488625838812	1.6061481108836624
2.913275373216953	1.2169162682621022	1.509577112841654	1.5989106807661013
-0.015858328840666958	1.1267726726853278	1.0213515885019606	1.556678288513135
1.3619702208636801	1.1435620817209324	1.2777716878150822	1.5367691703146322
1.1335258795203642	1.1428625799894325	1.0284850096829508	1.5013293052314571
1.0848516689575636	1.1389097529376246	1.7579945322348283	1.5188191517270577
1.529131742593266	1.1649101561107718	1.675418434760116	1.5292535186527396
3.028584733056107	1.2863883318804952	2.55304399260283	1.595986441948786
2.5671512647133192	1.3680963180825678	2.648638898807344	1.663141852339567
3.6294163189596036	1.50935749268251	2.590678304427989	1.7210838377122064
1.1894103519516679	1.489778933742039	2.390934010968619	1.7620755023238397
3.413841625559594	1.60516816651668	2.465751470663218	1.8042763261962054
1.2978281528052293	1.587097972344596	2.1687310455060014	1.8257053239259884
3.1609426710591473	1.677856676733692	2.2538159509354	1.8503934505442836
2.56499795992643	1.728050787512367	1.9701413021710934	1.8571690095618876
1.0105735916527983	1.6882079809267192	2.092846509904659	1.870257013541365
1.970523363967787	1.7036010028284245	2.0122403076121	1.8779987006348762
2.2789498007746984	1.7344111947044833	1.663112976766402	1.866491733388087
1.4531739236975492	1.719614684937635	2.0879477631710417	1.8781424323281461
2.730166265657453	1.771864613226938	2.065772169375634	1.8878435473025759
1.6875703969086069	1.7675798505759874	2.2242911501357696	1.9049445352016705
2.9134073103075813	1.8248504027246226	2.0393926674563767	1.9116642984885703
1.618971275243951	1.814728610630287	1.8924107390689202	1.910717595810627
1.047648032087754	1.7776242932898207	1.855058307534204	1.908025107526771
1.998752821345108	1.7881505561444793	1.8228606079169665	1.903970844078914
2.14470637340865	1.8048586231817811	2.163962447329637	1.9161539313785014
0.7107454072774826	1.754377097658681	1.7481685543278975	1.9084032330212466
0.770307703211456	1.7096605237267912	1.7958388748404643	1.90328826732441
1.3488722770281263	1.6935107312150977	1.7224479533732104	1.895193409898602
1.7423714430040458	1.6956658305293315	1.80581464336319	1.8912515158018035
0.5531618157720299	1.646006042639386	1.5457844328146781	1.8762354287199203
1.2828508189497527	1.630446535858204	1.6133660313749916	1.8649726512884977
0.8195445760880649	1.5961925082352324	1.6224440434376537	1.8547277115741547
1.7556946257364903	1.6028366859554906	1.4151335648406036	1.8364163155766886
1.2397963939792431	1.5879211549449441	1.4461621001049831	1.8203826983623195
0.5226861405518477	1.5447472575345724	1.22526369898224	1.7962626125736936
0.8142572319910109	1.515535056200639	1.299896622577807	1.7764129616863333
2.299846575582619	1.546487017913357	1.3027008384619974	1.7577185221571985
0.5274975627847898	1.5067957880031395	1.3130728891955274	1.7403987731446753
2.0266939067190655	1.526787060717084	1.4603316597657474	1.729629569549227
1.206088595455649	1.5146114844659584	1.3595495065242318	1.7155791840838415
0.9243375321475662	1.4924813866769093	1.360206407646959	1.7022558409688444
0.7461435233763987	1.4648456518356419	1.303768975847532	1.687500569233622
0.881011487072509	1.4434906788608286	1.3966916928165092	1.6768636383077666
0.735427376345072	1.417903235952239	1.2383995074917085	1.6610184738670872
0.38061268345666965	1.3808647688444178	1.346110629665671	1.6497735320541698
1.1427537690780847	1.372462203200754	1.3946741336380035	1.640771452196621
0.5595317512436722	1.344109652036157	1.4425722531719476	1.6338582789940985
1.2803628263117348	1.3419114253062059	1.516349369751155	1.6298065155768655
2.7344868044827346	1.3893749017921362	1.7417755179870404	1.6336220758497255
0.889508011588442	1.3725282749762702	1.7132824617781544	1.6363059546812297
1.4355051880952647	1.3746266029291832	1.5407672276006061	1.6331214417524427
0.9771484141196258	1.3615249040334083	1.5954077976716086	1.6318776540684157
2.27970449807535	1.3914590234812487	1.4178743528387034	1.6248999937061557
2.668087081485745	1.4326332051091115	1.4851053366008573	1.6203915542298373
1.0143373357410175	1.4192858345347692	1.514874182863971	1.6170246484866375
0.8759505774561975	1.4021309917460383	1.5502070871329763	1.61491500462217
1.212575585299104	1.3962083776895922	1.4621062805283902	1.610140511785286
1.2875951679910616	1.3928498073245348	1.556282087793842	1.6084750913819978
1.230231491944593	1.387872514910379	1.4254018655610121	1.602871732998679
2.0395067668715323	1.407615547724566	1.2091209324777994	1.5909418721505735
2.0555012833197597	1.4270489945420923	1.269549054588897	1.5813018273028674
0.5725609206844786	1.40167244338972	1.2797282326804682	1.5723457747808367
1.748503548505274	1.4118718721836223	1.4652561110835922	1.569196763337167
