-1.0	-1.0	-1.0	-1.0
-1.0	-1.0	-1.0	-1.0
-1.0	-1.0	-1.0	-1.0
0.4196106718222068	-0.3083296175569037	1.0187950679250792	-0.016391758372992338
-0.3570705822638627	-0.32883549803568757	1.7086990278224192	0.7093757828782532
-0.2286516521830534	-0.2917867379431792	2.1556969324794877	1.2442374022130238
-0.6610747817486232	-0.4135469288757061	0.27745525824536243	0.9254738088500647
-0.758104132285609	-0.5160088799272516	0.2795409919436529	0.7333908236219844
-0.7058422306276753	-0.567407193768423	0.13870253847672243	0.5723760222317587
-0.6614793919695205	-0.590782093418316	0.3054704915003239	0.5060557997929631
-0.8296260411921713	-0.6456132011739371	-0.30017135934832817	0.32097122124247157
-0.6045688774548701	-0.6368576532015318	0.44827293131631163	0.3481271169542315
-0.0009463001967149332	-0.5101772418922379	0.7499539706075034	0.42817536761765407
-0.24811822606419198	-0.4612125721825632	1.2023175603208238	0.5728207110506864
3.1356657167126274	0.17155508417910537	2.084134748495323	0.8386930203973617
0.3344294003123056	0.19862477368736364	1.6085400006696347	0.9666418513898909
1.4636588235351513	0.3978621173298422	1.4200109532517748	1.038045619494075
1.4810772273540689	0.5599705182103516	1.6469150261450047	1.1291658142940584
0.28092720128443593	0.5201911793677656	1.7074840976548766	1.2116092440062478
5.104995927572921	1.1441824310264428	1.9399543518299693	1.3107365346600939
0.6807052931149309	1.0838367555838673	1.940296079620115	1.392706663676226
0.15221901705305707	0.9675770304912317	1.013672751422876	1.3454059001253569
-0.030463630649759543	0.847996116645849	0.7714519582024988	1.2766372645629933
0.0880680148039088	0.7604378858015644	0.4239914939566096	1.1783962208565049
0.2456755052285211	0.7033188685184923	1.0747759534183645	1.1668985448705755
0.6009601100772146	0.692366015956154	0.7892251666933963	1.126484825456611
0.5482696201353692	0.6774772757339942	0.5798131976743708	1.0699996191028482
-0.4412638930169466	0.5657278570773767	0.5597091224796091	1.0190273962104093
-0.3544631012666285	0.47677096298068955	0.45580184893546316	0.9645791987532175
-0.18083951770289497	0.41518142344257236	0.5723268156764454	0.9278421216130479
0.3575359627069259	0.40994581663635166	0.9724144193186239	0.9318902136749587
-0.24817265621102025	0.3519289149697631	0.5506208735833258	0.8982793665228122
0.06092348382642565	0.32700715208406606	0.6522212342647162	0.8772070432560457
0.17994946260018008	0.31476247449075134	0.7915433146584272	0.8700744160011726
0.2050978992681214	0.30587777318568854	0.9291209676794387	0.8748583812502244
0.9426892658030417	0.3561149087421731	0.9950176759029781	0.8843376042944779
0.7801074447405731	0.3887067761668648	1.1757726527450618	0.9067401019792427
0.9066314213283437	0.4275248468252555	1.6063751681116916	0.9591772400742282
2.8526646752530405	0.6048570032119074	1.6213926437763542	1.0075998733761877
1.164141868382619	0.6447808723177726	1.7573737230660527	1.0611215537846181
2.7175688547706605	0.7893058897261227	1.30309999956321	1.0779934006229017
0.6596654478113251	0.7804719464956114	1.355733237642164	1.0969191196275387
0.4044069420809788	0.7554151374199427	1.1779148209508192	1.1023158393064185
0.15539624867073987	0.7163049307922509	0.9458786080385553	1.0921192024823139
1.992612105941645	0.7977286606470921	1.4684738726240538	1.1161293548421298
0.858106614739518	0.8015005942283273	1.1919267351103318	1.120864553809751
1.7596106214242497	0.8601315121945696	1.488793906002177	1.1433797485090493
0.3713509366301111	0.8308190175887069	1.3478130215042472	1.1556405174477709
1.158928468908777	0.8501110865267929	1.2875753754940886	1.1633982596217116
0.5383576930809504	0.8321335014197273	1.3918324993589866	1.176571461652844
1.8339508188119797	0.8888157057199642	1.5135390633422152	1.1956369944797562
1.9382965899356779	0.9470957330099403	1.7215263603587405	1.224840868739339
2.385684750235878	1.0255327362932682	1.955546056288418	1.264681770851308
1.186815412338249	1.0341697716647809	1.4491628602183693	1.2745611233008192
0.7816510531521939	1.0208844282113207	1.2680595513108819	1.274219019600869
0.6266131957252765	1.00049865798883	1.2240100350772591	1.2716228093090254
0.8231165032991741	0.9914824491827205	1.4371841544963155	1.280037965405863
1.9442125906035157	1.0391015133030463	1.6346157340404917	1.2977601616740997
1.3914454296862946	1.0564235931933776	1.832060781115521	1.3240277598922017
2.312274535141488	1.1171695082801993	1.984156565107678	1.3559582624432633
0.8146167447446748	1.1027673398855184	1.904246789697837	1.3820590758406968
1.7269578294438483	1.132017109272688	1.748762997032026	1.3992430798960154
3.0619059019386645	1.2210612597361266	1.7497722095544366	1.4154166129428574
1.9416164833079277	1.2538039088263861	1.7048174693304246	1.4285673800677574
0.9573784752798904	1.2405353246363182	1.7285557294975562	1.4419958820303278
1.9285986173756964	1.2708823197123236	1.5445957077019132	1.4465212165189096
1.702374159529568	1.2896374610386645	1.5670277347025565	1.4517591673940524
1.0571194662442203	1.2796752382248138	1.4289496188054422	1.45078190599174
0.7901439774186014	1.2589965354487065	1.3488996299814997	1.44647819041068
1.9663012626809113	1.288460292941303	1.5647057527957484	1.4514036320368953
1.605795091449473	1.301498400941239	1.5096094870283854	1.4537954225635947
0.8590075519586438	1.283564632937956	1.4585092175918706	1.4539869671442474
1.4107408098753433	1.2886507383482657	1.3634657865405586	1.450367396389633
0.4704275257627677	1.2563607524289426	1.3004526949976736	1.4444515155033208
1.4846210392872718	1.2652520387441686	1.3881729256903816	1.4422595879490552
0.6550916823289987	1.2417900901863441	1.3279165921854554	1.4378629790578557
1.1292626209679764	1.2375179618611338	1.4569734002704076	1.4385885833530687
1.4793048797642112	1.2465829853920192	1.3613347163728151	1.4356923515541924
2.737453244980402	1.3017878247276955	1.2566595941007237	1.4290630342970254
0.37057534458177144	1.2677266573901043	1.2375286088556607	1.4220571606282535
1.0672564135552718	1.2604816067586957	1.2186681896863711	1.4147065833282437
0.5387345602175757	1.234710509345038	1.1969905213318452	1.406932699367239
1.353384958784277	1.238898026070915	1.2614611029476466	1.4017994015031783
0.6390055459775186	1.2179757374931977	1.2241398196618336	1.3956030217169433
0.9143127373252746	1.2075064632344015	1.326089536097943	1.3932061456437035
1.1383302040196406	1.205148404161081	1.2616039802778927	1.388720346554353
0.918623388268464	1.195491971264583	1.229056117859741	1.3833392350046418
0.8817733415628639	1.1850364704671685	1.043446813136002	1.3720114228975113
0.7617580728610207	1.1710846393064918	1.1524340460707672	1.3647736511853377
0.7462060719323504	1.1572321785955877	0.9453333950528302	1.3510984526005552
0.8863496034023417	1.1484956913431494	1.0150529318523511	1.3402603295890234
1.001208279403596	1.1437958942533184	1.1499880566598533	1.3341889277497496
0.44552202458145285	1.1217491009348675	1.0830326903118	1.3262590613458496
0.7133000723425256	1.1089873913293613	1.2192120425061495	1.322914494153118
1.18683447449666	1.1113944483661542	1.236271941447744	1.3202351349106078
1.1767973246727488	1.113395954996017	1.1226643796312055	1.314187832101176
0.9444085834329186	1.1082758897190281	1.2343755011611206	1.3117695618570755
0.9226427834683695	1.1027076858424367	1.3167112111351122	1.3119176056669009
1.2960285163076946	1.1084491057597803	1.293273096938076	1.311364072313777
1.1282963063332754	1.109032801352567	1.3458270276228954	1.3123775776592406
