-1.0	-1.0	-1.0	-1.0
-1.0	-1.0	-1.0	-1.0
-0.3353414069500873	-0.6164511965182701	4.166020930357608	1.9811111558914862
-0.7923211539197459	-0.7021394932952526	0.5687172174204924	1.2929570555083556
-0.25433864526421524	-0.5137440736838172	2.157218345927123	1.6565625730439444
-0.4951660974939408	-0.5068738670565082	2.0180365876716886	1.7902382366530176
-0.7793957929616591	-0.5967286940851462	0.1344621813828082	1.244302440927247
3.5254546796914576	0.6290961126401726	5.186600437684761	2.4166341931483295
2.6235602758652594	1.16910678750854	4.309014185956268	2.9290050918538175
0.2771720325680507	0.9474803019061344	4.2170383866655685	3.249053667291684
3.236625472879912	1.4729955435322553	5.0422941224237166	3.6607243809991328
5.160816683666523	2.259682923077002	3.2969388873440435	3.5831219043069513
2.060674730908381	2.220038649811253	4.263788927084462	3.7187186584638026
3.3633688792218823	2.4336654785529728	4.932592020878967	3.9455263401034006
5.519585837461879	2.976544674502169	3.926233814752594	3.9421321612687636
1.2403858683482394	2.6879938546979676	2.8777039546680663	3.765223384336215
4.294580968975148	2.9410239178352486	3.1788580111675637	3.672873346658424
0.7487322111630255	2.6129363810621244	3.6745514466505123	3.6731240443876683
1.1517672106048904	2.4046369832257497	4.217595967396696	3.75074214578913
6.407350178684437	2.9494058882647463	6.234277736992279	4.088750839246587
6.870226222614628	3.4599057256452497	4.123435420858881	4.093267158242961
2.3326787240834213	3.3192356999203083	4.5002850664576055	4.144061313106992
1.1174261086934867	3.055424670283011	3.2309770553445576	4.034660164166298
1.1461203299550147	2.8354362708878513	2.892822688443439	3.9030990900652043
2.9922837633183734	2.852840945102186	3.3320658403997445	3.8397365523938456
-0.18206279748178844	2.52808168469667	1.6439035672811713	3.6047651516893486
1.5219057323425882	2.4241178143108444	2.8521368013336916	3.5269994439907
0.4252626339060195	2.224455272156237	2.153119229721242	3.3897648917663217
0.5773260409119341	2.0652235218542963	2.3477381038761695	3.289029689813363
1.0033769807942474	1.9657747298792678	2.7513978531172096	3.238677032259587
4.1449733909944735	2.1636961585308985	2.549356137154758	3.1760707424790677
0.9004231297193821	2.0523312946550964	2.3343736454615174	3.1018704180019574
1.1497085039176622	1.975030281564949	2.6804244262485497	3.065778107603963
0.720653668301038	1.8705842466170663	2.0398241108912067	2.980351749046354
0.7050906995259467	1.7761585694752782	2.2521454656046958	2.9213542508058916
2.2125591398656255	1.8105859029223161	2.052409276627959	2.852804823475756
0.7812587060382548	1.7314638272270075	1.8918326264137844	2.7789373134342803
0.4356723211871185	1.6343463930620707	1.6139844520621667	2.6916263654078807
0.9402728831017608	1.5835940584395218	2.058012322886478	2.6452950678256517
1.561073739544537	1.5819867837518382	2.39697761854412	2.627569717261834
0.6968423258697882	1.520269859025626	1.9377993361060581	2.5794751023764064
0.7997603902187715	1.4711731029146873	2.155790314863435	2.550604631106478
0.6775216411577076	1.4182930454273017	1.9785547447893284	2.5124897989756003
0.30432171896782845	1.3456825687026814	1.522788257594796	2.4479796828124267
0.9260110214369628	1.3189091148160093	2.233002939206092	2.4342649737203845
6.919852925735102	1.6687909954762237	3.043368627936627	2.4723150928099873
0.9217140606366367	1.623074285860354	2.1510640806511017	2.4526566387891933
2.837447268476558	1.695902710186695	2.158636491752494	2.4350244759987034
1.1215228859600979	1.662131378723306	2.3721725516334162	2.431329189698608
0.9729270417074987	1.6223875048828504	2.7674114122337117	2.450710069293255
6.692321134035035	1.9092416008452133	3.1538559126695738	2.4904942565944705
1.3610401513620807	1.8787992115256587	3.1598315792580722	2.5276646678823784
5.382297244558652	2.069822516831095	2.300870571035486	2.5153000650698107
0.9296834519373982	2.0087680257541267	2.331846736789787	2.5054761964191163
1.4378706031012278	1.9787324559470614	1.8801612981060267	2.4725776616866186
2.3347253908311223	1.9971390159639535	2.170415909952514	2.4569545818462117
1.4708298622566218	1.9703869606052011	2.2451881407770853	2.446190217243318
0.22205751439361654	1.8830017121923892	1.6579053715234413	2.4067899125683634
0.16316115119339125	1.798448905369951	1.6597982568474499	2.3700654138617914
0.9446082258599275	1.757148257511239	2.036378983469472	2.3539250375990712
0.8979086428294865	1.716245816699423	1.9215199384575787	2.333341370343202
1.3373942627113147	1.6984927170589224	2.361768642961319	2.334673188600131
1.1797277199809137	1.674557307381026	2.2567327138464623	2.331077083409713
1.176374319099748	1.6519197808990747	2.1796413337879574	2.3241959836617943
1.845444963255975	1.6605826383966242	1.9414639121950832	2.307064090096449
1.5123365252909267	1.654044689117542	2.360670517906243	2.3094288954151723
1.852280875933368	1.6626616821677889	2.5078912389166756	2.3180558387159884
1.8101315349586233	1.668979665233882	2.3311720880302604	2.3186173736673332
5.4160996721149415	1.8272641917276444	2.2824315114420206	2.3170885168937723
2.1489813679431022	1.8406654026918998	2.3962029015411845	2.3203840205281163
1.846055998504069	1.8408869516130952	2.3018803603148323	2.3196238871825443
1.1606046963128134	1.813315363151644	2.071272428012239	2.309558540150865
2.024655125878974	1.8217670122355138	1.8874887553831847	2.2926802717184374
1.298641385119089	1.8011228621687039	2.0990497363646194	2.285039377182497
1.3707974886427783	1.7843615767483203	2.3209432921933595	2.2864386120855604
2.2543180540830186	1.8024323674569258	2.081469471710639	2.2785569904509004
1.3893659777503906	1.7867501411705278	2.637089608944032	2.292169123500214
4.3079878288493045	1.8812748396939791	2.2019612972739355	2.2887872687387425
1.2993894047412509	1.8597286482274953	2.18780783515319	2.2850484254257832
3.0245510691476696	1.9023340426381758	2.272246620562722	2.284579757581512
0.8437367003286196	1.8640797134847307	1.956149056588794	2.2727110621168163
2.87691931034617	1.9002443340962403	2.1202405411066487	2.26726654705655
1.2370180901830796	1.876841094116008	2.1378461474541077	2.2626994116755124
1.2765695503262622	1.855905154840222	1.8173029692170424	2.247164816600563
3.400015212015049	1.9091383688376626	1.962120073864773	2.237337029695501
1.630690219420202	1.8996473488109702	2.172301708080269	2.2351198947792628
1.214920365344896	1.8765708841378976	1.9998055086345703	2.227189021400332
0.5251174912532792	1.8315310404329503	1.9242231087621988	2.2170917110375523
1.909571321665163	1.834103192783473	1.891232637680822	2.2063510680386793
2.544923979624477	1.857277510421782	2.0428095725925113	2.2010190155350724
1.4723411390212848	1.8448625200153517	2.2177071549221394	2.2015572302078237
1.4161980934741787	1.8311842919913368	2.410582142161742	2.2082270566978006
2.1541574267923957	1.8413812147952036	2.0742224251482817	2.2039957291614334
5.577280778771824	1.9581058662646713	2.185284127954362	2.2034104416552127
0.528488189509972	1.913898570289403	2.020575282971475	2.1977565422771974
2.438602699912878	1.929958035965436	1.8482247873229376	2.1870583492942695
1.3998629579263815	1.913897298327825	1.7159694137545225	2.1727853709444798
1.2408914363089676	1.8937103971188103	1.763464600201039	2.1605076578662255
1.2385859500553438	1.8742546778753182	1.747016991653942	2.148228028307957
1.078576890248374	1.8508563735241785	2.03832579656376	2.1449963516616073
