-1.0	-1.0	-1.0	-1.0
-1.0	-1.0	-1.0	-1.0
-0.786966461587526	-0.877066557273948	0.8335600029650052	0.05807679527365828
-0.28958863193372375	-0.590832384756869	3.4542413332331083	1.7127744501103463
5.164101807087367	1.8303404720842176	3.4823279650303425	2.4572477323797077
2.133663474675968	1.9425115939759778	6.498276957902944	3.951654227406662
0.5142147443044527	1.4715792856885082	3.4291642866135206	3.779380996166225
4.439362810052155	2.354116475997712	5.273691972551198	4.2237475183245685
6.621844803361501	3.5096240409755577	8.798425491704995	5.462363100935953
11.549235684665671	5.507294198790994	9.492783521347457	6.463835797123398
3.963476941518853	5.152881915995175	6.205761440444708	6.404589725894391
14.801770820336895	7.211184037909085	5.24565033924551	6.1573640184486065
9.509099226466	7.668953771358277	7.843104419394187	6.493181888761601
6.419234312647414	7.435449675037667	8.178418876840743	6.808061976456262
1.3130904142968465	6.358395542429625	5.71027918550909	6.614938383706766
4.153020872280027	5.9918604541163	5.8398044169748875	6.486110161737143
10.873019635488443	6.760619996635321	6.267630987392449	6.451700041727435
7.580780085525593	6.883361225420979	7.892900200982446	6.667383016976635
18.689828287198026	8.566450989332461	7.363266325027988	6.76658549409442
6.61257732198704	8.300527459978547	6.1893953211486785	6.6880287935927365
6.452002617653444	8.059846084726724	6.814399759388168	6.704483189114079
8.142969564704323	8.070219486820383	7.257590538074311	6.773507513130286
8.03064908258828	8.065479734196446	8.421549489837203	6.970970292373409
15.506997917019945	8.92288833333724	6.570786741749365	6.92486225122986
3.403141127893452	8.310405814292624	6.023882268177026	6.824888857382791
4.245161136391816	7.875392138541299	6.118849018551473	6.749337742627606
8.028684581593149	7.891232721149612	5.280226101559047	6.59754142268205
7.184511627007751	7.820639780113305	5.127223966649349	6.45067387748922
4.660126562765039	7.5151059650919	5.136866871918714	6.323665318518495
3.502661639309988	7.139314447739407	4.8877968559952185	6.189186834672711
5.375394639980961	6.9791094997529655	6.100481311009896	6.181129945837731
12.146287725738413	7.434625659528033	6.423531848491704	6.202498386593598
4.593052911784852	7.1912715960603	5.62254981287042	6.152831979864479
8.264880622936344	7.2806670288900435	5.167951543875135	6.070826330216062
8.74631944358937	7.399411870257195	4.482801121524193	5.942168394382782
2.2975918623276854	6.996937278736827	5.022583916559147	5.869624312560286
2.8999254059032387	6.682007777909458	5.610932684271255	5.8497394751955705
11.539598609518722	7.046079913249757	4.919355102079657	5.780009526247387
3.735806255928983	6.804023590258382	4.652683520799614	5.6975759841377664
9.30942042844269	6.982866964099747	5.000692051809175	5.647829748352979
9.376036567207167	7.149731545557405	4.913040334344337	5.5965969835239955
11.951425446505294	7.476929865068996	4.738805697221551	5.538146274894152
3.861457897713648	7.236035032384859	4.417992466221101	5.4635121199842525
3.234360003378458	6.975198645891463	3.8443839945114053	5.35797459264885
2.6801632741949217	6.70119195449215	3.6448187641588907	5.24868204490856
3.1702864230149608	6.4806233230006836	3.9308556060301036	5.166360607111664
4.267858770582866	6.345215409250807	3.7859317253506948	5.08188686373531
2.052015926927484	6.087746658369755	3.0397768903013684	4.959419247950963
4.531484283543226	5.996244729374421	3.6854360925315994	4.884514212659499
3.606585121839834	5.858441948863101	3.439354453494717	4.8011773874052945
4.267364332752262	5.768421406575832	3.920094115049084	4.751327652166109
6.44304043137275	5.8058860115604505	4.064420410044392	4.713183321075792
7.361890234548879	5.890725499214368	3.606853752828613	4.652863545308288
2.0171369051961516	5.683295537721234	3.515907694569032	4.591980966845112
1.8077474207527073	5.479398012107562	3.096380228135269	4.513295075136294
2.702316732557581	5.335809784147636	2.8458543186647165	4.427080373329756
1.4686101149765576	5.139245011190485	3.3183867664151707	4.3707272374322015
5.39694736203776	5.152125194293334	3.1919819583824847	4.311810870266924
2.0602081775292946	5.000116950370262	2.9559475835733315	4.245152558226818
3.7705214873951594	4.940640249145645	3.7828606286251985	4.222790804314222
6.573901616211304	5.018389035073666	3.9952832973241916	4.211960895203836
4.191149470553866	4.979625352400916	4.022985791183429	4.2031061354674994
2.7934080873742078	4.878754860223139	3.6574440658127267	4.177929561041741
2.9308406360678765	4.790240835191079	3.5250957341210984	4.148264624598462
5.833461947997821	4.836937987558017	3.748375657329367	4.130364490858034
11.043732405601247	5.110686523384892	3.2570475763479756	4.091847338680504
2.7213375946495093	5.006832511954532	3.6009294724842844	4.070510074719291
3.354235494423241	4.936027162252447	3.7680372404306786	4.057550818371576
4.998556127973641	4.938669325630259	3.7259687325475204	4.043544843964486
5.105681340995137	4.9456263010528625	3.638631011301909	4.026678038997357
2.428016485698266	4.842190786001856	3.5008999390502575	4.005076966650279
4.481014525238091	4.8275534705174685	3.619840501648099	3.9894643112990016
2.3121151040808434	4.726961954954813	3.3897970324297892	3.9654841576478805
2.6604037871558095	4.645408375713798	2.953214952079458	3.9255368715988483
2.4653191628412987	4.560490713524739	2.8891082950630964	3.8851664647737234
2.208941444333018	4.470067931220013	3.1766490393363727	3.8579218579762644
1.9866069276318088	4.375781607214169	3.1604177173668173	3.8314406293164556
6.8653911196937765	4.469119324085768	2.929668699505567	3.797631565853635
2.4840947766629395	4.395616438633841	3.000526139708036	3.768115611868744
2.3837132372788696	4.3220271182735965	2.9649032849330594	3.7387368473340183
2.817964152878147	4.267674408525892	3.0462625739313163	3.7137121521094123
5.92599525533747	4.326885921832373	2.708239612688307	3.6778094313129843
1.7759475513912961	4.236871654108624	2.6721328881116175	3.6423221188317
3.7667901200026668	4.220475563617972	2.684481620991952	3.6089150404797694
1.7350818390837714	4.1347897008097485	3.0622481931151935	3.5900679536696316
3.8994989197055565	4.126768773379963	3.230249197132628	3.577802787194866
4.261788727721416	4.131318398173581	3.1014383132636407	3.56174820544197
3.0740730133856635	4.0960837246864115	3.2937817344658855	3.5528176720544735
2.395667901653338	4.040036299496742	3.1075608505446395	3.538141017573566
3.952890070186755	4.037194808040256	3.42539969220907	3.534465094435893
2.5966842554600995	3.990734867382505	3.7773533268613315	3.5422980119296428
2.851474816415425	3.954382058831511	3.3211602241053733	3.535241566761532
4.5899958137283186	3.9744501462062916	3.6167860438958	3.5378159522577732
4.942279459475878	4.004688957137066	3.5017843648217992	3.5366898243111287
6.899287464973074	4.094196194460938	3.3132694524572717	3.529780768740893
2.327013378807184	4.040107711795592	3.1144730414555077	3.5170689326532196
2.4359165830734075	3.9915040419847605	2.9994077808149986	3.501384759660687
2.5698861570991203	3.9488626412932897	2.881121011356957	3.482779923488655
2.7501300654874417	3.913262247153109	3.0515762926022933	3.4699735952280806
2.6550705226842166	3.8762626735080516	3.0276269347965394	3.456965528187827
