-1.0	-1.0	-1.0	-1.0
-1.0	-1.0	-1.0	-1.0
-1.0	-1.0	-1.0	-1.0
-1.0	-1.0	-1.0	-1.0
-0.4472759691645126	-0.7674620240484651	1.1835095477217301	-0.081369974215598
-0.6410083242293869	-0.720698374546563	0.36975923763971763	0.08546142690222802
3.7127107800203243	0.741067521945872	-0.11734045203196941	0.018594391301786306
-0.5719275288410379	0.3506185535837898	0.8336901931057095	0.260981482511786
-0.6303645603215987	0.08501264858786373	0.37687959083066436	0.29236125250588074
0.09955721378624349	0.0886266259066757	0.5785297353141634	0.3634678908023252
-0.54716969012822	-0.05733231023863694	-0.059768765708207106	0.2663059780196533
-0.7154500369413553	-0.19772212557592328	0.27359986020842664	0.26786199153665735
0.2749065751745561	-0.10356943380423145	0.3651507843332953	0.2872429154559819
-0.5738723479548207	-0.19144348951220158	0.4991511455850275	0.32683716008088504
1.273589346549056	0.06628683327945661	0.7610252032389597	0.4032198822864961
-0.3615136006006663	-0.004813919416236878	0.40184649053926447	0.40299155548123045
1.2567084972073856	0.19386991689171862	0.46309815897317597	0.41245790582541453
-0.336534298153522	0.11449222197334885	0.7215123360096873	0.4587092786365148
0.07805191831635327	0.1092975036073709	0.74602453063828	0.4996681269332226
0.9522276735219064	0.2240199920279753	0.9156910426429501	0.5562885011136662
-0.16886223884787543	0.1728658848714839	0.36466208638876885	0.5313383506712066
0.430242500292791	0.20498502459554402	0.5576558146506949	0.5346228275161469
-0.06106035888093653	0.17310874235120322	0.03716731945398166	0.47501999148348983
-0.49197940119873584	0.09647775337384301	0.16172512029062136	0.4389224193797272
0.207279214997093	0.10877280297260072	0.059673194356538506	0.39684032742550523
-0.15205404838998948	0.08086234101586887	0.21769076603741944	0.3776700624073388
-0.12665937326159704	0.05942013515953737	0.284480610385367	0.36804142788242267
-0.6954125122332638	-0.015978993472299363	-0.028916684206037435	0.3283898237049676
-0.36504122012621554	-0.049723699351719164	0.03996515788990518	0.300507039711561
-0.3021094964223383	-0.07336122671582268	0.04432129842405419	0.27651364308787785
-0.6308809379033207	-0.1239968008170601	-0.03764449937361236	0.24798103442399855
-0.7639346564221401	-0.1804110907909129	-0.11165512316730375	0.21627709302092168
-0.5793339110563753	-0.21457514592061555	-0.14168169358562632	0.18562128818545687
-0.5797361267566467	-0.2449803521256826	-0.20465354993296658	0.15312499576713812
-0.6243499571604857	-0.27571604148265827	-0.26858334305586273	0.11895913474998743
-0.40953983167164776	-0.28627318804547774	-0.09616449680156436	0.10198837182846043
-0.6337054265922282	-0.31297965431069263	-0.1909543370299701	0.07947041877812744
-0.7053096136195848	-0.3423841574126608	-0.2716459944274756	0.0531549520281378
-0.7874539165057173	-0.37492883436006197	-0.3080434590905544	0.026743150633265156
-0.6862853181861395	-0.39715455217861284	-0.3215290745034486	0.001882234244332981
-0.6882228558363992	-0.41744930730385743	-0.27184589896383804	-0.017203492086591665
-0.2768631977242071	-0.4078694327958218	-0.16316242986579	-0.027149327098355158
-0.5975428959869957	-0.42050714551089186	0.018269334527731607	-0.02412301157289254
-0.37212948270565027	-0.4173537124896608	0.07368855808622077	-0.01774732286629277
-0.1769525459357153	-0.4020169750524154	0.29982884256937137	0.0025129193878610234
-0.008838608597421138	-0.37745580703416426	0.040956417067132156	0.004914439573379115
-0.32647666068191783	-0.3743361553041451	0.3178610733218006	0.02406503703303353
0.07265134370329607	-0.34752965125311275	0.20759367529952555	0.03507154863436912
0.08635148789388669	-0.32201875308315353	0.1898100440099597	0.04416990046925329
-0.2390728385258174	-0.31723545481245774	0.2148198866129185	0.054010842688653415
-0.5191964921969008	-0.32866218985791884	0.10234636741992831	0.05674574990551906
0.9157966127469237	-0.25955457012171157	0.1481537889820017	0.061821947619906004
-0.2426617328773093	-0.2586334293104853	0.29426864986068213	0.07449581597738097
-0.1906929422807332	-0.25499512809556824	0.1745108058564513	0.07985174669673656
-0.19374171391798212	-0.25177258037349326	0.12179355244381829	0.08205826221271328
-0.09879278599587848	-0.24386297079762898	0.11366968587403448	0.08369253084694783
-0.21659366895351373	-0.24247697186923123	0.12803499055962098	0.08594630828816041
-0.3599196280499338	-0.2483469828322714	0.07766842424087406	0.08553259417629344
0.01764637996811058	-0.23526991427581345	0.15203230067555773	0.08880192382054397
-0.07232133307498878	-0.22738802054576557	0.0439199501448686	0.08663092076083667
-0.07242991670472465	-0.22001155174335796	-0.11712609307016852	0.07693139456479003
-0.3743901643764115	-0.2272456775628544	0.029224341571154833	0.07469589198638049
-0.19987557343565676	-0.22598276167420728	0.0176680380614056	0.07206477337486228
0.10829989119834904	-0.21079284214041194	0.08620011745272738	0.07270704766001379
-0.060849270699208424	-0.20408085799938158	0.08233141911752329	0.07313800242819202
-0.37896910312420096	-0.21179426342780194	-0.01383155959639093	0.06930219704479756
-0.4218877180859698	-0.2209260713032819	-0.01730845660251945	0.06553768523989145
-0.4099440064247095	-0.22902445180282105	-0.05463954331964871	0.06038884157312352
-0.45954295205212115	-0.23876198863765075	-0.12291451441958878	0.052645745709888114
-0.351709416041477	-0.24346675680719232	-0.033969048180028105	0.04903792010167418
-0.2673448561154833	-0.2444477734103242	0.05619961526985162	0.04933217840750426
-0.32628639314978114	-0.24776461556419627	0.02252491435044468	0.04824579435284582
-0.3549669997147916	-0.2520516129132986	0.04564159398563716	0.04814165662556702
-0.16460058365388497	-0.24860036728459034	0.0881055651799767	0.04971890947067448
-0.10144985204883317	-0.24286847722853977	0.18043280104541837	0.05481061986747959
0.38371512935251473	-0.21877479165045244	0.16823381281712213	0.0591721061667112
0.20103464909637636	-0.20283651529845637	0.053920439051137414	0.05897265174546895
-0.029559732511938552	-0.19634009949592157	0.1175623113412263	0.06116930672503429
0.04204542890452312	-0.187513143025964	0.12249296730987269	0.0634399030400361
-0.34909738261340106	-0.1934234125275639	0.05119139670510764	0.06299192637570306
-0.1886559050297989	-0.19325121939536827	0.1381227517522554	0.06570677632673316
-0.27109546215071256	-0.19603093878146105	0.26327626412052374	0.07276100890779413
0.5938533616111854	-0.16815883146428423	0.29754126257532865	0.08069255310548651
0.6560938327945458	-0.13941235577151379	0.4031482299912592	0.09193822160904475
0.20884536051554492	-0.12740615164543245	0.3796083918970654	0.10185559965920499
-0.16178086787531976	-0.12857779754560195	0.39341420174354935	0.11179305721085875
0.6827372952420572	-0.10123581273236015	0.4051589779228204	0.1216796011605139
0.17137413927860567	-0.09215071002496733	0.3926770952813221	0.1307109439428591
0.3097396118438105	-0.07890442447740809	0.29225158860043066	0.13603514538479322
-0.08619557929314214	-0.07914220380730752	0.26182052542007495	0.14013596813502116
0.10417165331334832	-0.07323022452878813	0.2750836844570477	0.1444879998214832
0.06935360312590699	-0.06868066502583248	0.2457208830665203	0.14771806645425611
-0.04309866009302954	-0.06787301561388137	0.2059129554640191	0.14955539485684
0.06738916941404893	-0.06364695389910524	0.0940147393929971	0.1478199299588696
0.5244092709016988	-0.04546293314817562	0.07942196689024295	0.1457048426561296
-0.2131496632358577	-0.05059539940753255	0.013456790149096953	0.14165701976509082
-0.1252126320286936	-0.052856185390322774	0.0827887357119701	0.1398733824275118
1.0941745380402539	-0.01845079990389853	0.11913684205969233	0.13925153403663226
0.10182768879588866	-0.014878849318110121	0.17312693019588	0.14025747755220164
-0.24806714009932185	-0.021736116531476446	0.08491271522622768	0.13863008285730882
