0.46502114572967557	0.27911891567581937	3.21096002252148	2.6766149305504823
-0.8627049715510626	-0.5226809837065358	0.5591638296843642	1.1897199926555224
-0.6523588316799247	-0.5975130798049688	0.6048846267619856	0.8522340062981046
-0.8738767588222236	-0.7321644755032443	-0.5126596926723628	0.18722315581343296
-0.9123373935115462	-0.8079654700368397	-0.3461156908483396	-0.03715910605220918
-0.35307997283498005	-0.6397449518413053	1.10957308534892	0.3869121618999707
-0.8103657309619939	-0.6960013673892056	0.23351925403605467	0.3363359741666505
-0.9142319503065788	-0.7608971970459772	-0.4508743267528975	0.10224106520416298
-0.805609187821563	-0.7730032024144426	0.31944633741367046	0.16105028644185726
0.6110125602985659	-0.4291052990559291	0.8908569566590956	0.34239134431404805
1.4845200302142243	0.010203099416940864	1.9282882549184261	0.7064635553549272
0.10227179432338707	0.02984309435448962	1.733357314907387	0.9255204805628481
1.9665243306230429	0.4156512317048837	1.2893604642489596	0.9980015781699643
1.1271313927534505	0.5485883670444178	1.835430069564925	1.154471657987881
-0.0991826269207633	0.43463134816686333	1.3989958769339448	1.197488093645393
1.3030173028484398	0.5789574679368223	1.5188231207362137	1.2508939589853232
0.8237424823128807	0.617510085670355	1.40168928881269	1.2746436504958742
0.8980191528593116	0.6594895019447164	1.0911736632417464	1.2471862738228592
1.5200822934237426	0.7821729083252649	1.2222103401926687	1.2436259391171491
0.2480370068590736	0.709476842202124	1.5786103223259387	1.2892171119829081
1.728808503104466	0.8421961456474303	1.3229564777790959	1.2936101342161632
0.7693079670888423	0.833100427845342	1.5925531929990524	1.3309166580437846
2.2980546167178155	1.00862570340104	1.232682375653091	1.319147157914772
0.7181071688579932	0.9751525855945433	1.385569570584559	1.3268006291267787
0.37199136897922047	0.908224748989211	1.3245741971046385	1.3265540299380874
0.9921688700888258	0.9172075842630494	1.3791143087976745	1.3321785632178251
3.970102877884827	1.2326515569657404	1.814242893647886	1.3819886921343634
2.3305791973860708	1.3423216140116252	1.559087891193602	1.3996786326603283
0.9200895083140166	1.3015035584921266	1.5486036120769606	1.4140756420553653
0.3095412388736243	1.2085999444942264	1.1169920806701819	1.3862519928608426
1.4670671845478518	1.2320752412648939	1.2453887434074842	1.3734588243079897
1.4605274572584657	1.2522146215733447	1.1093942987545269	1.3501799345966021
1.4399275151346766	1.2682906335535327	1.366507452961251	1.3515783464930475
0.9165318004226277	1.2390018412337644	1.6659192908617615	1.377752746257571
0.1303027749587491	1.149177574382279	1.2416388099868216	1.3667253952425442
1.038134160336094	1.1404176743567471	1.2176008637894582	1.3549613462365393
2.570283397501618	1.2503296735822724	1.4546322870847441	1.3626234715987593
0.8845693375261272	1.2229167836095174	1.577133890447708	1.3787012130592755
1.8789197802229607	1.270885878524596	1.7033734774952887	1.4024425086049552
1.854046160872953	1.312513885326414	1.2319250954602174	1.390270407667051
1.173864408885362	1.302846468743652	1.2816513790382809	1.3826968608168149
0.19665563341393422	1.2274687397608166	1.1480271709673944	1.3667063909448105
1.831687373309645	1.2677274010079338	1.4394889552061487	1.37155596248927
1.5935405726428993	1.2889646299870239	1.3361340674200703	1.3692472074602384
1.638954752042189	1.3112931792095464	1.253818817860164	1.361883752575448
1.3591008064377679	1.314279879968327	1.1211406160080872	1.3468451816619793
0.9689122833294663	1.2931455625663517	1.14743855557	1.3346428719220946
0.7714759324714795	1.2618602084929886	1.3685863893752597	1.3366783849519246
1.0756917216727002	1.2509144840476512	1.5662215860517068	1.35017506711706
1.413005606387911	1.260262012821899	1.3329751867628539	1.3491835066075466
0.8322584016910997	1.236046040008746	1.595898495814156	1.3631426043768213
2.070581279942039	1.2823901226686267	1.725380828608178	1.3832589712017085
1.0195049790365545	1.2680570234817834	1.5827617700049301	1.3941367507294968
0.7581401279151097	1.240751013227571	1.3749817351980087	1.3931111030208245
1.4339118110213338	1.2509130012372052	1.716578232670368	1.4101286100451258
2.051365469241246	1.2923000761426908	1.4030979023678047	1.4097650796245307
0.9032768342398143	1.2725263940404905	1.5459636695079815	1.4166877397329887
1.1679512974775448	1.2672993391161667	1.5178326840770753	1.4217429753911301
1.6079220815151776	1.284045475896793	1.462027521449913	1.423723535235724
0.6135521047848143	1.251613240106877	1.3894838074936304	1.4220672567591661
1.3140695740598232	1.2545868103771536	1.2071827928672865	1.4118384897237117
1.5141691286556003	1.266750446956698	1.506497239971953	1.4162738426388786
0.9211654970203909	1.250805463067159	1.452856659090655	1.4179617938432854
2.5732652416051733	1.310899027248778	1.3773976292263805	1.4161187799471442
1.6381265375900922	1.325546599271262	1.4654076791959327	1.418325103077613
1.3055114028626105	1.3246631681604097	1.3288236011853467	1.4143778908905524
1.5686640317053473	1.3352694104993672	1.236314070216205	1.4066387308828046
0.934281791324183	1.318088929730194	1.2542275352619	1.4001084808675976
0.359473951705352	1.277595439641943	1.1774649345070762	1.3907038353600005
1.321245187080847	1.279414155909273	1.310331460830112	1.387356364176855
1.566494457896459	1.2912088579648944	1.370750752893529	1.3866741415317207
1.1317041668985346	1.284744420475588	1.5216188804400432	1.392143783191437
1.6937085579793676	1.3010993676027223	1.5253117746381908	1.3974696683661025
0.9177286696874558	1.285970188881981	1.302015657878692	1.3937027909400026
2.0376339354041515	1.3152491399945156	1.3514171601908553	1.3920561282871433
2.594127635874877	1.3644249441112581	1.5607176244909335	1.3985415668877916
0.8887362540091635	1.3463652688169718	1.4238245273606447	1.3995016789715038
1.222957947260146	1.3417385187830648	1.4577546329277116	1.40168560107483
1.7018466341007699	1.3550728744284086	1.5112539745212383	1.4057428199089692
0.8769026535206075	1.337582868359351	1.3003047078338552	1.4018863221238895
1.2132376708918464	1.3330892958653906	1.4524591065315464	1.4037136771907952
1.070357468110803	1.3237075967327687	1.4123903622148104	1.4040229673730598
2.0889609924669212	1.350710262618585	1.295014897103289	1.4001760464557984
0.9034985638958724	1.3351131036733257	1.327420207181305	1.3976385663781703
1.1529160782527468	1.3288313337678423	1.3250430789606398	1.3951353500738692
0.9659714499065539	1.316463563278981	1.231692509866905	1.389564505767264
0.8068620257841368	1.299288899266387	1.2732795931875387	1.3856449365916825
1.1756648702229722	1.2951685845651455	1.3441670148941576	1.3842622642414972
1.172686669520898	1.2911315073476888	1.3666109016348966	1.383680473822504
1.0324117590643387	1.2826963097813397	1.380226796940848	1.3835675410111405
1.114068196641338	1.2772574333498907	1.402183803783518	1.3841676390611997
2.2691361739041684	1.3089072436881808	1.3609909748546203	1.3834280462556374
1.1541373894328504	1.3040203014470775	1.3380946799209164	1.3819963357239322
0.8131382547159653	1.28868290191543	1.137318434994178	1.3743514274873072
0.9144274779655621	1.2771099225397227	1.272835641024317	1.371212189424028
1.1055525457229627	1.2718588294844553	1.353152699130621	1.3706591667110364
1.342654827268765	1.27400358001994	1.349101077785833	1.370005786695582
1.1367844295557812	1.2698876586902967	1.508834558790792	1.3741698991701679
3.3217647058692243	1.330823533062972	1.4948656002370928	1.3777538432708498
1.3967640066903848	1.3327624706981451	1.4760025334228692	1.3806428610821584
