-1.0	-1.0	-1.0	-1.0
-1.0	-1.0	-1.0	-1.0
-1.0	-1.0	-1.0	-1.0
-1.0	-1.0	-1.0	-1.0
-0.9329724473873696	-0.9718006672106645	-0.588927051851773	-0.8270564504642115
-0.8978220054405864	-0.9444427304908214	-0.41057310339383035	-0.673037376469624
-1.0	-0.9627608514054493	-1.0	-0.7808421862687073
-1.0	-0.9738347588182579	-1.0	-0.8460137444178383
-1.0	-0.9809191225494276	-1.0	-0.8877062568838081
-1.0	-0.9856603083691231	-1.0	-0.915608826033585
-0.9538923357786478	-0.9783673843075144	-0.6223779329087995	-0.8482922581916825
-0.5826329471850904	-0.8939492730384703	-0.6003812271868552	-0.7954078694981843
-0.7277628958219926	-0.8608431616244406	-0.3146489520012309	-0.6996355253063558
-0.36772694836338715	-0.7687065096858811	0.010100572224648774	-0.5670243758880473
0.04796951506602665	-0.6250358342887588	0.7681861086142054	-0.33213247150228276
-0.5145717066477181	-0.606676568974516	0.37694689415367955	-0.21428285199583463
0.9637086532711174	-0.359347919973116	0.5098533113463382	-0.10023462897885271
1.07356664253362	-0.14490547719472968	1.6292884529259721	0.15859665999799533
-0.24484517423638197	-0.15915263000988655	1.1366235890414491	0.29802067811017974
3.143983785876226	0.29040428447637345	1.6472627019090034	0.48165246936726125
-0.47910985328384426	0.19021184983399175	0.8389686649311181	0.5281757631321309
1.4269438480186585	0.344548041737998	1.8892683842669706	0.6980313665171689
2.9714645672147153	0.6592940695854677	1.2865209754034908	0.7685417609785712
0.40602952985709684	0.6301131491448866	1.3328986657336377	0.8335666721305321
0.48906636000051984	0.6144624922998818	1.9227489206290191	0.954425149263423
3.822984592562058	0.95780115807713	2.561095666210941	1.126352463981147
1.2149969280901036	0.9843764619789968	2.6706978398571173	1.2859239281186396
3.1838591429225103	1.2040795645953488	2.9873661668156903	1.4558785076106382
1.1252359729123924	1.1964575857828454	2.075099955791379	1.5157400514873873
0.8648355054409764	1.1653990856021519	2.1188184746512295	1.5722223605568124
6.299480255334639	1.6316923145465299	2.4029533997068833	1.6476720100344315
2.693074972295686	1.7252593615814207	3.155897728759352	1.7806309092933472
4.735152681107406	1.9830295624310894	3.2458973108970888	1.9061178162491874
3.1435478401057386	2.0796599676570096	3.1084968164262277	2.006233770907612
5.960567704893078	2.394083624962586	3.3269488957109647	2.113235795549646
9.663546496369733	2.9675612202331285	3.130737219733554	2.1935051907558023
2.1195470286907576	2.9023765387959983	2.68218420782456	2.23106973669269
0.7271530614271036	2.7393465357669906	2.012470554559491	2.214686086977452
3.235055118938341	2.775593702931454	1.9581202110490241	2.195925075118651
1.5216711315289082	2.686084647979424	2.6374540250009244	2.2274432822461687
4.190579710202939	2.790985240680538	2.718521004379682	2.2616834302427966
4.51414514368309	2.9084052710216373	2.635655054187959	2.2871669981073564
2.7254080227562985	2.8962123772498565	2.6886145063800932	2.313915088298707
7.315303737482097	3.1842583277477967	2.7079169861145544	2.3395974767034184
1.9494455919702727	3.105482169841233	2.5951074572270185	2.3558982777409976
3.086006695864704	3.1042664050588504	2.951267403815236	2.3930907213734707
2.2582627749636437	3.0524959284778888	2.7368014540721686	2.414124068122072
2.2497296055564915	3.004353505845046	2.1535669312022914	2.398498672598419
1.2778771939362246	2.902843124161385	2.2470030334460267	2.389591484032555
1.4101032943449305	2.8167624195513925	1.9578357164759996	2.3646940597398642
2.880066498531652	2.8203445137893755	2.245021896559986	2.357923443517242
4.328428168546973	2.904092579951324	2.3086868507397584	2.355189849696836
1.236161123235258	2.8131520817087154	2.050694193331573	2.338588187365017
2.004807158830013	2.7698659516186894	2.251452518479036	2.3339229324259168
2.3257236912455803	2.7464988504294676	2.029787125928236	2.317921757557947
1.5260566833814528	2.6833960429392287	2.0724302639710777	2.3052283332846644
2.983882918460961	2.6986692842246556	1.7319120819286935	2.276087280170604
0.8648124269665158	2.6070091102951274	1.8732902060390786	2.2559543801322173
1.7484189754895163	2.5647982491813366	1.9188812657712426	2.2393829516694366
3.7627523134889262	2.6227436601623255	1.8505557623963491	2.22057491705646
1.8829341752312727	2.587526285796744	2.049699753332598	2.212440648433753
2.1601797223009207	2.5675006744779756	2.0521956464406497	2.2049313698597195
2.446356601046883	2.5619113007397183	2.0250888847566486	2.1966336822313672
2.739424410095496	2.5699783499084927	2.052308089557022	2.1900760862744844
1.3932341872567675	2.517303935656715	1.9511090974680063	2.179378916088973
3.8597860746755073	2.5765134763199935	1.9309267998309214	2.168420982207503
2.3876322112960073	2.5683038833535194	2.209938573305602	2.1702258179770424
1.5556359168177525	2.5249166940118437	2.183563776214221	2.1707979980496446
1.82124533943405	2.4951921993824455	2.05120175024441	2.165745878498334
1.7780730730822811	2.465320496516253	2.347877558932645	2.173332815395865
5.763625062692173	2.600832170656383	2.252445590390216	2.1765836256532323
3.700664667474041	2.6454092934619604	2.4061362346368416	2.1858880690616993
2.7404925052265385	2.6492115833757914	2.43222770003953	2.1957390751935875
2.8947910762205384	2.6589034209271034	2.2663222930665485	2.198524841197241
3.6385869578718992	2.6970643646326793	2.1145289069630513	2.195253638366637
2.81531682333719	2.701611093123117	2.127735713342149	2.19265713751995
1.9691223443071846	2.67380168698712	2.01004853821364	2.185724314399781
2.0953887216086207	2.6521158477450997	1.9358999433178763	2.1763577046404263
2.249488306832295	2.6372066715392357	1.8882514705778015	2.165689140294678
1.8769108479799708	2.6093972354561488	1.963673501230999	2.1583000124415017
2.617160851151095	2.609677210313821	1.9818304805588745	2.1519225252918623
2.3259052470037145	2.5995443963515323	2.038664880573563	2.147878216041863
1.022866000108428	2.54390871498638	1.636132859074046	2.129820398142598
1.6602675235219753	2.513089873846907	1.7213246971817542	2.115572919626605
1.0504933172279558	2.462665587485891	1.649484686066725	2.099503835519641
1.4379046876946604	2.4277374857298786	1.5333973740084645	2.0802085117221822
0.9952026033663488	2.3794593657257357	1.4300687244046104	2.0582980020118846
2.0473438901015877	2.3683905040251325	1.5575943882450871	2.0416107191682955
1.5192807696955386	2.340402979596802	1.569491909385004	2.0260490648685434
1.5995351183981485	2.316248794133489	1.6107913474845361	2.012510585887598
1.4084938494743588	2.2869720515557694	1.5301243726609974	1.9969528607437077
1.5903610710346108	2.2647434217879887	1.5868790682303655	1.983867352021837
1.1667645580897013	2.2300765505466753	1.4473960361380125	1.9669290642132795
1.23107769236793	2.198863365530806	1.51637034564137	1.952851565281418
1.3721921820140732	2.17330085244482	1.576443604918433	1.9412122787767707
1.9619225445722028	2.1668307832586993	1.587839492110731	1.930396248113055
1.876937795905803	2.1580474991326666	1.3994562324977227	1.9143097831237128
0.8346527296787614	2.1183524930821194	1.2852082185943159	1.8954400949587087
0.7049144759342727	2.076376302127314	1.3595740433607184	1.8795261143087068
1.9134179252474968	2.0715839813161385	1.3648981459750673	1.8643923070249686
