-1.0	-1.0	-1.0	-1.0
-0.29866686977946133	-0.5075170457291649	1.5334619762850195	0.779021672940692
-0.9180045485391325	-0.7443935621368001	-0.3480617083947888	0.12862527570225124
-0.9625451472685587	-0.850682553969602	-0.604064024480568	-0.22835952290036654
1.081072559443057	-0.03796883958714958	0.8593522332758718	0.22925455964307528
-0.2810775644095346	-0.12787260939180156	0.713907120822376	0.40848304963690296
-0.18366752003051945	-0.14626907076826567	0.2884955954670536	0.36892128717773365
0.8343097412845824	0.1453278320947764	0.6730001870246352	0.45934560577575834
-0.6965126977516478	-0.08260452079723368	0.6972923949658834	0.5237707324548071
-0.3261514088357441	-0.14312065443883304	0.6825180535638975	0.5632160281351875
0.1959911630180038	-0.0652713153572817	1.379066756866043	0.7505095776522035
0.858933589524876	0.13188017822257003	1.065763062766019	0.8177593928879379
-0.29293121368077	0.04725313210279247	0.9042603111737566	0.8349912351997775
0.05903322303397762	0.049454247529501894	0.9580804257853199	0.857990026371952
0.1894747692312897	0.07408679996022838	1.4531071070248438	0.9626837498963499
13.576896707233969	2.3182634191097167	2.4106625199004657	1.2033389123276224
0.592474280379967	2.046459323994272	2.691527053534063	1.4377216509902193
2.6095852483184423	2.130734153906839	3.0350222670997296	1.676765901512272
4.780677624466597	2.508501852069904	2.2922323680528414	1.764505090283318
1.4673102874308643	2.3667956241167825	2.901643207371646	1.91926978857162
1.9981683872549052	2.318799875955904	2.145446038468349	1.9487187676437907
1.2798198708814468	2.1891417757847953	1.4733114893281525	1.8893908716749372
-0.033500142887763484	1.9228344213844966	1.2966677518835943	1.8183734725671616
2.749085303785492	2.0180352636465986	1.5168863156520178	1.7836368376652016
0.12372843885762186	1.8078389058995898	0.9879836754770979	1.69534961018674
0.5633430019619188	1.6746680065414679	0.668269197273311	1.5854439631718047
-0.24149687049615132	1.4766786519949529	0.2607293944294953	1.4485669120039222
-0.11847660642974023	1.317340932303987	0.4126014374385609	1.3450858148987872
-0.1645779513147595	1.1740805042712679	0.41134701842468413	1.2548191942890998
0.9565547009609194	1.1537077025433122	0.38984782840214915	1.1738089418483395
0.15437381838323283	1.0629452124485907	0.4659168921052492	1.1095161137536755
-0.25177225396196845	0.9470450817580409	0.4153827978931983	1.0483241805120933
-0.2279952328012348	0.846413736726841	0.3249707476104322	0.9863758167226455
-0.24281830894961842	0.7557187107066816	0.06597897780499573	0.9097389846289887
-0.4552364031109759	0.6576097470195916	0.1735228179163133	0.8500923813310712
-0.013037388784116977	0.6047034422818911	0.3891695672794	0.8137309275937896
-0.14090719032319354	0.5473898249770792	0.3333324281549708	0.7768037206403346
-0.44612039952205906	0.4729277172892521	0.3249649493498743	0.7429393333603613
-0.11370159773786914	0.4300317835173262	0.12407131824135442	0.6976860055721954
-0.6252658084880798	0.3547010275276774	0.09882664888369708	0.6549374001090766
-0.3833873611174149	0.3032378331405339	0.04652385653851976	0.6125158114568681
-0.3023145422871243	0.2619744406755353	0.08288776585053159	0.5764260960161762
-0.3595214036559734	0.2205647913374862	0.07213011900768151	0.5428253682104307
-0.20998813454778564	0.19250060908538225	0.0979677479839709	0.5138288013991126
2.3309064273652456	0.3289229676099894	0.1908019829091958	0.4932209940293806
0.20168367479808214	0.3209746552852333	0.36070108247572663	0.48494282383637066
0.210194686007674	0.3141957834467144	0.2932755867318324	0.4732141243422321
-0.013911702928087855	0.2945187211284068	0.27143794024737655	0.4611133282990585
0.3985876993102644	0.30063766715718154	0.2601835787427602	0.44929945219700307
-0.19704922615806775	0.27193794344027444	0.2551527580290758	0.4381038889999598
4.050603377712731	0.48573233646950253	0.12155773567084216	0.42019410722601114
0.32247630833641727	0.4766666112818403	0.10270889042590348	0.4025636717358607
-0.33403438129683605	0.4324648829431261	0.08447091995154987	0.38522059007372844
-0.3279467813953276	0.39174483863085996	-0.06652974649848375	0.36102940512468606
0.4164009059839999	0.393041893829539	0.007742103247243115	0.3424424544761242
-0.35819700250575437	0.3541993643576298	-0.025076432393787096	0.3234400157075621
-0.39489835206198143	0.31612365406171894	-0.08558037058992041	0.3026500198274007
0.610254649761313	0.3308247174686372	-0.11184253845028314	0.28193269260795084
-0.44256952731539634	0.29280218764673416	-0.18939294732330003	0.25876079759425186
-0.5755468127668597	0.25079958854415296	-0.26455161972374475	0.23344781851932717
-0.5837943446211148	0.21107017891056734	-0.19850090135671783	0.21288557723143442
-0.11338166175291176	0.19586646303203703	-0.21566349703822485	0.19280388267422244
-0.553540997034409	0.16128934427133523	-0.20608384393484425	0.17439944224361392
-0.43336100265726973	0.13426823074800565	-0.22079439770420994	0.1564417578500672
-0.2680840706278882	0.116257934841828	-0.16714359004927304	0.14195727724184937
-0.5113134932233765	0.08857923761261288	-0.15361284115398433	0.12892142614660385
-0.5088330484188819	0.06261231868670891	-0.22995295099273882	0.11332272507228658
-0.5163056067780196	0.03780854904870323	-0.23331513639239243	0.09847097907396307
-0.16363253734842564	0.029299449233685104	-0.15982079303467023	0.0875604042735223
-0.18895990168507604	0.02020776348519515	-0.2469142276957793	0.07362773110699816
-0.5594996791233883	-0.003609420360716986	-0.26150682386806323	0.05985886327346446
1.6376429721016788	0.06291082269750281	-0.2494358976486687	0.047323248567129106
-0.5697170544884858	0.03761215514269245	-0.2352951522412432	0.03602136789907395
-0.27854870599042736	0.02513538094353973	-0.2717099721046907	0.023877255836096234
-0.3187635727504011	0.011740079420450522	-0.22846687416590317	0.0140481573824347
-0.5997629874686919	-0.011773610774664878	-0.2830362424636238	0.0026245661502712903
-0.3744067906888239	-0.02554135511131206	-0.3067975957330513	-0.00912299819280249
-0.4138127588626498	-0.04009812412233871	-0.18528191472034095	-0.015727387138216753
-0.5404049473575542	-0.05862383984519948	-0.2273881367580597	-0.023564988482902338
0.005832718647178714	-0.05626612896534777	-0.20529589845218832	-0.030212132882998732
-0.3328211407572522	-0.06626009028567181	-0.26483401946566765	-0.03869079299154943
0.11543749801096714	-0.05977241198506211	-0.264732148140962	-0.04676202880673541
-0.40541152876985276	-0.07196894746338578	-0.2984679809202577	-0.055643999771069486
-0.3115919159180489	-0.08032619541209152	-0.31157683252676815	-0.06457007748745514
-0.4866944573452733	-0.09433612475191222	-0.3497003669254216	-0.07440027700648455
-0.5412534086930845	-0.10956887645418811	-0.3473622969670611	-0.08370394283985216
-0.6261712861834698	-0.12697900281094343	-0.41815851928887904	-0.09497549241234426
-0.5786846319089181	-0.14203302119492278	-0.40748641027595567	-0.10539064207046389
-0.48902308231406244	-0.15347007621085584	-0.3530311950771755	-0.11355307747326782
-0.5733790565311275	-0.16716022107960993	-0.36132364476539736	-0.12163110846252856
-0.5783422228664123	-0.18042169918537732	-0.38486428689460006	-0.13012094591362144
-0.48050227846080895	-0.1899970286118401	-0.3319461667876956	-0.13656105835398946
-0.5342243219442545	-0.20086547624401285	-0.3600285970496001	-0.1436167627211824
-0.6206865471333565	-0.2139825406136131	-0.3563017986777933	-0.15026198241329614
-0.6210714854223272	-0.22657076374972274	-0.3830043582973476	-0.15745903073071077
-0.47370758704381033	-0.23413486914927573	-0.32366575290644606	-0.16254611546059827
-0.42937998224113516	-0.24005044305230205	-0.3774374948202166	-0.16905693506223507
-0.2072521889902792	-0.23906661132418938	-0.3683503804399214	-0.17503469017793238
-0.597402616548298	-0.2497084621059894	-0.4381468392639688	-0.1828485709942489
-0.5900169728224745	-0.2597159329119515	-0.4052418335222653	-0.1893885326013578
