-1.0	-1.0	-1.0	-1.0
-1.0	-1.0	-1.0	-1.0
4.777332562341589	2.3338758341294854	2.743007162533084	1.1599450942953715
14.97926311666992	8.495030589289312	4.3041526765670115	2.6918831674092223
3.3854344623770407	6.345359556743923	3.0667417886020623	2.8495909728123014
1.4387183062499993	4.530841271722835	2.644497939521321	2.773745428655105
7.562344266283603	5.5303755368807685	5.027763335539061	3.5169306509306644
0.6101745704814472	4.0672419446851675	3.4824613164334153	3.506680463101139
1.40162652123023	3.3455135955391695	3.274015558076969	3.443684848752107
0.9703098764778957	2.7553267232311796	3.0599707643942535	3.3483400599201785
0.770395952070563	2.2996486128823532	2.7358114410117618	3.207722304422431
1.7891677660730214	2.190752705957946	1.3720539965406848	2.816137087560152
-0.09163117371865992	1.7360771198562737	1.4578131330885569	2.5455441149091627
0.9823637414558337	1.5952490779461095	1.4247516657972024	2.3361289379657557
1.7518715961868003	1.6228017351263158	1.25089405840769	2.1452123939649583
0.19577542804680403	1.385629060810241	2.008220476063026	2.122444404839841
0.43055760703282786	1.235209656209109	1.8763755263092565	2.0836897581976923
2.8815578997287314	1.4815936606808435	2.070803449821636	2.081761091865645
0.5921905648072097	1.3548035811338317	1.4389494543281227	1.9901244036903276
0.1069868206953073	1.1849754499418759	1.6115796431854799	1.938604091019823
3.1850386145339247	1.445388059352032	1.474769377354375	1.8782118129631002
0.7206910732935599	1.354950946641579	1.3514179297214062	1.8124718559772797
0.1346378743687322	1.2087384703314572	1.2116588703492752	1.7404854083139765
1.707841749463436	1.2662450025168983	1.8591597673890732	1.7541591841975523
0.3517853604957779	1.1647748473467812	1.877203987343055	1.767813165734875
0.3262408606486078	1.0750450425321914	1.7303168111598906	1.7638011050078277
0.908109718111419	1.057796614719436	1.699026661394352	1.7571086816573422
0.9586144344713554	1.0478892312395156	1.4559205557046382	1.727023167280492
0.5729570591568751	1.0019765350135903	1.6299332319992201	1.7176373749681293
1.402568099998179	1.0394944429193411	1.0281495948063952	1.653062291362016
0.819055482005963	1.0194737078895386	1.228771765645964	1.6145271788376054
-0.03319343751544379	0.9266748258584943	1.0791399404477255	1.5673295674126235
0.3782448831081944	0.8797069102490414	0.9431267598613164	1.5138724430155355
-0.26273041322153934	0.7845816848412921	0.8971211855949435	1.462518861370413
-0.04314713974910689	0.7175209209849835	0.9881463691798789	1.4240863259772003
0.4701116337427167	0.6980033332747186	1.0316569700995992	1.393128383974807
0.02778051814376714	0.6464847493198742	1.0347666019959503	1.36558217073578
0.39111773534974636	0.6273453666031423	1.2643942658836989	1.3579983194918115
0.3693368359590934	0.608478940254787	1.2900205433217695	1.3530273296379818
1.0775856301293762	0.6419653500631974	1.0934882268249826	1.3345004995749514
0.6010725000751487	0.6391142511120005	1.415957191482288	1.3401803044964509
0.08003631362503527	0.6010175100982393	1.0809842478896017	1.3225179752776897
0.406734797513123	0.588072769916943	1.4278547645933921	1.3295366829591084
0.6533300057020908	0.592326551978759	1.3199914472385035	1.3289147795012624
0.5333820658617461	0.5885661136012357	1.4134350466098704	1.334306843679813
0.2126758965206672	0.5650849909645232	1.647013844842252	1.3538412246710316
0.8959157620088585	0.5853303184890792	2.0509626670300305	1.396501687354787
2.544415713591284	0.7028194278042019	1.9659438475973228	1.430651942168871
3.1696566474633796	0.8478607128905014	2.4281764916392183	1.489302947503897
1.5275892659607093	0.8870586513563843	2.4090284945842297	1.542340802212406
1.3800157283005259	0.9149500133093353	2.417940415140631	1.5918818752449018
1.411828294165959	0.942542959730116	2.0701093252946627	1.6184391687825408
1.5028254113661785	0.9730918037990175	2.3563862344156172	1.6586750117143971
4.2822284769604995	1.15029680447874	2.1979201714858085	1.6875519237386962
1.7602803324643492	1.1823885714424747	2.601057538211655	1.73561228802902
1.217503252837361	1.1842038795749787	2.300280312648244	1.764807810627261
3.7522513042211125	1.3147340334261108	2.228620468807957	1.7883824731767315
6.837456680093715	1.5907709937416383	2.2864619004558557	1.8132774074667375
1.2129956899790661	1.5721980479650295	2.1594691589972883	1.8302968323785551
1.763047427587709	1.5814294812340308	2.394034689518587	1.8575650969231496
1.799165132402106	1.5917944580527021	2.358200864088061	1.8813970433351268
2.557194531900867	1.6370329069925127	2.350632896141545	1.9033853383416983
2.9179154413528194	1.6961326432838026	2.637290263193086	1.937247893654726
3.1702368026059586	1.763116106988818	2.4882376080304427	1.962284684389482
2.215283773623337	1.783356114245212	2.66022481339779	1.9935260742361223
1.648227042703771	1.7773963801393546	2.4005465229706724	2.0114776472345213
1.8566133671872422	1.7808399587013013	2.6197338506763366	2.0379163694403495
6.112895090878551	1.9664479489807727	2.7753148973965636	2.069510780070016
12.75895442090725	2.4223454360216086	3.00378675657329	2.1089770199641875
3.659000164265911	2.4738584492561713	2.835018971336613	2.1392203266233887
1.575240982919715	2.436938770503594	2.631663504931073	2.1594523098830884
2.9455296196058987	2.4575521203613735	2.5910511592197376	2.1769451602259147
2.177015031729956	2.446333800308567	2.516922219269944	2.1905410952561133
1.9245675555209982	2.425743324934632	2.3478872608412287	2.196751029489649
3.28071314574108	2.4590466405281335	2.4905035566296383	2.208193927594659
1.5959612063829338	2.4258592937177132	2.4315952107595518	2.216784532008209
3.714733224249686	2.474792346194223	2.7970023050833777	2.2388129493094846
3.8376410446005504	2.5258864615803707	2.756148872197898	2.2582078896145443
2.854371437619047	2.538049573632716	2.637770491514043	2.2722623464447214
2.1049407876506168	2.522207507978731	2.242352674609385	2.271168154271612
2.0239959634538773	2.5042030758868976	2.1702896664391793	2.2675219593729463
1.8596622033620083	2.4811882397285863	1.950688828878139	2.256208422610888
2.327924999754819	2.475779700091599	2.1090130862356555	2.251014024997076
1.8395944510813247	2.453591596936165	2.178886219932019	2.248498201069416
2.136216264889278	2.4426496714204298	2.4034016266607496	2.2538383834707387
4.408938497983296	2.5096671097574768	2.449271854074407	2.260498536682101
4.843983471608087	2.588335394172472	2.3547106326529645	2.263673091219612
3.4251585268681444	2.616223564558175	2.37020457311128	2.267223087054528
1.6772819205477472	2.585275189536913	2.1968085611025696	2.2649019102542196
1.522223300261064	2.5506168318506917	1.8394071818112803	2.2510294882532182
1.4937188549881912	2.5165296434707627	1.9292297768557067	2.2406507013345016
2.097094644550374	2.5031452880811096	2.1592146246981057	2.2380515478477543
2.2831187365597407	2.4961979455553105	2.0813808737558364	2.2331045787433417
2.8167849071687825	2.506214220164567	1.8328554073558436	2.220598820492206
1.7189331753763208	2.481869477292613	1.8535812300866983	2.209249621476669
2.3242227844038417	2.477044426432339	1.703361598541735	2.193765965858365
0.7630802581972007	2.425115078006469	1.8174718350548797	2.1823651840281477
2.1504953036564673	2.4168775496065518	1.743031695562952	2.1691871195938472
1.929644993842532	2.402407527365693	1.7913255085175974	2.157965207245614
1.4440922010920754	2.3742261873761117	1.6809117130173705	2.143936284053769
