-1.0	-1.0	-1.0	-1.0
-1.0	-1.0	-1.0	-1.0
-1.0	-1.0	-1.0	-1.0
0.052413040316472426	-0.4872376755110064	3.028594326200066	0.9628333287321622
-0.03190158326952197	-0.2956719522303666	4.4053270042884	2.4111342463043277
-0.4223997004937047	-0.34253702291375143	2.229400713729845	2.343927279400206
2.488717463582241	0.5909729451487353	3.855652414649132	2.8423673223398436
0.2990058770119952	0.5041498021774191	3.161062966434705	2.937138403879712
-0.6184414017398575	0.20020286717955704	1.4238190154178256	2.527399858841364
-0.6760691168570392	-0.017531836740329543	-0.007571293464569195	1.8975141493968395
-0.21633567548961374	-0.06317111009366716	1.275841551091407	1.7547971893968768
-0.6116817159467425	-0.1801795193685315	0.22609903047394964	1.428694947041231
0.2921727781676948	-0.08608183414421544	1.8537670964888608	1.5133739220744178
-0.4219768350586638	-0.14884236951386787	0.4323867416019369	1.3113961149791358
-0.7304309660278732	-0.25115627513527716	0.36767244326512105	1.145374825132953
-0.11449376125040278	-0.2284429142140707	0.9111812487436	1.106451604923091
0.007656714472876969	-0.19125823129900021	2.398352963885316	1.3099204342662825
1.5180385777326415	0.06454629958976321	2.921511908121798	1.551102735835491
2.9968723258118524	0.48256885987413867	2.385822249692018	1.6700975222348964
0.04966758574740937	0.4236508752214281	2.9763884884389338	1.847883569440138
1.6466960858043622	0.5828940965000262	2.318984271007802	1.9092219924783818
13.553902182631548	2.201593275442545	5.115502067805888	2.3093455985964084
0.856463078020359	2.040425765499389	3.266816155393201	2.424066107310806
1.984300435046102	2.0339599314762746	4.569146345004767	2.6712224820294908
4.302776831739927	2.2857135680156158	4.562548571020203	2.8810889373439146
5.516886429827721	2.631476607536598	3.1753140453683866	2.912574182449928
11.040784915318737	3.5003800311546387	4.399246764863939	3.0661876718870733
3.0794737553001648	3.458336268716322	4.499535333241369	3.209362565382195
5.520317945112864	3.6576730725487474	4.007192281225326	3.286490862159387
1.0627480564553662	3.414641429904833	3.566527289536096	3.31271793087444
1.6380879505309869	3.2532893741900066	4.7728550032044215	3.4453320107238623
5.274551213232288	3.431475191304269	4.812431286592581	3.5658495438425692
11.077335608675646	4.086273721641099	5.227830079428458	3.708183150878299
3.787460075979924	4.061393003714392	4.757015906874154	3.795514622414756
3.1985578150162652	3.9914883249786293	4.74184271725252	3.872184615162249
5.429346439106009	4.104920058664855	4.801965795204158	3.9455348007464854
4.181294985557909	4.110791807382403	4.750149762143743	4.00738511064655
3.61952484301907	4.073973407280567	5.102655334655186	4.089475959143769
4.711732037631724	4.120608303832467	4.920664862715251	4.1502549964405855
5.644667331520703	4.229401787512096	4.6821113333319735	4.1882215112587975
4.67212618555525	4.260270102977121	4.682254934013982	4.222667348441137
5.04407944997629	4.313680014913231	4.175243625757486	4.219435517474961
6.18306223846635	4.438235664571624	3.824194545998264	4.1931013560223445
2.793453952833028	4.331026089953848	4.108232908017574	4.187569943332483
2.11663665513515	4.189756961332906	3.6346214827063807	4.152294662424104
2.6520572796511526	4.093700033532307	3.551585945362584	4.114769973914923
3.009953926318783	4.027381806267429	3.471349597914161	4.075397299229417
2.643390235317039	3.9443820356282373	3.5802891207843075	4.045705148411215
1.827562837263677	3.8199209256055697	3.7999295257938295	4.031254700774751
3.429426632779916	3.7974032916035503	4.57924862021269	4.062856574528373
6.39827112380139	3.9445591973175436	5.129649312448012	4.123215614881173
4.754150884325821	3.9895185050497695	4.848675658245878	4.163502930700898
3.5018852330615653	3.962932489465673	4.680004140108583	4.191665759706151
18.573832535560523	4.745349131347245	4.805826976743777	4.224554688449788
3.0055220029196796	4.65381440020869	3.70848355606478	4.197403124873159
3.085669195284117	4.5727337910996	3.8181494316307765	4.177793648700546
2.530815194988096	4.468945606077074	3.668630458510737	4.151913541947649
2.3314116743639253	4.362107534814747	3.5664850310982574	4.122653079920032
3.660124026931917	4.327595283585016	3.67763902863749	4.10077425680705
9.004654881703278	4.55382724755101	4.273362966443787	4.10912231489277
2.713461953478001	4.466219921713359	3.9873099545743935	4.103323652185861
6.3898290949681025	4.556360159550343	4.025547028550006	4.099679262966026
3.5302449912537295	4.5090158997928524	3.7597488261907355	4.0839950298839955
2.499033952041758	4.417681655428395	3.956022475319796	4.078180309903883
1.8438841349939246	4.3024720884987815	3.4799444240537625	4.051402095565009
3.9933089843075953	4.288837441725572	3.7802392995776533	4.039443399997145
3.3495192171731727	4.248010442552339	4.253474360726751	4.048747733689511
3.6490156550790953	4.222347585551669	4.650508907515066	4.074531503191628
7.275634845687483	4.351323525254354	4.528871828774032	4.0937233738333605
7.511255192791683	4.482951600112398	3.981477282351813	4.089047727177011
3.4834064155644473	4.441885137387557	3.902133663560245	4.08136816271846
3.274276023579133	4.39456219168481	4.320789555253147	4.09107217870832
5.380944392751941	4.4340077106191895	3.791274908669548	4.079083587304954
7.140541826464062	4.540818042224433	3.6240133698395525	4.061124920373511
5.010793900590313	4.559125014752067	3.8005733658269767	4.050976635315238
5.340353374864603	4.589164171736924	3.9429997768628207	4.046824024517334
4.766457772124701	4.595894408467744	4.245409841019219	4.054362710783459
2.807330683691625	4.5288386130966485	3.90349509458213	4.048706180956635
5.073491460986258	4.549006270514692	3.9978433493932792	4.046822746524061
3.14308895676054	4.49758184636556	3.9040776498961796	4.041601591706292
8.237827139210262	4.632739783421005	3.953769017410943	4.038426608917099
2.220269267370864	4.5465978679229035	3.6128538097036555	4.023229582455317
6.170142673830392	4.603885966620645	3.4637024885836487	4.003484962241203
2.518069125490414	4.5311395540924595	3.143635478439503	3.9734958062687236
3.2719629386466957	4.487728233676509	3.279837744502016	3.9495811141890016
2.7372077833695982	4.428063150952317	2.8626343813091784	3.912533275215881
1.8265720632968723	4.340389567117559	2.9217046521083696	3.879140750585953
2.684616086322823	4.2852077440532526	2.8860976179572995	3.846045601724775
3.8860837612484582	4.272052255647497	2.946947125841913	3.8164106333691654
2.924585924187373	4.228121549828771	2.850165870150498	3.7849087045968757
2.0537223788384944	4.157992821995276	2.5896178577935896	3.7463582251486676
2.190196123139141	4.095201774541072	2.7496107751356984	3.7145523033424963
2.246219421457023	4.036823026316212	2.9866352646135996	3.6915691021120853
2.372506215509798	3.9848221634071272	3.1514288667003196	3.6746924217230914
3.8184010916527615	3.979675439523339	3.191237513573122	3.659742330315791
7.534259073364739	4.088469479611227	3.0341583391608786	3.640594715487091
2.0150774890362397	4.025650012448848	2.8970271368037173	3.618066019222426
4.657267696077654	4.044595313837609	3.0302753441464176	3.6004352492607277
4.3675887977620835	4.0541876134174215	2.982916321452708	3.5820961751867415
2.4051255347877585	4.005693595801788	2.7547427177923023	3.557766078786641
