-1.0	-1.0	-1.0	-1.0
-1.0	-1.0	-1.0	-1.0
-0.771515310928876	-0.8681502937260908	0.010203392938079148	-0.41705056396872775
-0.45371534342111364	-0.6662270011091559	0.8405542149690108	0.19568662148978277
-0.14833300464475818	-0.44834246360032304	3.1159113376596483	1.4242619634719107
1.4973651785507944	0.27119667551986315	3.5738174481600105	2.219185584236885
0.9843795479112754	0.5063444004685154	5.100642392549203	3.169247757349579
17.74072835126289	5.631377984362093	7.036368321891432	4.319222991755832
2.099942699610908	4.675224829963233	5.505839006640098	4.6405044636611406
8.258808058966688	5.565667885489537	8.238296212227432	5.534478029238964
3.4165469487231306	5.072296581033162	6.561960276692665	5.770355001433481
27.88101321502333	9.937860422706562	7.08246670550076	6.050255791224982
3.1238652969723066	8.580438883285776	7.371822820730586	6.3135260111338205
12.38938938404639	9.29212625240434	7.061241143863208	6.453234156522973
12.066178299861036	9.780139717388964	6.211838579857717	6.410766569649718
5.226727098299443	9.023359735519708	4.767491616046415	6.137653416934788
13.350122532252492	9.70480475931056	4.413725682512427	5.866142331127776
4.31415881743355	8.898067987789055	4.466299714631471	5.65664916074067
4.6693156312422905	8.295230947077075	4.759697016298834	5.5287824309847915
3.5209822743191364	7.645454828908294	4.003380125661849	5.321174600535117
2.6638182706214906	6.99683498466209	3.684448532225076	5.10806942667242
3.699562958500982	6.585357337540718	4.303666440111549	5.00768570923532
3.7879695808689773	6.250186724851252	5.278857005237061	5.040176788268876
34.30619746408018	9.48278284316021	4.683181220365198	4.999044199404344
2.4971742637467598	8.707645180591166	4.660332121325771	4.961461439220436
5.537878451965485	8.368455545724492	4.651448743832012	4.9282886443091884
3.7004822898399103	7.8861334327682275	4.819264746257735	4.917024476140849
5.31589761788324	7.629395236438322	3.917280869467495	4.817160672877456
2.2572509187557155	7.110058289509517	3.6688171045261884	4.706148198768637
3.198570463527523	6.743722048864096	3.495685196709922	4.592780462730239
3.2752011303560042	6.428700046239331	3.240129729873397	4.469928280803727
6.7918045493121415	6.460709888024124	2.8825404123271743	4.329990625090528
2.0952087685291723	6.086844753747548	3.1285080152207074	4.227094958545809
5.296503039814228	6.021037419427712	3.108404390372132	4.133947317743812
1.6588903393414531	5.667625757677724	2.9001600084045958	4.033988728750804
2.562689009198987	5.422682872771901	3.032536079139086	3.95498665354177
3.5475475898178894	5.278545368552994	3.029685503564939	3.8838610575286108
3.1309766602377254	5.117588784945326	3.0597021505157205	3.8220922235628203
2.0351676536399377	4.892193918983271	2.752476684475914	3.7438789530397427
2.388330719559274	4.713459958996293	2.634403241546594	3.664681190433556
3.45595663812266	4.625780796343367	2.5559484199951252	3.587375000295258
1.5126462946576047	4.413645943427362	2.702648625247039	3.52708809191662
2.358952355561503	4.276743665247243	2.6965751936760114	3.4717517747328035
1.978717496141733	4.126954019950437	2.5955944072654535	3.4146421687706665
2.1260394360667134	3.9993037383875985	2.4090662201865882	3.3504907443562386
1.5258816617091928	3.8447939817605343	2.7303437382747484	3.311751970992945
4.947874593362307	3.9122967569986686	2.8303297224178694	3.2822919530940107
1.2585691865475788	3.753149467314591	2.9509199376338455	3.2624199347507865
1.7346226155647355	3.6344672979036554	2.808288359447463	3.235718461544163
2.5299889792838104	3.5707763591800825	2.7621211328876747	3.2084082302201944
2.4060992600533107	3.5048807996654983	2.9008129890749483	3.191005786658044
3.886158668804038	3.526054428492581	2.983161545433358	3.17946413473949
6.202789902504953	3.671999521029578	3.2317162510521475	3.1823137873864678
3.821872380622147	3.680026642534016	3.0504605270839296	3.1752542271683746
3.0739628452806995	3.6481402410483463	2.9546747691965902	3.1636486278994402
1.9006035134691333	3.557784480111021	2.8453712777269877	3.147192160902243
3.0743059419330416	3.533210406687723	2.6881721432728956	3.1238612322684745
2.2036063071328913	3.4667539215180394	2.572344747884074	3.096295185359928
2.1788669714541564	3.40343749510665	2.414372022416286	3.0627698647026618
2.5449031509709332	3.3619092604729603	2.3948657751224265	3.030462550583434
1.6231350837918108	3.2791379378867553	2.2986230186411647	2.9956245491888356
2.4225604358783834	3.238999244058202	2.368689730716367	2.9662468590283395
2.599421543316278	3.2094894402181255	2.2789871514186397	2.9345370607497068
3.657388226770946	3.22984226096466	2.2910267963576425	2.905295709245689
1.7934053113611585	3.1655440098532095	2.2701477171273514	2.8768652745725274
1.8673491726528035	3.108287655879641	2.2731214379157825	2.8502374007410665
4.117364403186757	3.152148543801876	2.0668911204767473	2.8161891338373986
3.278727982351608	3.1575718803216466	2.1101725151493427	2.7859398777288935
2.8596641695663014	3.144987854664282	2.0887563404925515	2.7564896935695122
1.5746331276312562	3.079574625462474	1.9400081811872751	2.7224793830272036
2.4980105578158045	3.0556814130672274	1.9343253094733224	2.6900983766795674
1.4419332758408352	2.990276354610978	1.938558004736521	2.659638597584897
1.5455740536932905	2.932503667171103	2.015660682860009	2.6338868188825395
1.8244041695537958	2.8887740695580506	1.8077491636988432	2.6012845038657666
2.196895148768131	2.8618250260749236	1.9624207464243368	2.5764004306845427
2.871300288457129	2.8621895438048117	1.9957408483034969	2.5540728889181747
1.322986416710168	2.803752392020003	1.933552292920385	2.530514097112452
1.4676177729531714	2.7536590537961354	1.9812636090943059	2.5099220717188846
1.51719408525391	2.7078742550574817	1.8651310718048104	2.486046089311697
0.9063140920115802	2.6419783001557797	1.743162742555282	2.4588735376003408
1.0082790586655128	2.582941639294721	1.7356891644885444	2.4327397001197766
2.3609546522935214	2.5750144582269288	1.7673386731456433	2.408979869671289
1.3947455375588804	2.5333664908517313	1.788595437450792	2.3870882823569834
1.1430914011378785	2.4848784488981543	1.689655626719707	2.3627640527108498
1.145319342172685	2.4386959161484434	1.612553606550399	2.33689963377815
0.9457432185637151	2.3878099313263506	1.6102632570597684	2.312132726601159
2.081269139938873	2.3774784912593803	1.7726740444178524	2.2939517506799088
1.5290247836566468	2.3492017880083003	1.7743542897209492	2.2766347311174893
1.9021442372073234	2.334466382383735	1.8088832421738967	2.261217242060361
1.364932939752875	2.302857248787678	1.9544135378558107	2.251214780171628
3.2787323667345616	2.334330132024951	1.9755151298465154	2.2423221575973424
2.8193112689789084	2.349804735943178	2.0894265315138143	2.2374428677727156
1.962220954376312	2.3375671068649924	1.9549131424396364	2.228522134506037
2.403936242769746	2.339640519140696	1.9481222902103204	2.2197609860906486
2.2081216850453766	2.3355738668830766	2.0158202825934075	2.2134548631040043
2.0160623889758233	2.325794794194729	1.991316534722448	2.2066560822720773
1.5183041547741758	2.301329200389878	1.903940376856971	2.1974840259312396
1.9402721709988744	2.290498929832917	1.9576209645957694	2.19028895893184
3.79599956429814	2.3352094445702516	2.0560072590687004	2.1863011278569733
1.9067989885159027	2.3226112654463313	1.9291405457296875	2.178738884024112
