-1.0	-1.0	-1.0	-1.0
-1.0	-1.0	-1.0	-1.0
-1.0	-1.0	-1.0	-1.0
-0.929615405301144	-0.9657068304155768	-0.44698586827063946	-0.7305574112755998
-0.6993355770906082	-0.8536410943530889	0.85500417415922	-0.06349171031820222
-0.8802967524249605	-0.8634986065470747	-0.46803129645094554	-0.21309401394794147
-0.6839194301081983	-0.8042884849275167	0.19978371502415015	-0.0769616450559667
-0.5105058139692862	-0.7169255672302222	-0.06531143289111918	-0.07349726263063261
-0.632467129492327	-0.6940580653946089	0.497254224830209	0.08103633008822064
-0.7535896813986982	-0.7088504054757823	0.021746798708848436	0.06630408102076601
-0.3328018576789473	-0.6225214765492353	0.8744586674786174	0.25183095106000053
0.0076464182801698755	-0.48809409012429616	0.15412265670974334	0.23098758546682663
-0.2186273973185876	-0.4344133817646818	0.7319164953643302	0.33077810706758726
0.8412882266824362	-0.1960540460521577	2.0566563520825287	0.6532509897657801
1.8000874117460843	0.15510960882419855	1.5345382926231381	0.8082879602224624
1.3010188112102163	0.34556027034339887	1.1540502163514876	0.8657536720042416
0.08916370493943426	0.3051788176459911	0.9151060680399581	0.8735261903056397
0.5573516092602555	0.3429179261154036	1.6036821933475722	0.9827979975033925
2.2126168784158318	0.6094560720741162	1.4326749651929065	1.0469310359931967
1.9787566708043198	0.7958174593612937	1.6576550789801554	1.1300501363136286
1.180298744700766	0.8458778110781071	1.9777009526220084	1.2404161894428407
3.6986018383414496	1.2018792900649964	1.6521925961266102	1.2918032371421457
1.2723405269151566	1.2103220735169353	2.0239250284210644	1.3795234870238304
0.24595941852346348	1.0992090862947141	1.4626607027162128	1.3891029664953707
2.0103037997854214	1.2003065318724921	1.8113765418117258	1.4359597136169504
2.0530107686352137	1.291553333663567	1.7961391052186988	1.4745022975700004
1.0918821993759877	1.2709223436317347	1.6264218042050604	1.4901998016829543
0.31728633482743396	1.1756649911318804	1.5982696850157225	1.5009946126816853
1.0054638617916356	1.1592112357846576	1.8272098677222468	1.532530534792305
1.122336878375965	1.1557577804792665	2.3850284679804	1.612372607231721
1.8264999202610221	1.2166765496680596	1.9119808443599156	1.639583854672972
1.759629945978689	1.2645409309141122	2.0455010213324294	1.6753676593100004
2.949306813945077	1.4088266374451166	2.198355719101511	1.7201575129606197
1.2374034255137687	1.3945535120652846	2.0915628104118613	1.7510833448173262
1.0960917475088152	1.3703732900846344	2.2065177149869526	1.7879824425169963
1.9307753425323697	1.4145830333951372	1.7706271777174263	1.7866137558722501
1.337887902374208	1.4086880938256359	1.962016503023475	1.8000972374127322
1.336388905042023	1.403269771722099	2.2214402902046873	1.831676882170385
6.00303470562971	1.7396158341563992	2.1762172093256282	1.85687020139628
1.9989662003298538	1.7581287664520975	2.5099966007482504	1.9034921534976719
1.2243074578204176	1.720908318743319	2.152827554650258	1.9208774310914336
1.2890934518176342	1.6914839213606103	2.493744624293513	1.9599141160083429
2.842509703959118	1.768176093572317	2.931604248019943	2.024657339024893
5.976707543251652	2.0424968271389385	3.1160951147818565	2.0957997768359946
2.9347763575596066	2.0994212452015426	3.4279910764617787	2.180788938945955
4.617749578182987	2.2567370850418857	3.1665398412956938	2.242367320889583
4.194424763541398	2.375312970795494	3.073056467482264	2.293201074970426
15.123020832726315	3.139812471958649	3.060451697279552	2.339214571540833
2.8328746130511697	3.1217655759144893	2.7782964541372133	2.365030922533794
2.0262901245961937	3.0585934989895494	2.395539856124977	2.3667904049941497
4.815448461888031	3.1579951483202615	2.1372791160734503	2.353804978479478
0.9858953322521491	3.037374292847221	1.965667503205761	2.3322515344364807
0.9594106854475946	2.9240778475572413	1.8203567794362985	2.304342246397737
2.1898030849192405	2.8847581002774	1.9382987167141188	2.2847412522860653
1.204438072581076	2.7963541330651873	2.185295986798286	2.279508795720614
2.258066810050506	2.7685222314750755	2.006351562538414	2.265385340865296
2.764891767516387	2.768337759079879	2.008576150194132	2.2523320934547533
2.0864662288342175	2.734256500228866	1.8538291800730184	2.2324141833223266
1.5217918584013943	2.6746480333636486	1.86397185358331	2.2143005359190937
1.3479362930147265	2.6104741339148796	1.9582679986435823	2.2019160468769954
1.316122405956083	2.5488588188401025	1.8031579814436967	2.182933879760729
1.6125736934562327	2.504984467286479	1.8009111954348458	2.1650321369322745
1.1287172771299891	2.4414845920530555	1.9346142673837732	2.154400871460003
4.659536763386113	2.542273846537484	2.0886074568847315	2.151411137146224
1.0837730535162198	2.4769874296124184	1.9634571316470222	2.1429975906733034
2.5781462175604832	2.4814486074708806	2.0358755793079073	2.1382726873699833
1.4657950286764563	2.437302447736771	1.6492140405952873	2.117015326392886
1.03874111470668	2.377381002246584	1.772173350278107	2.102240462939339
1.3427810518008307	2.3336775237432192	1.5083105684385552	2.0771516754990578
0.9874421618110334	2.2775994774957464	1.4581165273443042	2.0513653781311554
0.800711158987039	2.2169214939931425	1.4251881344060857	2.0256387934753195
1.9889927494415294	2.2076843085832203	1.7604566832088748	2.01489167203594
1.807612202071387	2.1916862052107797	1.7004960134450733	2.0023197244646394
1.0240002187736992	2.145605388258021	1.8787326215318298	1.9974432216742497
1.1675826249534054	2.107510387291859	1.7732810328881188	1.9887123094760977
6.179521998918084	2.264088230132232	1.7630202622837716	1.980033854672091
0.4385330309823199	2.194779618358374	1.6790312151539184	1.9686058222310132
2.3330799512825853	2.1999645781670325	1.8421018146413912	1.9638629409359885
4.14727721489164	2.272070577537515	1.7389038953136091	1.955532900421872
1.5583497311108747	2.245964562756832	1.7444749208753465	1.9478128597004343
2.26250587282092	2.2465621427207365	1.8169507391572637	1.943083800779981
3.750155661411789	2.3002500266587362	1.6478809131353143	1.932542974488452
0.7843015723091105	2.2467572198828005	1.7144141056146136	1.9248457568354373
1.5399581480080125	2.2221065494750367	1.5351045445935845	1.911252931320405
0.7857322254904888	2.1725864646534476	1.5889253641061432	1.900140295648081
1.3534101907675122	2.1446653150424484	1.6999649244113142	1.893317130836818
2.2086006514756655	2.1468196984287107	1.8052728293009763	1.890349663936326
1.8430443815779003	2.136695582320148	1.9426480541080546	1.892092337460848
1.2724803848365065	2.1082103399667944	2.0647573097841203	1.8977833236603723
3.452431416891897	2.15203473113643	2.0305074655383453	1.9021100654827872
2.4894533232763885	2.1629169630056864	1.9592350297932417	1.903952288494228
2.982921589603093	2.1890820981762924	1.9695169624795255	1.9060440889791326
2.132889685896256	2.1873076810677077	2.0497223007740737	1.9105802376467866
2.2333863971481476	2.188747029555687	1.9779428977636409	1.9126846185278872
2.690061010036531	2.2042483301850355	2.099165100900546	1.918450599178387
2.205656280006743	2.2042910202201744	2.1286465473931346	1.9248836591334118
2.254654321520379	2.205816527629041	2.197850837225837	1.9331535915111262
2.4591370276160816	2.2134145888910726	2.3218061720880976	1.9448109412521455
2.5054382076646675	2.2220869158899816	2.1470162202600362	1.9508158608515798
1.6126358125234597	2.2041645485753145	2.085830550428902	1.9547859048335998
