-1.0	-1.0	-1.0	-1.0
-1.0	-1.0	-1.0	-1.0
-1.0	-1.0	-1.0	-1.0
-1.0	-1.0	-1.0	-1.0
-0.9787447649629448	-0.9910576562191425	-0.746288395246792	-0.8932603480064575
-0.9441163975402266	-0.9736983773357276	-0.6362095369116767	-0.7982007612067317
-0.5508436249983834	-0.8342764013850936	-0.1795193352457145	-0.5942115997017345
-0.8354486322695514	-0.8346250163849842	-0.2542740787516836	-0.49312356541011604
-0.8183949690012499	-0.8302306519323315	-0.06141787554956024	-0.37623718351433655
-0.5817763220689339	-0.7684951309259205	0.11796597842275403	-0.2534384075396118
-0.6792339513534991	-0.7480035797878846	-0.1842696215784384	-0.23755947144746814
-0.5991579931146844	-0.7162518576792067	-0.06275981386242835	-0.20027129370446162
-0.7309972764785231	-0.7191892909025328	-0.3232094476289299	-0.2247618680621677
-0.6155963858860992	-0.6998333924311908	-0.5599334997440646	-0.28738724185322706
-0.6924860518289793	-0.6985408574413868	0.12341023417257424	-0.215119240268
-0.19474481394137833	-0.6148097716800469	0.3597509848103808	-0.1195756859751872
-0.42419234234130576	-0.5847884271426326	0.23410126875187975	-0.06387324859151722
-0.8573810694053167	-0.6255832797749903	-0.12099492892037167	-0.0724218298131517
0.3534856698007358	-0.4860104473871627	0.03467950164561229	-0.05715379733535286
-0.568749795206464	-0.4972713108250226	0.2850690985803883	-0.010577313878728067
-0.2581333485625874	-0.4661350230332214	0.6691167543089462	0.07792034422809468
-0.002159955908579092	-0.40823387071205264	0.7832372653052679	0.16593945328147353
-0.28013313847708843	-0.39288528141233214	0.8024554570328031	0.24220434256564327
-0.10626150911519716	-0.35986051455667567	0.6841082183657092	0.2931205269951156
1.355406808108945	-0.16953028832090566	1.7177202184185671	0.45119768701353014
1.0431916449744145	-0.03975882773633177	0.9671069862345147	0.5064044992499102
1.8903785092292291	0.15967515170369406	1.3675797833571406	0.595386829595393
1.5098456020812452	0.29454166855552844	1.489482709982462	0.6846967339663155
0.749168487766243	0.3384915118154028	1.4566684541413482	0.7593250414731247
2.4988693273405342	0.5408251758872458	1.5886773675679473	0.8369994618418424
1.4067072436119736	0.619467472400064	1.6214600598121778	0.9082468315085019
0.8028152178421155	0.6356309838309775	1.6234485017882525	0.9712965700061125
1.1250861609483618	0.6775482623255569	1.4004452752821748	1.008049135349387
1.1245659043459586	0.7147693442149159	1.2957795969528436	1.032007125775626
0.634548801792967	0.7082701409391112	1.4071855873910541	1.0624034179000357
1.445184435160845	0.7664044185515051	1.1264843817374932	1.0674588592222038
1.200306131106375	0.7997579972685473	1.3055578272640544	1.0857614624542973
0.8790906104338336	0.8057042054864583	1.0155150851688965	1.0804969534358708
0.024144378538522915	0.7485545632430743	0.7317215247783002	1.0549936867284773
0.5114767649619081	0.7316312593356187	0.7178827023227985	1.0309296872726277
0.1594813260192356	0.691738165252459	0.9947151318771026	1.0284047516266432
0.26868308655774675	0.6629105855264104	0.910522256270671	1.0203723054821623
1.0475472112623048	0.6885384288459488	1.084835664471941	1.0246673140163676
0.2461542628343132	0.6597029736181599	0.8947454447091105	1.0161987131176362
0.36162905732373996	0.6406870354074581	0.9615631848286619	1.0127132363767064
0.6698091931035999	0.6425063466539882	1.3030206801127062	1.030848361347409
1.6965410694340761	0.7070074990499877	1.3816101212728724	1.0523131597450646
1.7015120910861086	0.7666497306185813	1.392745849610765	1.0727297371998619
1.4513387266361368	0.8069072284263383	1.1395202330925862	1.0766570165348601
1.052521654173431	0.8210714220131612	1.2342604520381655	1.0857459692571303
0.613534107450147	0.8093292769548266	1.0202735767356814	1.0820417767107622
1.3531164472424115	0.8395271562028701	0.9832776088291251	1.0765573869784104
0.4189182393622002	0.8165943890442604	1.079789144410484	1.07673378439508
0.375249632907221	0.7929605410954268	0.9469928182400114	1.0697864244462552
0.3254374660884354	0.7683635927067338	0.9075625898091195	1.0612516212820173
0.8737313083359683	0.7738114117152972	0.9107956148039953	1.0534721692574833
0.22568950665322163	0.7459511046584717	0.8892906819536677	1.0451271106485929
1.656572390465548	0.7914662973093518	0.9200198521379834	1.038874301459141
0.35532757428545425	0.7700245597092135	0.8233208492255055	1.0282773082555563
0.11219489573248698	0.7382046716449153	0.7867743298305505	1.0165952435500865
0.21593175999885705	0.7133426327168644	0.8046828515062217	1.0065072873523597
0.28273916022809376	0.6931645776960946	0.8007732207664386	0.9968665407737061
0.009666248923399179	0.6616284322843053	0.6468509576431924	0.9807169916046417
0.3795107574681036	0.6488087661677817	0.6166074850036314	0.9641715596303326
0.029758109236935226	0.6210985287099138	0.6810133568195349	0.9514967717266654
0.5405757027714446	0.6175471568663795	0.7775174682332195	0.9438235482610222
0.26317602902589754	0.6021441882714498	0.8387980242645838	0.9392585609092152
0.5808401354466115	0.6012316019905988	0.8068997876195318	0.9335878612343642
0.2993175057001851	0.5884784003907688	0.7584809130598493	0.9261912913834911
0.5509512785550423	0.5869153751606924	0.7850842131066438	0.9203136337447644
1.3224501122995256	0.6171351198059429	0.8155614350315248	0.916010152249995
0.2401456099700645	0.6018559494198377	0.8701333786315617	0.914151075692007
0.5769351971064796	0.6008597493828922	0.9410927794172641	0.915228930466421
0.9404699806456187	0.6142624460229036	0.8420389239040993	0.9123409441633703
1.6531371768115561	0.6547287059712754	0.8084739996639987	0.908295562697679
1.1380997047056458	0.673315488396792	0.853881832361453	0.9062032953010504
0.7527593687258907	0.676331641224106	0.8449264082813046	0.9038768868423386
0.5455239648289731	0.6714275992413339	0.7155190866921239	0.8968152283359996
-0.024649366453427857	0.6456529346219944	0.5345751799940015	0.883402119606282
-0.12155298187001629	0.6175908014586289	0.48000764947884256	0.8686472368198883
0.2909636341090436	0.6057874845394298	0.50670284974871	0.8555676557111132
0.16990362172209728	0.5902234452529356	0.5872645893633153	0.8459873044279618
0.5382152811287104	0.5883881162386446	0.7610223183300007	0.8429890210072375
0.6559152079600401	0.5907432213716113	0.6882253912639797	0.8375914203941193
0.2820294344101877	0.5800998187990443	0.7060251283428649	0.8330552001745142
0.4872218359148788	0.5769338140640676	0.630690198801757	0.8261574047757221
0.3167731889482226	0.5681658211194112	0.8316703961760579	0.8263428105176003
0.7020863201750762	0.5726286413623005	0.8210795330569489	0.8261670578324583
1.1779910071242439	0.5925813656408647	0.8664191498790559	0.8274934264597604
0.47106708603522085	0.5886195682492381	0.9130861558335579	0.8302837982822657
0.33068272440996505	0.5803004159568745	0.8189301677945742	0.8299173962039017
0.48281752374507225	0.577189681108135	0.6850508619950009	0.8252946751925134
0.5499772447412536	0.5763303301040412	0.7578556550748949	0.8231652190118111
0.42637614184125705	0.571645086064108	0.7338193344675155	0.820373643291489
0.6011046515987364	0.5725560623919381	0.7645941789811979	0.818648826759476
0.4496556570687493	0.5687944304972985	0.7091440993156852	0.8152971905647728
0.1466622973153877	0.5560047645454971	0.7018861155630938	0.8118611217846035
0.38531963718886586	0.5508851679470068	0.7733677058457742	0.8107066339011824
0.4198336996937799	0.5469932584217234	0.7129455752514011	0.8078033965509814
0.35112193631858557	0.5412333681147363	0.7746023198457113	0.8068271673824665
