-0.37583322652600604	-0.45503618417471703	4.829124008126008	4.089443715028949
0.6425390524147361	0.31569188770854906	2.237465444149381	2.7889665034302613
0.5176557375097202	0.432237424860928	2.3324008159471217	2.525500015028728
23.51135306953007	11.676969747013612	5.746127836486687	4.0946719149995845
1.7238659709557789	7.489574229007491	4.204644345005398	4.140938645958961
-0.36824371329620387	4.583685690209497	1.9202280023847704	3.319700571797405
6.825918653237266	5.322985404277583	2.5370241973328533	3.061639473487066
-0.3943151535651991	3.6228159681003778	1.280423104978802	2.5319537630480555
0.7030880159015489	2.8322854929334236	2.652951714160617	2.5647140647721045
0.23078655842867768	2.185869231111306	2.3029901064169485	2.499681369509179
1.0387436051959051	1.922524856176139	1.4944961620775064	2.2689220107782546
0.4704697290320121	1.6127719996946714	1.243831402690236	2.0502492746161045
0.45152416778711424	1.3814388803866504	1.45228340789929	1.9311280028283826
-0.1693371863287717	1.091682954372859	1.355009509070761	1.8234825510318395
-0.4385185986261473	0.82248769611207	0.6890605776492105	1.6239133227067848
-0.1399708465024272	0.6625264554683654	0.46544135345242776	1.431374532348305
0.50012841357485	0.6369496064288378	0.7746155586464558	1.3279380841848702
-0.039383959525978396	0.535732862053421	0.22625146242422423	1.1630651205461322
-0.3684700335898201	0.40683266079534475	0.3209359070047437	1.0430138758254768
-0.4613167123173705	0.2886774248742756	0.42452622119574723	0.958837599292456
4.062061881396606	0.7799802043626274	0.9650952810987803	0.9596523213615371
0.18557487900738368	0.7058023628793655	0.8079974536747783	0.9407269052060432
0.4515114007776213	0.6753344423503009	0.969042183724723	0.9441196979872122
0.8023546194402862	0.6899698951706743	0.9148650942553884	0.9407492917287867
0.3563475074994038	0.6529506575064894	0.7041897141933045	0.9145004197785707
1.323395932018692	0.7246942028936356	1.0093314041029067	0.9246484819412073
0.19952038781766412	0.670430344737728	0.9296369297653233	0.9251642825324271
1.717366639353175	0.7750072328501385	0.855986637281436	0.9182542123731314
0.43105711149611836	0.7417567676319528	1.0566634282107672	0.9316344958089553
0.27025392084903266	0.6975976531479575	1.035066311007915	0.9413218569082635
1.5421649934576438	0.7743038514240363	0.9287745846696831	0.940182277209745
0.6956167758304914	0.7673674186262873	0.9488219420198123	0.9409442600044879
0.7506205930639491	0.7659332563987304	0.9324106751651908	0.9402134923370398
0.3015832825353395	0.7272693058587272	0.8856727708813361	0.9356725572963795
1.7510940297857647	0.8102176247201351	0.8902352214709548	0.9319914823838278
0.8656200686685227	0.814588327354383	0.8863058513443562	0.9283875000530926
0.45752271151563706	0.7871415508956754	0.7576979024399502	0.915267141242007
0.3541077082728765	0.7546863999471938	0.8673444427623953	0.9116756015878413
0.6118160675431736	0.7442392807216185	1.0476299925220083	0.9216168603827795
1.5798206626601012	0.8038862427741416	0.8806212635021136	0.9186906672857318
0.5157679105834034	0.7837971956400509	0.9390358466053774	0.9201092480963409
0.1978708681878112	0.7438711881028452	1.0623627434618115	0.9298028750447234
0.9032043791678057	0.7544874672132351	1.0632709517381453	0.9386957921799786
0.49554535943530875	0.7376094333795353	0.6760347877124806	0.9215753891457392
2.62040774409016	0.8577251991199455	0.7029773022525212	0.9076298516198129
0.28504259994541203	0.8219507984961585	0.7292627332811712	0.8964876472030963
0.0592862919313486	0.7752802347822951	0.7487917302894931	0.8874498151456891
0.3255185569539092	0.7483074276665131	0.6481669906278118	0.8730997274294381
0.1216098129713532	0.7114600975136802	0.5204292749764423	0.8523642715946378
0.06877910083017635	0.6743989945382363	0.7389521912041457	0.8458242641992864
0.7373938874401564	0.6779635698983	0.6461214576405399	0.8345256008421404
0.3034621627599168	0.6571669115374512	0.6339940272810263	0.8233899044343502
0.6293797683928923	0.6556522146148336	0.7563445657163412	0.8197347561561126
-0.03295858584737732	0.6187772055273577	0.7203198946490819	0.8144113509898034
0.7657135343625601	0.626507528327068	0.6700840865714994	0.8068179642996394
0.11624290018701999	0.6001244740902227	0.738779034080496	0.8033000106941832
0.2366250839003916	0.5816482531609026	0.718412528399418	0.7989852922941287
0.611373162112665	0.5831337867204993	0.8131186129390724	0.79969150312943
0.5582733671624134	0.5819117720435933	0.6904400004617914	0.794320573407651
0.8499318495957664	0.5948762069499538	0.6500838384689922	0.7873438754706072
0.22375076792770665	0.5772093674809264	0.6059772733793702	0.7787101464879196
-0.054338613722871965	0.5476151511645571	0.48977210442963437	0.7651705578924279
0.36113158765152575	0.5390112330533705	0.7438209382194143	0.764185873244206
0.6130010776899821	0.5423734951821562	0.726601569658526	0.7624781620052037
0.5306750103976376	0.5418499414312798	0.7577667082997297	0.7622673806498372
0.23382105340061088	0.528264491420356	0.6835061570559449	0.7587937022756417
0.4968620200623102	0.5268994503129305	0.6521450489659157	0.7541580233471596
0.8987370710872922	0.5428311935940704	0.7422264434496695	0.75364714396707
0.4044138686524106	0.5369843172790114	0.6553915172178173	0.7494967919841578
0.009729395403400787	0.5150213316196455	0.6101593438412325	0.7436926479595587
0.2088885037776631	0.5024438772055493	0.6085523111038078	0.7381404130269538
0.2471637413804444	0.49209759806787834	0.6732384907853994	0.7355102320739348
0.26288854235634473	0.48293179157689425	0.677745357932372	0.7332005103946067
1.7000173887548198	0.530963013014742	0.7149137580809775	0.7324791043526855
0.6283944436409221	0.534758245325593	0.7906204899275402	0.7347439454259854
1.9646599775098932	0.5897410074591167	0.8582830568188424	0.7394941810763425
0.3998307596229622	0.582530831646743	0.8622455511265203	0.7441543877335677
0.3000320935732599	0.5719393986577792	0.7234625968467834	0.7433783716383986
0.4240622592572052	0.566463818410351	0.7065275861639755	0.7420139604107143
0.19635295658894902	0.5529262945696822	0.7015977696289357	0.7405357684362648
0.948612290530717	0.5672245942484546	0.7088518991101236	0.7393904218024079
0.1953453683225217	0.5539459858163216	0.5887430063827708	0.734011212912761
0.2742622365226093	0.5440767438532448	0.5321552294964473	0.7268882185389145
0.18952759814146636	0.531711105576768	0.6031857984457474	0.7225736084014456
0.5894040740973747	0.533699796711328	0.6083069276030186	0.7186338723121612
0.26284714773914564	0.5244676997431563	0.6302580859389537	0.7156212165113964
0.22982383167206133	0.5145378723157883	0.47355179458320995	0.7074632109328833
0.09911796277917273	0.5006931754520305	0.5275069215525314	0.7014657331537149
0.07971696028260866	0.48681731780947457	0.4737958552308168	0.6939613113861935
-0.13718373283950647	0.46647316199884803	0.4380459212502881	0.6856175652554255
0.716867468828335	0.47454879258854166	0.4306409857117006	0.6773939721925903
0.7186916353668824	0.48233901126933443	0.4151750481756593	0.6690267085810357
0.2702320820940287	0.4756420779691861	0.41658158704045145	0.6610561646629527
0.5393314350518992	0.4776317798411547	0.4962910180446525	0.6559079453875705
0.042068210226939406	0.464163149109335	0.5051402322116099	0.6512458990439103
0.04664199297485694	0.45138402231769703	0.4156841880001234	0.644035962856139
0.033325677525077424	0.43871772955116706	0.46577036403633154	0.6386348634145098
-0.00425018100670016	0.42543081797665705	0.37511419905947885	0.6307304172616044
1.3212267252724557	0.45203418791235417	0.4749273245527179	0.6261033697191991
0.0923062221991704	0.44145570339295137	0.4504976159154812	0.6209393607780813
