-1.0	-1.0	-1.0	-1.0
-1.0	-1.0	-1.0	-1.0
-0.2777025551058957	-0.5831900288208972	2.9096861336227557	1.2561289344081135
-0.030733172076769177	-0.3140188463018828	6.123305653637577	3.6275423158365783
0.8907425264706632	0.19283945505587918	5.371754464462768	4.361354540808474
-0.41337335651359075	-0.03134330435010124	1.284073957609924	3.2233495434504977
-0.3945952046407829	-0.15111336407082931	0.7171413648158922	2.397012328461481
2.190012309047638	0.5450735094847916	2.344334941231104	2.3813474391064906
-0.8544434993193692	0.16614759432826576	-0.1964187327730681	1.6834048756475193
0.28978572245965406	0.19686892006124923	0.31609934160136155	1.3436589103579175
0.24798973389008205	0.20860466093054764	2.2924542234045986	1.5614726054492762
-0.81579519063902	-0.009920584822680878	-0.07086833231063694	1.2132611366420019
-0.5575343421782717	-0.11901119050065145	-0.3360531311878301	0.9046209536382037
-0.6491228908911493	-0.21806026987713867	0.26636362260610524	0.7853653791695152
-0.33723441351189054	-0.2390255883143929	0.6122004878208898	0.7549018825752161
0.2449982810180813	-0.15858060647746186	0.156085581237849	0.6553781032340171
0.010375948837388682	-0.13197065834595856	1.7672677635905605	0.8304958572687335
1.772832935618717	0.15309241656810557	2.325473975244485	1.0542264547222064
4.3249753048508355	0.7478227417343342	2.4392037278737146	1.2516645971248677
0.277976269175358	0.6838764003705886	1.7086650887886168	1.31386201378612
0.22536310481624766	0.6241771019841689	1.6723005995307831	1.360531789204578
1.6801986180906003	0.7559620274192711	2.253575029407386	1.4719781480330099
1.7093081514465713	0.8701879378010289	2.5090862058223906	1.5962400744788368
1.649356512809224	0.9599635313745549	1.5425428124936138	1.5900534088793918
3.7315502277730257	1.2675054048526335	2.6138487751034503	1.7036563765639272
2.1457037789273197	1.3614806265444317	2.035889416784337	1.7392088245461403
1.2231140292890679	1.3471840697381152	1.7231074017549761	1.7375455016560886
0.8456888680142098	1.2970904664768992	1.8039121682902373	1.7441747830019638
3.058350696861009	1.4673549175020058	2.424533098872474	1.809946097111081
0.9861734616656475	1.4222894456057085	3.3237426777643426	1.9517236135164397
1.6733908815553473	1.4450956518212674	3.0292646134856946	2.049589799905642
10.99929451695679	2.2873555745207392	2.876985757414432	2.122529846240633
3.15380234350293	2.3615589295808372	3.4047876467869074	2.232343634483951
2.3277968559504307	2.3587475855659745	3.255026380088756	2.3174974396287578
4.524409915482223	2.534205554108558	2.768786494470121	2.35406035357342
2.3347351963048255	2.518470181711479	2.83801746716942	2.3922396267603996
2.0168317413049452	2.479910453751537	3.8941156042549565	2.507686503286398
5.522759073014203	2.707968369339014	4.346285530727007	2.645487451508964
3.0907405188662915	2.735957755253335	3.6907897660632036	2.72192279427533
2.2586311022428704	2.7018844240834614	3.402976641810339	2.770538601877993
3.7675757159608247	2.7761896169262767	2.9119655708844423	2.7803994723654832
2.7816110356610877	2.77655976208915	2.985011178138148	2.794342858616272
1.1919388995347844	2.6709782284759274	2.8295687743051943	2.796690293015633
3.5168052023830763	2.726111082149906	2.6961510178539876	2.790137187366291
0.7646277965477604	2.6009758458561274	2.2779613839698056	2.75746219245752
1.5026696914756181	2.5323667241558274	2.0376403961967573	2.712496326333031
4.504592450688124	2.6530566162399607	2.201148906343412	2.6812052282356476
1.9057443379806425	2.6082395684466504	2.256005752225245	2.655705774863367
0.7558685624012849	2.4993270589469785	2.18516105097088	2.6280397566955256
0.6756262725605797	2.3941608216626795	1.8607096221902601	2.583790790354482
1.5541275912271635	2.3466330119435455	2.6371524361169123	2.586810769753278
5.0271373041823715	2.495488278652879	2.6142653777295415	2.5883361027721143
2.4268630359724623	2.491747150137876	2.2263996830742316	2.568602711214154
1.1168644561633565	2.4181222649089538	2.068312488596678	2.5418124016086616
0.881181119425547	2.33726186929176	2.0768060587433	2.5173476732422424
1.2338522590041485	2.2802105699860653	2.037210057187648	2.492522439311828
1.9575365470738406	2.2638095116440877	2.1451148480227915	2.4748642082604038
1.549823232785899	2.228123013648311	1.8331281873582075	2.442788932940639
0.700540043830375	2.1530222041013585	1.916732793113411	2.416926341187634
1.7091342279858748	2.1315509831703805	2.0396664592078864	2.3986779523060866
1.2646058915458855	2.090281432317895	1.7878287659791066	2.369599353903507
1.2658387757885716	2.05164809321173	1.6434984113312305	2.3355742666326456
0.3719973976497877	1.9741502222739267	1.5308519325125367	2.2984448368112416
1.448707864314763	1.950274337702369	1.8025780991679556	2.27591294989273
0.7463245192722414	1.8963827545200207	1.6555212847994394	2.248143090679653
1.536577195522674	1.88051399195525	1.9983429956324699	2.23712613195905
0.6534329600515365	1.8271781434937577	1.8250576314463403	2.2192153974706983
1.195623685551599	1.8001194034760402	1.820676878356788	2.2021402871552396
1.550615689220396	1.7895800384882246	2.041216998100665	2.1953427427848866
1.4534420370007481	1.775578119756208	1.6629387491248147	2.1731652973343136
1.4589890226640119	1.76257116120393	1.8118428697914464	2.158320484867249
1.5756365077673102	1.754994728728633	1.822448503832439	2.1447076288734324
0.7877204052301898	1.7163139672848513	1.7416821814554448	2.1285912283199213
1.085774861109852	1.6914308980729578	1.611805794024452	2.1081974102858303
1.1628293016652171	1.6708414991483562	1.8620362224671547	2.098609609979144
1.9581949609898728	1.6818907475563925	1.9078535579278233	2.091274467849488
1.2012917423862097	1.6636442307414412	1.764698666108246	2.0788754873914126
1.4866123448235187	1.6570067252131095	1.5845722372008715	2.0603430562592986
0.7938127444933154	1.6250436736874496	1.3588736920318665	2.0343683761308036
0.9650651510747952	1.6009035532225955	1.5288253303637216	2.015877074678764
0.9421684135510391	1.5770987202006426	1.697099927909405	2.0043570297839413
1.0401574487968457	1.5579259326593062	1.6677408149715633	1.9923370179107267
2.4421513691262335	1.5891265036381776	1.7328803561594892	1.9831810783752823
0.7009108486431466	1.5581483731477088	1.583708237237007	1.969248371963097
1.5368377915403726	1.5574129662473126	1.8220968054343856	1.964174433362147
3.0453541845776826	1.6081277998999544	2.084449231813651	1.9682737493199216
1.8721329310838608	1.617024817331978	2.378493597459754	1.98209832573625
2.6799449676441887	1.652448251451795	2.448057970920862	1.9976269929232804
4.5183276084569775	1.7469093075669524	2.7769846392663444	2.0233149657504153
3.1399747266885267	1.7923264062596984	2.7058297644394433	2.0455663677037994
2.7444658123954766	1.8230343121388444	2.5413150994515785	2.0615547741712428
4.251051254094242	1.9005091178054294	2.623837954469579	2.0794961045045888
1.9588570913878263	1.9023508739890187	2.577250440383447	2.0952112350710275
1.4212602728257608	1.887319051907694	2.6349724947489137	2.1120751199734116
2.7052190163654934	1.9126106549739825	2.6416307777078747	2.128450424866165
2.126900177730755	1.9191694719551635	2.852925138613964	2.150624462416987
3.954809601083073	1.9808450060883582	2.873765261039287	2.172534088373117
1.3080463328276335	1.9606645743684163	2.698062827001086	2.1882974907241484
2.887921260483652	1.9882021976670363	2.5775944870351535	2.1998587767544935
1.6368380981144508	1.9778694786616615	2.5427699252728027	2.209942508079597
