-1.0	-1.0	-1.0	-1.0
-1.0	-1.0	-1.0	-1.0
-0.9206537229130467	-0.9542123273477816	-0.46518028712170123	-0.691376195074797
-0.510626348419043	-0.7380859390130178	0.6240370650156839	-0.050473338301998405
-0.7586460963812833	-0.7467358415023133	-0.346288996700024	-0.1749266567658102
-0.7294818013746591	-0.7403551522435166	0.09356248425903746	-0.07563708031021021
-0.48911148387851955	-0.6575160925147763	0.6442558173945847	0.16172313359237278
-0.8081927973261165	-0.7023232652522439	-0.1765296464332009	0.06113585463906568
-0.3942478524473343	-0.6189103735861519	-0.26716895612417924	-0.02775423049107817
-0.08064143691340808	-0.48516222941765963	-0.09983072319485431	-0.04566373830313808
-0.701373532750839	-0.5347976071485125	0.0008591420838086616	-0.03498365746683196
-0.15748321868967352	-0.45430885127452925	0.7370216981521533	0.12970062773237667
0.5119548866648789	-0.2618185754453596	-0.01910550670851474	0.10005690396509226
-0.39376691846582634	-0.28647243829656244	0.25985600162657163	0.12991492912419256
-0.44111105600015754	-0.313676728923835	0.07512571620933994	0.12027624428594375
-0.3533474771013948	-0.3202699996923116	0.16783905638517993	0.12818127802366064
-0.5341265036627949	-0.35395139785144214	0.34112806026698594	0.16171954527300803
0.014006230674688425	-0.29888481712337844	0.45181906678244776	0.20513422456912478
-0.08191713852496985	-0.26795459214192363	0.5159299524816006	0.2494402871608412
-0.47650177161477136	-0.2963379508242616	0.07216542922780333	0.2253130256244018
0.363488162535353	-0.21042705686861152	0.2901888190019062	0.2337600850735322
-0.5811761960723022	-0.25669410112774516	0.3090235663543377	0.24315260560662222
-0.07852556601823124	-0.2353465168891783	0.3200535924499872	0.25236683134436966
-0.21630438963113485	-0.23315247116467797	0.26975926267589356	0.2543708154065276
-0.03882945352741207	-0.21158986476698838	0.27410074773582327	0.25656021771547466
-0.1450258003060555	-0.20446683383291897	0.1231717724815562	0.24228674063085376
-0.24106347153682306	-0.20824805322014694	-0.0008150846577450466	0.217168227640681
-0.45472556313501744	-0.23286834223025554	0.0364203287724314	0.19911355759078253
0.506262374103227	-0.16141471416989617	0.424400694339933	0.22089275935178976
-0.5093123788897278	-0.19399754805763025	0.31831528328100234	0.23001711974262085
0.15276350275718498	-0.1625038231167355	0.42972521611231795	0.24815500192262063
0.8005320753417391	-0.07760634110333886	0.5000326939000597	0.27035963998313717
0.299323286295033	-0.04532575326624	0.5063663191016048	0.2905714602006846
-0.0949441974535793	-0.049457084060383516	0.4426138013347596	0.30323157075897234
-0.3098311857128553	-0.07055199965209458	0.22047615240006424	0.29652696800487943
-0.2290524150298887	-0.08305565243505264	0.532745800202812	0.3151623257024525
0.4838552070642461	-0.03947808256545282	0.2446726222228892	0.30974406983563285
-0.17770810462912767	-0.04983820905516667	0.3374310438025443	0.3118192122729364
-0.04890731097340639	-0.0497701792382812	0.19835089180729226	0.30352206054520314
-0.3577944386078611	-0.07175798582679938	0.42287860350915074	0.3120421917792593
0.13252007352057138	-0.05751467825905421	0.4898975508634775	0.32444318083341317
-0.15339314263470027	-0.06404805049741968	0.3839213338022516	0.32849608126250995
0.5957803349973008	-0.02008424365439243	0.3315517802955963	0.3286997503020983
0.0637588124595947	-0.014619170292242134	0.5000872665039353	0.3398711452461525
0.13571288936728965	-0.005028443574165986	0.34841151375307144	0.34041612306297697
0.033186150948413706	-0.002641143571054494	0.44745182770943837	0.3471025953025151
1.4639804759430062	0.08710833999626821	0.41361040567057206	0.35117279868570206
-0.14715941241139863	0.07305913987516299	0.23189702216752428	0.344019902013571
0.22538004346820983	0.08201507411988529	0.18534757076909414	0.3346905650994709
-0.19240211391349338	0.06619050158030837	0.13367619313069667	0.3230989133235045
-0.25242079628262915	0.04816383410640457	0.22259758207307612	0.31741278913337334
-0.20068501533246252	0.03434490778137045	0.22459177454500723	0.31225851161247586
-0.4306950052947527	0.008989577804609628	0.13523256647745918	0.30260667628440663
-0.23594370038804147	-0.004126555240917318	0.14084907550936743	0.2939446376957551
-0.34291760785509384	-0.021950870729730343	0.16040240743521594	0.2869186099745884
-0.25637903112360194	-0.034072089136862216	0.12177725635065895	0.27837973753807965
-0.28030781345773725	-0.046587887295392205	0.11318454920266241	0.2699831632113203
-0.3082088888114366	-0.05966422791375037	0.11615372481357444	0.26229448591259175
-0.4313755687804448	-0.07793870880112641	0.08083145913760248	0.2533732334032841
-0.2212983830289712	-0.08487316243711884	0.26282132376007694	0.2538301506788263
-0.11023603251038938	-0.08608068098460064	0.24664542337456763	0.25348790454184433
-0.38982747242294924	-0.10031411378255173	0.1170924794892585	0.24709658885124108
-0.026010312663939716	-0.09688574383195847	0.18580782015798092	0.24426883360547835
-0.2640889019081114	-0.10448352306660247	0.170053917314807	0.24089649134158386
-0.5228973937988939	-0.1232128221335147	0.07741317615290533	0.23357851700443977
-0.2958584562343395	-0.13082711537392577	0.10823724172582438	0.22805066228276272
-0.38514807785133043	-0.14188127445488086	0.1731741783305829	0.22566555956125645
-0.30452537554774306	-0.1488497020396482	0.1179768157235932	0.22105173073081308
-0.35566614366821037	-0.15758598647606537	0.17391498966133168	0.21906061782334918
0.09270481272387854	-0.14716009007358732	0.33833740244107036	0.22402906684337198
-0.04058306637733011	-0.14278118285350638	0.33878180811699643	0.22874395003166037
-0.0690133893529914	-0.1397912102968044	0.37276814118815516	0.23458149118916283
0.01314877110901791	-0.13367505331631968	0.354090180387294	0.23936077890558738
0.21436410668298467	-0.11994005908686811	0.3669822288239337	0.24439726033409692
-0.1220361987440648	-0.12002174866797044	0.35894235333174307	0.2488588944825627
0.18248034083290499	-0.10838991159737077	0.389380989649156	0.25426222487910444
0.22509689027261848	-0.09572900561321407	0.467499238401752	0.2623577338077401
0.3602170734707377	-0.07863514164505359	0.5584286751371683	0.2734576525420893
0.2544055264574918	-0.06630289904835696	0.6285963548752929	0.2866082189664241
0.731754564246013	-0.03711209237047686	0.5341525722136242	0.2956628015544307
0.3430868050663345	-0.02337327178892834	0.6455289732021221	0.30830543638195573
0.8573629376354124	0.008074243847462581	0.6390194207230464	0.3201136155929911
0.4472147681604137	0.023569854037232663	0.6304337943511118	0.33106357087985483
0.47391784695629324	0.03927622661048358	0.5660682526882743	0.33925952878592236
0.881925574624949	0.06832680673043678	0.6258274547758707	0.3491388745308588
0.4376927360737277	0.0809159464446727	0.7099004045202995	0.361434678731388
0.7031130407937216	0.10188462450430613	0.6996231758760532	0.3728319390448276
0.0335622792347996	0.09960761405409069	0.5665927538782725	0.37928929943132283
0.5491330968503807	0.11442406507308567	0.6145887481411929	0.38704470640513966
0.45194824277221257	0.1254280551792093	0.6560377217044813	0.39581438865723384
0.5127983711792188	0.13792115819959472	0.8101780203827706	0.409178006737853
0.3653702222794857	0.14517882212569555	0.7394604039703183	0.4197169779778247
1.9499292471106533	0.20216046728306614	0.9072992507245188	0.4351114311326434
0.5350329776793794	0.21256072841578133	1.0134666723577066	0.45318161140844593
1.515196569142283	0.25284108427387	0.9846160829086821	0.46961463219072574
0.7793596874367086	0.2689558454176597	0.957953084422654	0.4845607800510445
1.3682137237843746	0.3022610160202157	0.8189132083382411	0.49469095706087995
0.6766528920293611	0.31349081481361796	0.8061017366134895	0.504031636747204
0.9472163376781959	0.33231115111668896	0.7183988233185343	0.510397863934785
0.5576107597790667	0.3389363768437563	0.6325016190846089	0.5139884083194939
