-1.0	-1.0	-1.0	-1.0
-1.0	-1.0	-1.0	-1.0
-0.8597436498284251	-0.9190634719519879	0.1912498093016095	-0.3125756981071873
-0.035875022864511386	-0.48875152782509423	1.893885552074539	0.7624685569986913
-0.2103076223522683	-0.3716066848519385	0.6987446376511375	0.7356591107650445
-0.262371749897948	-0.33121073661990874	1.609770887755456	1.0589129050409976
-0.00883078225259848	-0.22491695158991887	0.700396614959998	0.9407042684928648
-0.9329335063406827	-0.4354617729352982	-0.5924032060138102	0.4847998893855585
-0.863937825760662	-0.5514737022538516	-0.347081039243722	0.25956418184838936
-0.7486974582475231	-0.6004795376886638	-0.2648246825775181	0.12926489871891267
-0.9043348227632173	-0.6702352079739251	-0.4984075456600273	-0.014829107889712811
-0.5302524616249584	-0.6403740798337901	-0.3394360064995905	-0.08407436600030194
-0.7794317480183658	-0.6680758579113815	-0.6763213790271894	-0.20205635169875824
-0.8132812126819842	-0.6952068378138422	-0.3335306019746692	-0.22662168633111857
-0.31638891755366727	-0.6285646692715633	-0.07895422473431435	-0.20064383892975923
-0.4277316992039537	-0.5951861132631842	-0.13292347365164292	-0.18938869799555125
-0.33901607242479415	-0.5548404964067	0.25270160615838755	-0.1197614866415575
0.653969187212742	-0.37393604306291384	0.7462293613811224	0.009838424063068452
-0.12089297262269383	-0.33786299155059485	0.5136302812275035	0.08165744045700474
-0.4303753253709185	-0.3504539926813265	0.47501891025887466	0.1351938145044067
-0.08439501515914338	-0.31581248024559383	0.6923186166734414	0.2077327773462232
0.1563435779294733	-0.25689037097654044	0.6911064915067993	0.2680548232455684
-0.4139321141647888	-0.27570636494473444	0.40331108045713404	0.2842608235395474
1.6737050860996323	-0.05109610997452807	0.647757939517539	0.3261429450064146
-0.1479481787991107	-0.06184294592128836	0.9411331774665626	0.3943838122804626
0.13497733747510976	-0.040781417810174525	0.839512821827098	0.44201649422072253
0.13859874903355074	-0.022246636274887877	0.8058369769690936	0.47960883787915587
0.02784205884254254	-0.01724336994487008	1.0994696434344604	0.5415257755069982
0.5678595871246048	0.039319918488782024	1.002020091208486	0.5860428850305646
0.7260452757828291	0.10363647532970943	1.4602224315769066	0.667915858180959
1.8379731238110404	0.2611543673706589	1.418169244911733	0.7360562731622546
0.9232164202080961	0.3195193679067363	1.2018031199286687	0.7771149657433398
1.5408207881467653	0.4241128390474189	1.3026273803722628	0.8221204327521521
0.7244093556664943	0.4491174139205969	1.2021362093384305	0.8537629375656668
1.0521153668470702	0.4979710702996538	1.0622892558338424	0.8706573477451951
0.42572806916095507	0.4922720912365848	1.4385878420214069	0.9154608066368954
0.4397701223428956	0.48823644086440776	1.2105440491658221	0.9381434268569135
0.45059182861232605	0.48541526830745374	1.2815520184879658	0.9638818105685649
1.1651719157630671	0.5351210463461495	1.3142403159610079	0.9895011446572326
0.9482881390104387	0.5646142298753523	1.3499666153873857	1.0152322841924186
1.0134655417275513	0.5959106681533883	1.2038055472639204	1.028380855343468
1.674204317818747	0.6693874108628244	1.2812348847117394	1.0456106160373264
2.0481270365611475	0.7612517212208272	1.4741671295362422	1.0741651081042325
2.646942552749237	0.8841644072517281	1.3866260603575697	1.0945318003243552
0.654391038320119	0.8695058604344204	1.2935963173018483	1.107231524428673
1.7814837105694497	0.9264753682505853	1.2267740047181066	1.1146990419606864
0.6812265872456122	0.9114678003842773	1.297669693246943	1.1258961843397088
0.4116667855502558	0.8814943354862312	1.2604285374037985	1.1339647624390943
2.8793033151698317	0.9989586467249554	1.0525016273437116	1.1291752451148902
0.4507592156854954	0.9673462645551933	1.044428054020715	1.1242886579942843
0.2570292825158873	0.9271573054596933	0.7876191685638076	1.1052404454415954
0.20547438410539454	0.887080985900321	0.7041043575238597	1.0829648750378658
0.20500372658353094	0.8498921453530459	0.6900357869109839	1.0615413346936333
-0.041869686568006936	0.8021384211699107	0.7504289352409386	1.0448815868661807
0.1346115387408151	0.7670190012947873	0.4505727836626445	1.013614242219162
-0.09826038153441374	0.7222799463369607	0.40431924020437204	0.9821106968595206
0.04383215043477273	0.6877952272586483	0.5636474546494372	0.9608406463737862
-0.037414448505148634	0.6515476670659759	0.510657133301621	0.938339434448473
0.04437490296055446	0.6216970021314392	0.4603170460768491	0.9148381564496022
0.36805113460193395	0.6094281628610707	0.4911360298251093	0.894343605522609
0.4643871397259054	0.6025237356647499	0.6129363013621689	0.8809477027778927
0.6622840299355894	0.6053240108097335	0.5541830718940539	0.8656355041224801
0.039565174186212415	0.5792204696287993	0.5349272895576669	0.8503770799462691
0.8471511658600466	0.5913955269301976	0.5906792684255684	0.8385764246202021
0.7325146257021613	0.597712489741512	0.7628442728310643	0.8351865695958975
1.0604232410228662	0.6181199497439434	0.6918685863835312	0.828865415609614
0.5885601128291096	0.6168354470595787	0.753958313008561	0.825609898255844
0.15159555949705394	0.5969024055578735	0.6889660899198062	0.8197556335152094
0.20420368373472386	0.5803141480667475	0.6988299728352325	0.8146475794708226
0.974092210416593	0.5967170145691063	0.6866539885129075	0.8093158779158196
0.8442584858954694	0.6068875307066233	0.7640534662308958	0.8074565462243537
0.3765338807167167	0.5975514482873965	0.8056670431133572	0.807384207532744
0.41842743521215864	0.5903884409318931	0.7650789817339274	0.8056925830784478
0.9477248342516387	0.6044902544286284	0.829808549740281	0.8066442567430903
0.8767252760694333	0.6150946417133876	0.7103873334640154	0.802895305087338
0.26167053623829717	0.6015045472616494	0.9108339469714888	0.8070455816950617
0.6628218387548277	0.6038325984062989	0.7868244547347631	0.806277977320689
1.312320352750803	0.6303947505499967	0.8854333286193625	0.809245641450095
0.6856115262042084	0.6324391809849821	0.8873956047450977	0.8121392352096815
0.18355843097349367	0.6160201989709668	0.9696041576478491	0.8178985296465808
0.6963736006045689	0.6189235021409438	1.129525553583453	0.8291591783248708
1.315789616547701	0.6438059029261065	1.1118563558190027	0.839253057625349
1.3599028088411904	0.6690737420656379	1.226861544753861	0.852929698662197
1.4763779041052705	0.6972295352555689	1.2416955514147978	0.8664883802600205
0.9338167598523872	0.7053856536714147	1.2663738954779657	0.8802742500658263
1.4064499063667903	0.7292801891101168	1.3307730253526415	0.8956285259558181
0.7476256224000664	0.7298983674977182	1.2681497552849645	0.9081828129498526
0.7485517627946696	0.730519984371933	1.1841785779523035	0.9173808182452017
1.2261003140248463	0.7468543897222155	1.1614743927700553	0.9254260574547502
1.2129537767517289	0.7620500070090699	1.1266068563464144	0.9319846801499287
1.3659050586019248	0.7815256415771275	1.1130133628118206	0.9378232952571723
0.7991473883516784	0.7820877947848948	0.9216896431631723	0.9373083373209949
0.7085224193391859	0.7797649319492683	0.8672909864247393	0.9350974815304114
0.5010237233355672	0.7710555764186882	0.9992081986858559	0.9371002517848146
1.0729228323998083	0.7803900018063716	0.93811664038063	0.9371316514236192
1.3756985836445206	0.7986104019171305	1.0893294790725259	0.9417898109030522
0.9897302923774174	0.8044007850822013	0.9775402676336771	0.9428728356350735
0.8333881523403017	0.8052700215673463	0.9596780888172567	0.9433766539506427
0.8646979316737999	0.8070348855469889	0.8951147869856677	0.941943343213778
0.8387700733637127	0.8079680904230879	0.8612495225156758	0.9395703545837695
