-1.0	-1.0	-1.0	-1.0
-1.0	-1.0	-1.0	-1.0
-1.0	-1.0	-1.0	-1.0
-1.0	-1.0	-1.0	-1.0
-0.8213580847899609	-0.9248430981749811	-0.19057896154802534	-0.6594663830685282
-0.7458087465897996	-0.8586346626434398	-0.03282678196157296	-0.42772969643144854
-0.5098509800404047	-0.7436351248596098	0.8904859870702562	0.006907017392341341
11.110176386036999	2.7813630729287473	1.71897632508683	0.5160292682750884
-0.127435896274949	1.9937918896249367	1.6314223800106697	0.8180272636509243
1.0832198654103222	1.7675343924231575	1.303473493198232	0.938650140417695
-0.47736343813535886	1.2521760985409456	0.3012207013303545	0.792316146158484
-0.035036417656594376	0.9775875215081282	1.2032280805640663	0.8799717737475592
0.6360679180219042	0.9095532699267621	1.3840922044295136	0.9803982171668251
0.037397336538075754	0.7465946441963107	1.3399219819594457	1.0475736309408754
-0.33942197357116877	0.5555409105824896	0.7749537778444127	0.9996135467971867
0.0610639503981425	0.47335846053985664	1.1087676807938553	1.0177549491134004
2.2918048171479737	0.7597551988817843	2.401508053255626	1.235689446383693
2.4212695472428285	1.0084091041538716	3.0506647680514334	1.507309552057189
0.6817948010456407	0.9618482520197866	1.5889853436449242	1.5189532765032046
1.038841694446066	0.9723266862085436	1.7917582590426244	1.5560815408219475
2.2340689663480178	1.136608625324489	1.751256182921889	1.5814939959227323
1.9610805898072718	1.2394975134973705	1.5933211917612367	1.58297007691657
0.4281834503576698	1.1422894685675669	1.4517261931277674	1.5672452100065262
1.4670996812259585	1.179714567464639	1.7616121423704372	1.5896408025726818
3.046607333949548	1.3868698041002863	1.4105466250565137	1.5697685254060905
1.1888711032234003	1.3656828058133912	1.5476757164038548	1.5674049709339855
0.7383631129184194	1.30086470619373	1.1053853784236876	1.519666726093849
0.07476992152949746	1.1783919072168612	1.1927066523726917	1.4870071508635867
1.0729414971032014	1.168197425972496	1.3012851816625286	1.4690525984501162
1.1149795578562083	1.1632129808820553	1.1617389874219977	1.4402704323700388
0.48081428056057773	1.1012355559838363	1.2583384398144357	1.4237469901930928
0.3865257451835369	1.0382297490051684	1.137096992041028	1.3984772557973213
1.746933105646625	1.098924390005585	1.1431151853070962	1.3766083286073765
0.9315644754513928	1.0849890537752214	1.055210866769575	1.3498470068617703
1.3744006116897918	1.1084367276119313	1.2667788119434555	1.3431171616758193
2.552401437627025	1.222349102132636	1.4462442484342493	1.3512528220463995
5.414469850062285	1.544591196289336	1.8371055735508492	1.3886001137161754
1.6482410781913157	1.5523602864021862	2.1181428249162235	1.443279138618502
1.246264175968887	1.5299778844153509	1.5571677038377643	1.4516071392739294
0.6610519224720839	1.4679508018500225	1.5826430824333273	1.460960682141276
1.7994033629071136	1.4910611252424713	1.4692465236064276	1.4615382240701615
1.367819749202658	1.4826633556718405	1.4862538782484354	1.4632225325320998
0.5797801127866891	1.4225052150919213	1.6119184973828529	1.4731301478271375
0.7124216531347656	1.3762208004430452	1.2637029316277633	1.459479490861748
1.1020125656955053	1.3587272552611904	0.9749650071948255	1.4285692137875436
0.594306537911218	1.3109752592248967	0.9365188110955676	1.3978316992542696
0.4277093153862659	1.2569245309739339	1.008691071341679	1.3740187136653108
0.504954439016279	1.2118280914309767	1.394450828543187	1.375244471197949
4.302263975576168	1.3935353508352861	1.4260388831769997	1.3782313982782552
1.7819283816578486	1.4159325971105847	1.5724026153270327	1.3894285589041555
0.35373061885026047	1.3558342378599058	1.2815552180037866	1.3833254300184032
1.0682086994214042	1.3398619874393138	1.2580440174653211	1.3763685104566155
0.6356540582609396	1.301466749460534	1.1113231251468907	1.3619178749285399
0.8834411449947202	1.2790819044782258	1.0677416433429134	1.3461652178664547
0.7374473909974351	1.250585770772263	1.0339115805646695	1.3297370622395426
1.255145626439789	1.25082154157223	1.101461008201809	1.3179341412091858
0.9119104647671576	1.2335952026214576	1.2872982974731606	1.3163770713356997
0.904575886625385	1.2171503480934254	1.3153510228322358	1.3163260545854438
0.9219739833835476	1.2026388987070766	0.9575462403332782	1.2986876652697457
0.7040674280218402	1.1785223235618725	0.994347511585296	1.2839661176094799
0.4259709485158374	1.1426982218203352	0.9387118963391499	1.267530592062228
0.9998411975094705	1.1360038505340202	0.8540535725794274	1.2481550318756125
0.6357802190840505	1.1129239036039387	0.7533614935258641	1.2253256240693746
0.2653483376489594	1.0744097426273762	0.7783730747110054	1.2050159945785976
0.20955119462167482	1.0356965280795323	0.7570328410579774	1.1849632305126048
0.17906774957338878	0.997915426983276	0.6804539455219951	1.1627122865157498
0.9785045372252119	0.9970719812407536	0.81486987489148	1.1475933205840247
0.1845150593920668	0.9622581786293114	0.8480259289149537	1.1347586699469745
0.02677373447043241	0.9227418726879684	0.7068317795054837	1.1166826742796272
0.2094921615068297	0.8930311122807426	0.7661652898470843	1.1020816145029122
0.37420127662215164	0.8717151314737339	0.8311539387698113	1.0909507241107619
0.4287972190320146	0.8537637291312608	0.7450653889930672	1.0769320602110093
0.11231756164445472	0.8241135529633548	0.7723917329242049	1.0647537064448591
0.2290194812088462	0.8006290281629809	0.6304454609184602	1.047614447470676
-0.09333293062998538	0.7658080226984698	0.7330476014105478	1.0353618394529782
0.3263332571040194	0.7489091497477272	0.777854875528206	1.025460015320121
0.44511495052725336	0.7373752684255703	0.8566964824275314	1.019052632118778
0.48441190454692395	0.7278913762093859	0.6417851789103726	1.0049084227953635
0.3216946426123106	0.7128505896544084	0.7553627883215885	0.995668239239675
0.8077016286774474	0.7163199951542985	0.8628318512041835	0.9908094845042648
0.6666825218281807	0.714525980613893	0.8186503496795712	0.9845879253894723
1.1447630280317918	0.7298880408283486	0.770005549316056	0.9769257428756208
0.442321993832526	0.7197406694272961	0.7420032611108627	0.968635955282861
0.4338117530873087	0.709768469717126	0.6446622032230571	0.9573368845819965
0.45191969937699406	0.7008786820157655	0.7423573584222807	0.9499249867311117
0.38074222899593035	0.6899668236907441	0.7462141029335907	0.9429812932544905
0.37661773996055525	0.6794063795744179	0.7869760837461706	0.937723454566608
0.07581498950767429	0.6592905033363852	0.7468224640895011	0.9313611652286031
0.16307101534661328	0.6429347109320316	0.7172348957395003	0.9243033265008489
0.6513085917568662	0.6432076700681737	0.7917987993898741	0.9199832922236191
0.3688900918512894	0.6343602566551318	0.7734540826983802	0.9152572802871424
0.26701698349752245	0.6226386900373537	0.7525929854075382	0.9100668176999587
0.8865872095072838	0.6309723868070789	0.875004025925787	0.9089597643447767
0.7282085400227327	0.6340101628861823	0.9045171673831178	0.9088206154726837
0.6937571267306477	0.6358574362570875	0.9485857209649156	0.9100499650887
0.42355318174907763	0.6293593086502058	0.8122856454859633	0.9070575138272257
0.2902597644723359	0.6190852506613242	0.8288641145256535	0.9046883201529248
0.5337572053939523	0.6165258268085492	0.8190058302831025	0.9021182621093371
0.6448000563948326	0.617365436602302	0.8921292494142219	0.9018215170755373
0.38080920395684537	0.6104090301085583	0.8514114766736312	0.9003390966288196
