-0.6969680351683205	-0.7354209456129808	1.877003840198995	1.5119295778928215
2.446352174019932	1.4988511296319649	4.3262439621225495	3.4881684816781497
-0.33174884630308166	0.4424824671106149	0.6447290283819032	1.8473292186817702
0.3125252462841124	0.3791641055425694	0.6647984796828603	1.2711703149618168
-0.788585417206414	-0.11212276398070276	-0.10650856015795229	0.6915635009752903
-0.741910112182517	-0.34502356438638326	-0.5195671192341571	0.24367694012862917
-0.8795743081294699	-0.5212734990462626	-0.1572376192445638	0.11148899831886472
-0.8886446195441319	-0.6305196653071998	-0.7186205332101127	-0.13536297236573303
-0.740196668279443	-0.6602152193378862	-0.3990207068826561	-0.20674952068000108
-0.8619236305365214	-0.7103354105420769	-0.44634249424592065	-0.26628323355366645
-0.6996764018594424	-0.7078884869613997	-0.3331131188012656	-0.2816253952001069
-0.7863066157544145	-0.7246166592502108	-0.21826505267083796	-0.26810934421219934
-0.7783878556801684	-0.7353284574588278	-0.10620972475939627	-0.23585717102556258
-0.5345355478790155	-0.6978111630674113	0.291478329714868	-0.13732679335063558
-0.3815183153070574	-0.6421685199316012	0.0738508298293592	-0.10017620015370465
-0.7128794236787853	-0.6539207630426469	0.04750796384301603	-0.07563114920730607
-0.33181902031847876	-0.6031911232216235	0.28609264855534056	-0.01866115266888302
-0.4943675101307118	-0.5869051183029892	0.21044887407290735	0.015626325993282064
-0.06497432360550759	-0.5125003917304602	0.5718401642207345	0.09491833902615343
0.6467320261286291	-0.35472897149944327	1.2951286480686361	0.2582667630586777
0.6506455549853292	-0.22382684688922705	1.02794184527913	0.3584803443597122
1.131310899028354	-0.05471437857697592	1.1604255507102565	0.45855797735926473
0.698888037475847	0.035579278841600726	1.1158910992665367	0.5373171227889788
2.06793770188085	0.2697466091556828	1.5240261942233815	0.6510053701035075
0.6847163064352992	0.31579298069345674	1.7479870294206825	0.7727295599685007
0.9895748433328235	0.38789348579249006	1.4478534488950827	0.8449737532422141
2.8934070473473046	0.6467791297028853	1.9829405984889057	0.962556080123929
2.6690836440190617	0.8487839982490799	2.2291282042387137	1.0890719764730208
2.7461215100072622	1.0322038330936065	1.9515407144104495	1.1724487287169127
1.3310447529099347	1.06019205743761	1.3083470869337597	1.185176326211395
1.6211831006614021	1.1111434881651605	1.883267920085598	1.2485796997396181
2.0320052235810224	1.192323281128382	1.1874962264806355	1.2431950902676339
0.8256143925791624	1.1609181003849836	1.4040660790444868	1.2569723522524776
0.3366347994260941	1.0922840114275236	1.3010267438478462	1.2606407281514351
0.5919511391598935	1.0517481280038554	1.2110122994540085	1.2566199581747703
1.6530161815935034	1.0991811097710475	1.3160226745621602	1.2613060188209575
0.4185134306938314	1.0468597759324072	1.13618396774027	1.2516886082472456
4.717382046970361	1.3219616498532392	1.5494100474216101	1.2740029718489616
0.6593418497866759	1.2735090125042126	1.6528835514929514	1.3017074936483146
2.413740202131162	1.3549021694365595	2.029070342173693	1.3536287422554794
2.8231169208108158	1.45727381301046	2.1848154000144233	1.4115835315502685
2.2811239283503255	1.5134126809147777	2.134586391863188	1.4608504696490923
3.298467830470443	1.6323497157215003	2.1430246111123528	1.506303470177278
3.3005557078840937	1.7410865827097721	1.8695285551769754	1.5299792253080704
1.7089970211373195	1.7390394300316747	1.830179353402869	1.5491308917271964
0.7201844479831725	1.6753937752029375	1.5903248555299476	1.551704780796575
0.8419578649274355	1.624392394394918	1.4703873002795445	1.5467288640421568
1.225396209834507	1.6004643389570914	1.4331631221366434	1.5399185007751002
1.1470807697033778	1.573807170970551	1.3386465025209708	1.5280845878852425
0.5087431973774172	1.512388808059606	1.3349238976371591	1.5169458726879959
0.2258622209150145	1.439598293484205	1.1426295350430888	1.4957675338388907
0.41606405673997804	1.382759601708079	1.0469975426199087	1.4708468599589573
0.9206685941255273	1.3575652597349586	1.0947059838112296	1.4503388109000754
0.3101960325322344	1.301478718735702	0.9933835899532015	1.4258690671102592
0.17309797126076587	1.242113074190816	0.9067744294230708	1.3985585454486347
0.4559010432758728	1.201462050267053	0.8441472481201049	1.3698926276982144
0.6311319305841274	1.1724730725207166	0.9224330426773752	1.3471490437418305
1.4440396749399054	1.1860467755498254	0.7301546082289179	1.316310536569568
0.1563773382193554	1.135425110916259	0.9010013166842841	1.2958928488012607
1.134799455071379	1.1353948760156314	0.8126915966129848	1.2725201283598695
0.7568937881450453	1.1173770183743366	0.7847877952909745	1.249302511320805
0.6842272540227365	1.0970797225321363	0.7124788793388044	1.2241470794556863
0.5832458095503883	1.0733718234649792	0.7601342167833609	1.2027378849893355
0.6255944744258086	1.0530245646593905	0.7452081327994549	1.1819474691848888
0.041037725975455075	1.007725413279068	0.6955040573396294	1.160172982334792
0.19991907802647124	0.9720974590009719	0.7002448134020864	1.1398880603906236
0.2719915835334614	0.9416668077067343	0.6532356380331374	1.1187352854557
0.08657060006157047	0.9050304223144445	0.6792074948626523	1.0999040481861595
1.465141512383139	0.9286910707850626	0.6185722941863427	1.079572083614475
-0.05497255705372772	0.8877163362137723	0.6044514853379803	1.059780972627113
0.0219559837430654	0.8521467244603596	0.5705316588405043	1.0396803639030558
0.01624115067486498	0.8182676596222491	0.6723714432229662	1.0247936152334822
0.33666803182173255	0.7990088261906687	0.6322145388472102	1.0090947445989062
0.40847906322659266	0.7835972347348132	0.6830160381952071	0.9962266741951429
0.9073133662197368	0.7884164276919792	0.7496531271351938	0.9866225201965975
0.43612361648879094	0.7748696596296956	0.7239810422572133	0.9765229862599472
0.24538416350891	0.7547673630072658	0.7578782545680354	0.9682219708702806
0.20248337283497575	0.7340615884436605	0.7685438646391527	0.9607358742671053
0.5887728938633767	0.7286817167275692	0.6856165862567118	0.9505485569566283
0.22668458066794384	0.7103201322326111	0.7688485065785728	0.9439025536913959
0.5165681013530676	0.7033182424321867	0.8004461558504987	0.9387181132160742
0.9959199807464161	0.7137656854706618	0.8589549414472177	0.9358697117401948
0.43001699679042815	0.703752772862899	0.7513231422940876	0.9293572195557944
0.2246224696896002	0.6870421079812306	0.6844129277863682	0.9208140082836145
0.5406861525518816	0.6819963194416914	0.7540514633687845	0.9150646793554333
0.6479494346592889	0.6808356265928477	0.6474074935299503	0.905941610270125
0.47253496753845403	0.6738154869377881	0.7245248315456134	0.8998274599146363
0.6344398544142054	0.6725031117676448	0.702268455170862	0.8932433339112298
0.6645830879077987	0.6722418768972613	0.596546294568866	0.8834638207888792
0.24942724329723842	0.6584568788408065	0.6303647043906673	0.8752119185606837
0.40315095755903685	0.6502226262810793	0.6404007716603415	0.8676386443950224
0.21232682662976	0.6362496625104115	0.6710835079429018	0.8613665718618022
0.7229390695805833	0.6389864714003433	0.6790875824676492	0.8556111886488158
0.7173947930180693	0.6414361131488535	0.7107395299048993	0.8510845783440473
0.17478695766903796	0.6270060229588674	0.643796570942406	0.844674481587425
0.4263084285214276	0.6208633058538573	0.6245019883160141	0.8379357004363686
0.32617841436495487	0.6119349983820803	0.6964904502738047	0.833650226962589
0.650929627424041	0.6131046098173156	0.6748378639781094	0.8288866290420689
0.3894058217490819	0.606461204796612	0.6372237562134615	0.8231946290942631
0.7363024459759748	0.6102794465361228	0.734727294488531	0.8205930835728339
