-1.0	-1.0	-1.0	-1.0
-1.0	-1.0	-1.0	-1.0
-0.5325905047957109	-0.7302760050775796	1.1928403620627828	0.26540361022018266
-0.8734128301686084	-0.8000159028663472	0.06540714824085003	0.16796026087893878
-0.053562948275344135	-0.4859737111708061	-0.46393752183602255	-0.09788701060350857
-0.7268127917615997	-0.5750381146610504	0.15296971078000343	-0.005118233820912144
-0.9447266348451031	-0.6969303431670122	-0.5184502472506083	-0.17437207326052806
-0.38201409483516	-0.6032829703069205	0.2004806852665395	-0.06290134164737116
-0.4534022661388254	-0.5627020756879679	0.20188681808295783	0.00879126985347467
-0.7803145060928468	-0.6167740573996885	0.08264255769283535	0.027141748485921546
-0.7740331958800886	-0.652875852200755	-0.4254860067724462	-0.07676746361023801
-0.5645108007880419	-0.6340258204840883	0.14647602199945786	-0.029145168307371794
-0.505228288740972	-0.6083679126857853	0.07248347803295885	-0.008899539750320873
0.39284629999682097	-0.42129538751874807	0.39471309936298393	0.06651369222978265
-0.6734035949137123	-0.4656466375783235	0.35636153675451854	0.11750406187838269
-0.49305122926995226	-0.4702013494715611	0.09732301737471327	0.11414984994798916
-0.057222575237318773	-0.4051591759208517	0.028813795013220123	0.10070967186948132
-0.4870188947625289	-0.4174098482718581	0.17465961719399958	0.11177674632497459
-0.5289018648289765	-0.4333037569724768	-0.028375571229244057	0.09179714305608999
0.05881743167439257	-0.3663260415763042	0.4351761106467744	0.1385310162345028
0.23805301483577046	-0.2876343667247443	0.1167698926010805	0.13569785393375167
-0.02247979415912682	-0.25454468948263054	0.6101573492612677	0.19490749652134975
-0.4279605191249479	-0.2753225842906626	0.4761152274933582	0.2286007170804405
-0.4340545238338751	-0.29361144418487595	0.12272693238102783	0.21640226487782988
2.7219034912336335	0.04099733699433927	0.4961537070520139	0.2474443346325943
-0.362714064538059	-0.002202946915112358	0.20740582680071618	0.24316013304614548
-0.34184302897929686	-0.03729651068828699	0.15716951875570118	0.23427519617347947
0.012870302671233791	-0.03228532702587095	0.2045749149380942	0.23130859217382982
-0.3307384077177722	-0.06113741968458142	0.42414887945098045	0.2499509787630838
-0.17200618407624135	-0.07152094978672108	0.3557052982795792	0.2598556378800867
-0.5150892432196587	-0.11180717102976367	0.03545065157222149	0.23947451305393153
-0.3470395407339171	-0.13254433344477623	0.08596435657171075	0.22594162777440552
-0.012174833861974377	-0.12223579245878635	0.08509590164233294	0.21387946232178257
-0.2467975223898513	-0.13260731546730087	0.25606637047695013	0.21739241080395533
-0.3471082119744662	-0.14998561972753088	0.3847630268401845	0.23095262875038092
0.8693620866185325	-0.06957062985445917	0.21201065671876984	0.22945844512867541
-0.4814912742658004	-0.10123413187641883	0.16758289978374918	0.22470234852288584
-0.1869341181925952	-0.10765716059991359	0.19210060023460773	0.22225899241917535
0.15130590211296946	-0.08872098567195685	0.15343117424834962	0.21722623785701178
-0.15999737267645675	-0.09380891279776193	0.3126533276799568	0.22403819228506272
-0.28120870886731064	-0.10687535508383861	0.2817434103496268	0.22806171243356022
-0.22997549687417895	-0.11526361462592316	0.33052054203121317	0.23504347934602166
0.16367187381487835	-0.09667839849198545	0.508563737767211	0.25326788887292184
-0.10345941346166598	-0.09712042136366839	0.512934411617006	0.27019339457674163
0.04124463977447146	-0.08829313497988145	0.5285965199194591	0.2866787097137289
0.07924413715126133	-0.07782727713975712	0.3705291512069886	0.291916830401707
0.024582986235097026	-0.07156021360623899	0.4580427553743056	0.3020829891646746
-0.2922397971535269	-0.08479463626164663	0.37774820357116345	0.3066208184580441
0.15954011661127	-0.07042856791801366	0.5001945680966322	0.31800234626514245
0.3041488704137143	-0.04882793054458334	0.5074817091950767	0.3289290434338712
0.31198706119089326	-0.028412988018218566	0.6442875110217017	0.3467721764778091
0.3412424429473371	-0.007885275316149576	0.5684556677881893	0.35908268904870155
0.2337529241898726	0.0052897856844353885	0.5331753164397286	0.3685750051087786
-0.04002468513846169	0.0028634952771393607	0.5817898451037544	0.379993174796037
0.5203391390931948	0.030088291545937063	0.6877455382488422	0.39618416134888923
1.0314656745110837	0.0818639603921365	0.7120127574030299	0.41251381884897076
0.5728232158120925	0.10681899670810391	0.7006858629306054	0.4271614455957595
0.1459744928854454	0.1087760060803169	0.8019595094078256	0.44589453654263767
0.29783970632483237	0.11807112297896594	0.6712447083436903	0.4569736536459492
0.8456084829353798	0.1532624337398254	0.7427565510187188	0.4707970336079046
1.1583837247134419	0.201109686071828	0.9079686320396674	0.4916080210016711
0.8329065994945526	0.23071535363315143	0.7290865427316118	0.5027360210161138
0.175708321919674	0.22817734574483017	0.7829568691431019	0.5156651542733404
0.6391464034045651	0.2468522021029933	0.9019595834042233	0.533218820120017
0.7796920851604008	0.27070350078477934	0.88490587766253	0.5489612532702548
0.5933796629641601	0.2849351578315056	0.9909769996068634	0.5684563731485885
0.8563604364034674	0.3097724726349409	1.039861807426222	0.5889462505643732
0.5969175347553763	0.32207529920850186	1.0699872834098962	0.6095565790348421
0.48050938833495294	0.328767813311591	1.0153647019690695	0.6266986088694919
0.469181118529973	0.33461686662186696	1.0669269911257526	0.6450366005906867
0.5638881999648724	0.3440367330365197	0.944626973447517	0.6573455859056005
1.393323774792807	0.3865644138665043	0.9668964332071239	0.6698917601848404
0.588462333820611	0.39463848942761315	1.1573651899492425	0.689386016833476
1.1538924636478405	0.4246014784620753	1.079278099476177	0.7047725863850689
0.7048461007021225	0.435517724189886	1.051274357697149	0.7182697075283839
0.9494372708734304	0.45527901675013993	1.2201208580418799	0.737566932218424
1.1371212395129038	0.48116545569852676	1.1432869540439632	0.7529701991775726
1.2157299047827297	0.5087051164345553	1.2629001067188037	0.7720880196313658
3.279250283847296	0.611294641955261	1.419737815356119	0.796069663295965
2.4214917713415	0.6775062395216478	1.4531676485127623	0.8201042418748634
1.5583673433173058	0.709337119139277	1.3483172332040674	0.8391916488130471
1.185778680762378	0.7263486024574792	1.2350128822278554	0.8533244441279233
1.3020717964155977	0.746663503913485	1.1958424796803344	0.8654103453490432
1.1100266011408335	0.759336036204725	1.1373257887787611	0.8748935068187715
0.9450314482962892	0.7657375679448786	1.0139796538457002	0.8796881374393426
0.8285716865996984	0.7678790157230229	1.0432779868281865	0.8852637223215329
1.0648934686000509	0.7778882421074154	1.0181666972059484	0.8897422136587945
0.7956599483908897	0.778480306232352	1.0172564913915356	0.8939916210159731
0.8675109194974935	0.7814147921195704	1.0050202048744983	0.89765117317839
0.8200475487986516	0.7826739832394385	1.0340174491030862	0.9020966827238794
0.46361872344519583	0.7723836995694746	0.9547197015377475	0.9037937456266447
0.5074248752059334	0.7639288764109455	0.9444775002605026	0.9050916055223088
0.7552295454673901	0.7636541762984694	0.9995335822077693	0.9080734039349483
0.513008500972721	0.7558226479045764	0.9769426149531237	0.9102248550002479
0.8364840833486802	0.7583168229754615	0.955433825767517	0.9116227506505852
0.6592973778479101	0.7552861346916895	0.8315991747471547	0.9091734669558649
0.4746972415576507	0.746784702010284	0.7690581127167906	0.9049280414064225
0.4643533269982094	0.7383132237243153	0.7994641203537449	0.9017646991086457
0.3904549055658175	0.7279824318160348	0.741509791967583	0.8970053375133145
0.986438647974762	0.7355829166474248	0.8055674752889985	0.8943165009420275
