-1.0	-1.0	-1.0	-1.0
-1.0	-1.0	-1.0	-1.0
-1.0	-1.0	-1.0	-1.0
-1.0	-1.0	-1.0	-1.0
0.5766043616997432	-0.3367026631505554	-0.01909912511340084	-0.5873226322143837
-0.5679905937274701	-0.4222349565239456	1.1097330122124283	0.04026294672430386
-0.8128456779934906	-0.551025566117452	-0.47130892032629756	-0.12841049441622798
-1.0	-0.6845383208172479	-1.0	-0.38759744822920283
-0.5466967561947415	-0.6472170743973671	-0.34022702274508976	-0.3747717002328137
-1.0	-0.7348760098226721	-1.0	-0.5301274251782389
-0.9223035018344631	-0.7779035040037028	-0.7747298468707791	-0.5862805160233546
-0.8307225208194017	-0.7891708814186751	-0.23714494720998625	-0.5118028853243313
-0.9008327435959995	-0.8114151261491318	-0.5093854308959143	-0.5113212803505319
-0.25851137111400757	-0.7081073391576662	-0.007524624127050128	-0.41718891395840474
-0.7305087322090776	-0.7120482547224196	0.1168576814401272	-0.32323880919515036
-0.7975690090726916	-0.7262618964093291	-0.12382081054234839	-0.2900955518882131
-0.5532418310646334	-0.6990119755206425	0.5579701156878816	-0.15652889023251837
0.1331816714374845	-0.5744700429998622	0.3942205536621455	-0.0741064825145411
-0.5361967668208856	-0.5690139794732693	0.5687397954323294	0.01753537784737591
-0.16314319207353134	-0.5137750196842213	0.8453842372709732	0.13020548073359017
-0.4518874261074791	-0.5057170828905175	1.0004747284113784	0.2435165705446105
0.994138741586752	-0.3185447275242811	0.5910067300339863	0.28688115667638536
-0.7643943679751211	-0.3719644737287928	-0.13567005500453222	0.23625304515460321
-0.31255665533227817	-0.36511946166292597	0.5905004509723564	0.27706938679071214
-0.44956038694161826	-0.3744891874772631	0.5600319037481194	0.3084676071954229
-0.43379996396518583	-0.38083579487616026	0.657006202025703	0.34576445931239985
0.7308411048740897	-0.2659703786947073	1.4067530535011827	0.4553925914106489
-0.22288600967502448	-0.26166677588050813	0.8735402536766175	0.4971606668246058
0.8784220704660446	-0.15145206999155625	1.2287723868049953	0.5678869228863954
0.10670864580803952	-0.12727355081202663	1.4058548486864266	0.6463682591798199
0.25267935759798954	-0.09276507874695872	0.6841732428935301	0.6498018020169578
0.2424951856607802	-0.06320986228627201	1.4297531569085828	0.7185592106449994
0.07410552867828124	-0.051450102313682744	1.1273612721416697	0.7535692799183165
2.3231973281682614	0.1462763580962132	1.6577648759493964	0.8288579886229361
1.1959717076531828	0.23132084541196152	2.102219119549244	0.932023571398608
0.7659028921647955	0.27349353693499023	1.8450127790417512	1.0040484288255591
0.5582533581133415	0.2953826493330778	1.3345579046034834	1.0294543091050428
1.080032964583392	0.3541912546205319	2.443156299001865	1.1354095677682556
1.0283519975598727	0.4034877487208919	2.0606591555920346	1.2030663835676618
2.4478449618069793	0.5494212426447245	2.2753526540694167	1.2796101018459405
0.47974036658488295	0.5445627055785704	2.0328039217159164	1.3321264829143207
0.48674657255306375	0.540622988432347	2.0570476895208474	1.3815239489584021
1.8440710373629323	0.627470437795195	1.7130882157690963	1.403615730563223
1.8006794784680733	0.7039429739076966	2.5270671795764987	1.4768451285854138
1.160134584699477	0.7330465767560947	1.9844959667290163	1.5092317543070233
2.535928351546162	0.8456697560751425	2.078417349547441	1.5447881014666476
1.719833412718534	0.8991638957885193	2.1221811243610116	1.580121593436954
2.2978738423119727	0.9830467632222788	2.4389326636403412	1.631625980164177
2.1232423756959506	1.0500861229515785	2.2161495596803817	1.6659938466111712
1.1803578984359762	1.0575988445489521	1.9378956528026219	1.6816740138866146
0.9295079400843391	1.050351993423921	1.8474433735477862	1.6910537367878922
0.7304889873396507	1.0325896157265908	2.0649331319149824	1.7118165640260212
0.8379288143346524	1.0219762543387576	1.8054476935940613	1.716921847229341
0.7043241766829771	1.004966259410467	1.8743071705446517	1.725350344861662
1.292616494492692	1.0200995916656725	1.8201547749626052	1.7303377683076842
3.0291689715316075	1.1239773829699264	1.8147412866502584	1.7347015607041727
1.2025387933570753	1.1279706225182404	1.753817268889092	1.7356732633393772
0.8862475211684793	1.1158888655318457	1.6517691230804163	1.7314796568453232
1.9521098109442412	1.1570000718553515	1.647725374647934	1.7273619811829604
2.1865859778094863	1.2068018552420732	1.7240516223289117	1.7272019201600433
0.05433012471171006	1.1519404744346002	1.604631472218787	1.7213671499463934
0.7648409191166639	1.1338009286321586	1.5525382108145234	1.7134556582418319
0.8370642362094998	1.120109635883173	1.3617356655556159	1.6972274524351314
1.9400645439623911	1.1573690360818478	1.5976360536210725	1.692702200564467
1.5035008051997751	1.1728626221898413	2.2147880664881066	1.7160718985455072
0.658897208395953	1.1501945231761272	2.0108239587186922	1.7290720674893416
1.519301086124763	1.1662382257830264	2.0140201718655706	1.7414578120094864
2.40155365806244	1.219165181423032	2.181179743020043	1.7602975696326362
1.243467056694434	1.2201919545731368	2.3375220646836588	1.7846808988267924
2.57035731771061	1.2764334329544704	2.6279567205896686	1.8198077123687701
1.8703731791558713	1.3008357389663021	2.287759832330799	1.8390338679250235
1.6369855594585578	1.3144603725509323	2.3794481172260755	1.8609374713384228
2.5075880154158185	1.3621733977943147	2.1113009193711028	1.8709495521335144
1.304901129153396	1.3599135409984844	2.1950877397547237	1.883741723914678
2.7686727510089133	1.4147870054875828	2.236726871149193	1.8974912111928437
2.238741755526458	1.44646948333294	2.2445140325542825	1.9108345760936425
1.3425464166043652	1.4425240398033492	2.345236425820694	1.9273270416907735
1.800773038257816	1.4559546822495713	2.2605826044156414	1.9398205539135276
1.74192624224517	1.4665437639945647	2.3538443486742255	1.9551512197804954
1.2950321313366189	1.4602705786550825	2.137432132732175	1.9618188456105488
2.2060475754670694	1.4872201621171333	2.4205197063610777	1.9783944494707728
2.3853138662922277	1.5192871705368884	2.5837704609774192	2.000009468347808
3.8379852231408638	1.6011056934896577	2.5755197612198875	2.020316927196535
0.999411243543104	1.5801202185030632	2.294897302048127	2.029892446714145
3.9547872350662905	1.6619880663595663	2.687938268297381	2.0525787320536146
3.0448682529107742	1.7091213194045944	2.631117617495607	2.0722968936426156
3.0636082584982924	1.754768563000054	2.9190550653160847	2.100833109967305
1.4323854299654286	1.7440244762351984	2.747126958380573	2.1223718837611987
2.308108144706378	1.762616726883106	2.7086042646618416	2.1416941311567435
1.9282920675998931	1.7680179087999677	3.0062221198554546	2.169879568874506
2.105610422189942	1.778905453116956	2.730149012806932	2.1879487965611157
2.5226880359867363	1.80263868384037	2.8243997073090403	2.208257166857195
2.1877873981060483	1.8147989699991247	2.5961874665482862	2.220505263909419
3.4087748684960735	1.8646012261386624	2.6776361268608695	2.2347875580297614
2.420300997498657	1.8817847271391588	2.709046782113516	2.2494527172797727
1.7617049919816599	1.8781090085752794	2.6293930904561287	2.26108094039376
1.3388622474578638	1.8617708693844075	2.288358316662157	2.2619072125031865
2.7784173257190434	1.8892650795626658	1.8588229585574938	2.249816311577965
1.2604457993895957	1.8705902107619803	2.1394139657276776	2.2465373366370467
1.358146548422063	1.8555209748213635	2.053591979952368	2.24086361673131
