-1.0	-1.0	-1.0	-1.0
-1.0	-1.0	-1.0	-1.0
-0.9643612546252546	-0.9794342552845349	-0.6519130687521761	-0.7991324640764359
-0.6181295605205959	-0.8033974261995527	-0.1543974126946681	-0.4850011627283318
-0.019420208085254576	-0.4735683019561676	0.5600464354267798	-0.045336408393400585
-0.5094847567414749	-0.4868505471121377	-0.08490018479830697	-0.059967492106820064
-0.6451931707203651	-0.5390586496870328	-0.2355981920906658	-0.11787575638319558
-0.8141444702893024	-0.6208616957850652	-0.1662923443971912	-0.1322736356592692
-0.40731032866460004	-0.5630416832326226	-0.09377110160455304	-0.12184894873593699
-0.7453050285579935	-0.6083301710201792	-0.14071798883981002	-0.12653744399263678
-0.6762634207503218	-0.6239255408283891	-0.4463030443297804	-0.1999456505044529
-0.7087218367514281	-0.64201431405858	-0.11762815141703331	-0.18238568212669581
-0.7130052286671242	-0.6561564555232534	-0.38523060558195965	-0.222794548680739
-0.7713236716832266	-0.6776749703819123	-0.36451757544234775	-0.24927492794044426
-0.8133007368199799	-0.7015344715294589	-0.5155612697017604	-0.2961204613484665
-0.6022440260826374	-0.6850323273632424	-0.14490187261078036	-0.270987818950418
-0.4636070042438387	-0.6501588798238531	0.013658886895043798	-0.22615732692998425
-0.5812077720820127	-0.6398399491779752	0.0583033175670411	-0.18358623835261723
-0.7590705754594941	-0.6568370706224308	-0.20615010175991355	-0.1868028721036178
-0.7332861312950602	-0.6672418029250166	-0.30218256662078247	-0.2025060793613419
-0.3085139952226542	-0.6205346383312942	-0.1416210667504504	-0.19457869116639204
-0.5222636607822171	-0.6082710560229998	-0.06282477278180099	-0.17813665287943814
-0.12647816995059946	-0.5505446034422787	-0.05492789643556151	-0.16337420347011422
0.025107095459990347	-0.48421830467290106	0.027636901652786205	-0.14136593734805747
-0.6821985851861667	-0.5061865771214045	-0.25699490809643966	-0.15419624961583034
-0.6048554905333332	-0.5167448527345404	-0.2014125610961932	-0.15924857185020058
-0.582661867900272	-0.5235557635037928	-0.1272026798092466	-0.15593734177613072
-0.64980640253956	-0.536166804174623	-0.2829543370127092	-0.1686249866217735
-0.6523216036930966	-0.5473957583043942	-0.16216538060911612	-0.1680005416929029
-0.45237435714115626	-0.5384963366024516	0.09456068518120642	-0.14340987720999787
0.021387090202235726	-0.48764587862170805	0.09141902718651718	-0.12208185888451517
-0.45660887863145705	-0.4849097938728868	0.09884374850547872	-0.10260597708804908
0.14725542133988667	-0.43077052300105356	0.2572398872467736	-0.07178837145570094
0.12340917613409808	-0.38462645798711703	0.15643617760322925	-0.05278505349711138
0.2564860655348742	-0.3326846105058885	0.11961436573321516	-0.038817368271764074
-0.21899386196140214	-0.3237156658991899	0.19516320931105646	-0.02035891231539244
-0.2732107277103246	-0.3198332932176058	0.09853550037442682	-0.011219490178884128
-0.2934282960013459	-0.3178541320766276	-0.0916898932782918	-0.01725045408850212
-0.48451928317051296	-0.3300411060511639	-0.12325355103223645	-0.025001645827693375
-0.26521511533302666	-0.3254136336724264	-0.0449796970360965	-0.026427786111339224
-0.31539214807668625	-0.3247148786779749	0.08245423137742547	-0.018835974455680304
0.33072751784704213	-0.280051791508954	0.325998712125132	0.004661716664045468
-0.42459124028280304	-0.2896822447646362	0.16312002126318004	0.015219779071333317
-0.1907986005530239	-0.283236844861288	0.13106231156381454	0.022770583022623025
-0.27045067046827964	-0.28242110268669374	0.21114793488338557	0.03478839566442615
-0.02680593660309427	-0.26645318359025216	0.2973459179636273	0.051190024435721515
0.3844902189362027	-0.22661882165044667	0.31790519532449624	0.067511774385145
0.041544556811740296	-0.2105366407816336	0.5521894880576461	0.09657864654414983
1.7946108331777606	-0.0926403050394623	0.5570471953617058	0.12365305695939854
-0.03921789366602646	-0.08955960381970629	0.3166284220323565	0.13478129149629448
-0.3682489181407458	-0.10532755272218819	0.1683680790853812	0.13668171963072195
-0.13174296923115414	-0.1067943201466145	0.024075854859875845	0.13042863905485835
-0.3662333528544145	-0.12093966338845441	-0.0032854916785589605	0.12313824883187885
-0.17232837481095897	-0.12369132935554861	-0.051145819792866365	0.11380555708467899
0.12137916320206465	-0.11079790599947759	0.014465751014471673	0.10857915349032643
-0.186552743974031	-0.11471480429487813	0.011329742671786436	0.10355088084393249
-0.30124102869476943	-0.12419566995097442	-0.07444747061881374	0.09450348709629619
-0.4131852174168922	-0.1386399333319457	-0.09067976660807264	0.08524770129362302
-0.24730902342688244	-0.1439825574657898	-0.05758191237431798	0.07822561059355193
-0.5423394810220905	-0.16325136223866477	-0.14389690182934456	0.06748134496752134
0.019273179952911335	-0.15456264271828812	-0.10645980836706692	0.05920115209048982
-0.25846395082558693	-0.15943141853452047	-0.018800056160476752	0.055546055558837626
-0.25653892942774326	-0.16391183918080643	-0.09869581654465975	0.0484295092406537
-0.5174111580921723	-0.17997497975760302	-0.12953456036234412	0.04034280349286212
-0.21075800692699687	-0.18135280814143973	-0.14785860800630268	0.031918531223951385
-0.4135103234342461	-0.1915920319033445	-0.12448484747832189	0.025020407659723576
-0.433836200008592	-0.20212135347725668	-0.17864984878068546	0.016167720639983285
-0.3767924307046788	-0.20960515873922947	-0.22820877640905268	0.005697381068989094
-0.5281260546938111	-0.22306002138445802	-0.1421298040276363	-0.0005470423847551142
-0.49224323861556796	-0.23427285295445766	-0.1888717835100493	-0.0083916316623317
-0.420305454566256	-0.24191589671387215	-0.2536147330984634	-0.018466486484038258
-0.5599901362302401	-0.25480736304054286	-0.33236471293562986	-0.03118866088967176
-0.40740759299361484	-0.26090968845745166	-0.2824903142998547	-0.04123800824360846
-0.5033006502279842	-0.27047532271716923	-0.18107285394979444	-0.04675636803979477
-0.21066271100176837	-0.26814550417066874	-0.07540139601477125	-0.04787209887380217
-0.326490727435071	-0.2703890723599913	-0.06253016494397379	-0.04843582140223057
-0.3414661948428054	-0.2730876384866584	-0.07003336495706025	-0.049255891271538954
0.38609434251879926	-0.24837413855611035	-0.045240413702647864	-0.04910540150616849
-0.24174502231318507	-0.24812868477393035	-0.0581785598517679	-0.04944138390890207
-0.26093310822305993	-0.2485970425257098	-0.07276998580438965	-0.05029468838208795
-0.26372401822870917	-0.2491437963130264	-0.0635340199188178	-0.05077326063567078
0.03826608262596176	-0.2388814656542878	-0.11590552580314295	-0.053098983433738534
-0.3977914129771759	-0.2444888686305433	-0.06885082016238842	-0.05365482718594694
-0.4081909571264264	-0.25019835400796064	-0.07019591872825803	-0.05423194394627506
-0.09697895920682598	-0.24491622377931122	-0.03985211457288074	-0.05373641357951808
-0.0946103499949692	-0.23979338095486236	-0.02672931217900565	-0.052816101422677786
-0.12246938746381175	-0.2358395079289357	-0.03926386421842609	-0.05235946419125814
-0.23302187950660957	-0.23574566619771342	-0.029986342668735233	-0.051613916477183275
-0.31357970341548025	-0.23831114486799587	-0.03752913225844401	-0.05114969508420131
-0.07991597405529127	-0.2331470818524093	-0.038651183693880764	-0.05074222951002838
-0.10410632490535543	-0.22898525881908838	0.034291695407526745	-0.04799971698259842
0.03494482267918464	-0.22056371757329019	-0.027293822436287973	-0.047339208271553135
-0.04135576330420965	-0.21490562479738284	-0.052928007833222934	-0.04751574326158481
-0.15341522614423642	-0.2129844537647254	-0.07334720108138493	-0.048322898433917905
-0.06631452462767284	-0.20844911530479437	0.03656532060801698	-0.04569800319587003
0.09904570182636352	-0.1990376769423422	0.05042577502073109	-0.04275598247841539
0.05836502928634357	-0.1912391448521098	0.1375279384777255	-0.03729399964745472
0.5652749243174009	-0.1685473813250099	0.20085480949918577	-0.030150610541977874
0.16241945049653173	-0.15871846526429523	0.25489991369056697	-0.02168533006491069
0.735223626537735	-0.13243014349971116	0.20696383855301237	-0.014961304558978372
