-1.0	-1.0	-1.0	-1.0
-0.7849160109530942	-0.8489659191997051	0.2457911638606307	-0.12519325991398444
-0.6112122435704188	-0.7117674595272583	1.5646456290687878	0.8499474799984292
-0.8531005139562117	-0.7806285162866234	-0.22121791418226833	0.32804847290558103
-0.527943463167843	-0.6743207466145238	1.6123091313746882	0.8683530327659368
8.577698172418433	2.7471540177090445	3.6821538597377605	1.90892012852586
1.5311668648485424	2.3462236330952457	1.3935925709059367	1.739008423842325
-0.11696228959748034	1.613739133550542	1.193792183261277	1.5768755614847243
0.3355698548554733	1.26766855242201	1.547780648842906	1.5689976733473854
0.7814400551094511	1.1468514014906748	0.22304261168046002	1.2345570053436306
-0.03426968799464858	0.8757028746836168	0.6798131763651865	1.1072049912587882
0.5162521798074255	0.7990247762889431	0.47292028597389413	0.9718992346568605
0.7576497973547944	0.7907824454374419	0.6550161401448034	0.9087727103314884
-0.21748015922457808	0.6023928565502545	0.5481225302326169	0.8413866867176625
2.076673486300045	0.8617499710357099	0.6524363985655077	0.8081460595904553
-0.28761977242737446	0.6707238691781701	0.6917264143884791	0.7887968633684765
1.688777860983624	0.831062431485112	0.6855920585719564	0.7725423493375143
-0.4992840825371373	0.6319694809050735	0.1835343947342194	0.6843944489619447
-0.17519517672031215	0.5169028398974871	0.29512430647245735	0.6289014877522263
-0.578291957055198	0.36784663600074374	0.19084051143998337	0.5692811223253798
-0.5115052699856701	0.2533531218508305	0.013964686899933465	0.49697775704908387
-0.4869169950218162	0.1609722322051068	0.004355954115801808	0.43550178158574115
-0.43837803203543846	0.08916067127565674	0.07899836460133725	0.3927871011770796
-0.646161885935868	0.004437386576616298	-0.23226618048516956	0.3207690745470604
-0.7213353388719842	-0.07609590392508914	-0.19351320400230787	0.26370333834837956
-0.681973096734391	-0.1409296546225084	-0.12873575944470483	0.22170929490003766
-0.5061533979507459	-0.1786666395495844	-0.18041199761620763	0.18015990564532536
-0.0879658327263515	-0.16960665191982027	-0.0412220557807873	0.1580464092520184
-0.6824654855229602	-0.21918586801147255	-0.17814799871296105	0.1255457438020977
-0.5178838312490026	-0.24716088366508215	-0.1371617089099535	0.1009414630410268
-0.6983483051664049	-0.288139099249511	-0.0709140749949948	0.08533304547564113
0.6773979740715612	-0.203021366514053	-0.08956519812004171	0.06991467553104291
-0.6473842296575906	-0.24107700196959403	-0.11476121748958923	0.05409886023631927
-0.32179580723314605	-0.24779812457914208	0.028329563803279	0.051953099929928026
-0.07681433526720582	-0.23394539460834352	0.10997780339588337	0.05665412477535137
-0.387962466215529	-0.24609544176595377	0.08580316812121325	0.058953875214353024
-0.23784487695805612	-0.24546107539127582	0.15868280745647434	0.06662009719842232
-0.07827648197632142	-0.23293067717804983	0.1529167280025867	0.07308808798993982
-0.05056168351433743	-0.219595423642292	0.360210642837119	0.09408317699931912
0.004721325232828422	-0.20358296220328054	0.15819987154717463	0.09866000237130623
0.023772763231012517	-0.18773060608783565	0.4492233094352329	0.12310299867520391
0.06493552956138693	-0.17051346863694716	0.47866271118526416	0.14733149480968555
0.4360874862686137	-0.13009632577197416	0.5375040366875776	0.17332821736148674
0.06855777662101681	-0.11714748977741629	0.625745180858454	0.20281788813164647
0.4259065440043919	-0.08250250308723817	0.7432347615978674	0.23729467997958742
0.5853309058670348	-0.04078395187711592	0.7683449536188693	0.27046865790081354
1.2488426801458283	0.03813431879162299	0.6805956757196525	0.2955664176721815
-0.09325694386981453	0.030254723997632293	0.5579527628606324	0.3113023065409364
0.3450775661471408	0.048765313229390594	0.7162736414038386	0.3351133409730018
1.9875562339208224	0.16056900722085543	0.5991146882435783	0.3503376163273866
0.11994307283795536	0.15827051245813295	0.5196479984292379	0.3599171760964053
0.42854218433789293	0.1732794868821983	0.6555639114292229	0.37633531597555314
0.3162060746994535	0.18107244061770178	0.6553705595233361	0.3915493740935352
0.5123735386628239	0.19881385432459764	0.7290171197836497	0.40962104306421776
-0.07040345069807774	0.1846499542692983	0.509853197080538	0.4148942726584006
-0.01728022425688447	0.17420909997542045	0.3946323539387484	0.41384645086557503
0.017347374558561945	0.16623593205842946	0.6471233307444948	0.4257034988190551
0.9680361295867219	0.20631150889977912	0.8352246872611293	0.4461721544545936
0.13643889185231628	0.2028762039014249	0.6168737996254223	0.45456417809072147
0.17683494997741	0.20161644558204816	0.7289501717003093	0.4678362128421256
0.34512088264956753	0.20844766278716387	0.46929567007949324	0.46790562553228154
-0.09783812550388249	0.19409504758477936	0.5631006060606041	0.47236622498356984
0.6300161145434291	0.21420788608695918	0.6345391018916926	0.4798485335068745
0.24027934971867193	0.2153924735546413	0.5441239825156063	0.4827691007572579
0.7196563888334906	0.23796438456319713	0.7493731382940492	0.49470274021969196
0.26286617453493455	0.23906259309855193	0.5659194736760054	0.4978436326012945
0.14316728080640106	0.23489463578432135	0.6175832285801275	0.5030484745379202
0.4134765084484713	0.24254624994427565	0.44362632585672745	0.5005028111829974
0.3831635358709098	0.2484864714081798	0.37440601629306314	0.4951765464914908
-0.13912843002746544	0.2323404040082937	0.32770070830127196	0.48820054054874973
-0.13530937489146477	0.21723568451740394	0.4432390988106225	0.48635356275519626
-0.17869438942404714	0.2011888154116952	0.2826963718577018	0.4780996015623298
0.10291126085092461	0.19725889613844028	0.4040415646435145	0.47513826414178806
0.22912110829230325	0.19851656629129089	0.3035757319550241	0.4683680383857667
0.10834350838390594	0.19500443021787373	0.28880503929898116	0.4613740718181938
0.07648608986988381	0.1904470356974446	0.3721852022149785	0.45794443544045715
-0.12516238932923374	0.17846457033204488	0.4084934527043109	0.4560667788212418
0.45683381053550987	0.1889008001220529	0.3005863506104063	0.4502374467577872
-0.13252038125154186	0.17699893587594806	0.22530428332445984	0.4419083593810593
-0.15091791125490905	0.16500462038091124	0.2330891216634512	0.43427027601704915
-0.13561011423988578	0.15414137938664707	0.23055053400866377	0.42690847527934705
0.04335682138690777	0.15018558498963785	0.29669608101266176	0.4222589653533171
0.045146034103347166	0.14647894362068103	0.23846143295030275	0.4157731937278222
0.2477497564477309	0.15001075873469905	0.2750251342097709	0.41086425242833324
0.033356923578303554	0.14598898855176468	0.3062849681699509	0.4072587468389366
0.08705182387794452	0.1439800924867416	0.35171044599257484	0.4053653371204462
0.3545632419538114	0.15107686397287878	0.2836086559198798	0.4012618787676969
-0.10552772920079401	0.14252497846494494	0.336997673831962	0.3991200467629441
0.4287393423935928	0.15195855054518304	0.3311179115162852	0.39687842022375386
0.34440012975737266	0.15823244892582156	0.2931281555127596	0.39349572909948227
0.11636308481397828	0.15688197634516543	0.2602706588548609	0.3891988361404961
-0.03160147568706806	0.15086750713259356	0.24153815677236912	0.3844869400019262
-0.1304893991289462	0.14198406526785567	0.19511530774295704	0.37850773276868366
-0.10397458476159627	0.1342991028400109	0.09872933464605071	0.36976606311059723
-0.02911789670044662	0.12924569944134445	0.1516927365461609	0.36302252580628736
-0.09997554740808645	0.12222984262224257	0.27395772770396776	0.36029638748151815
0.1932455695730635	0.12438124804436557	0.18941464436686406	0.35511882114937965
-0.21102911782832068	0.11432055246350825	0.15555184751992446	0.3491327020614634
0.6622204104917058	0.13059189519768277	0.2513112254375989	0.34622744343138834
-0.10871735637856683	0.12355447747050419	0.18166085382103137	0.3413879575725147
