-1.0	-1.0	-1.0	-1.0
-1.0	-1.0	-1.0	-1.0
-1.0	-1.0	-1.0	-1.0
-1.0	-1.0	-1.0	-1.0
-1.0	-1.0	-1.0	-1.0
-1.0	-1.0	-1.0	-1.0
-0.9869953710485052	-0.995712166908195	-0.8791709697398862	-0.9601607461210591
-0.9717887473709227	-0.9885980006823953	-0.811736824711797	-0.91602356184945
-0.945000658579232	-0.9767938216424322	-0.7738194757979656	-0.8775211652775191
-0.9272575839935304	-0.9644851441989785	-0.8147816275044057	-0.861931764476311
-0.9666141277075424	-0.9649738929186498	-0.8970319233964862	-0.8699896640251854
-0.9676504011177696	-0.9655448446147417	-0.6948952038089228	-0.8326384553456997
-0.8868198860834566	-0.9498619762409906	-0.5514925948425771	-0.7766311382522751
-0.9218313147257773	-0.9446245577873396	-0.5139486348874753	-0.7275499792936972
-0.641777061511269	-0.8913472493849954	-0.46113719447014434	-0.6806823428433839
-0.6208033189184581	-0.8463826509415562	-0.27411200950885406	-0.613110051293656
-0.8652251641492753	-0.8493502691190656	-0.35463301826884	-0.5724011178439095
-0.6748172629135318	-0.8232305233199004	-0.6016997168052289	-0.5767857842292083
-0.6200249185975937	-0.7942622240593407	-0.37258056260031125	-0.5476749915911271
-0.7726646906171171	-0.7913228044467477	-0.35115287093621195	-0.5209283303436374
-0.5117397884495265	-0.7549204468920352	-0.10035664195240845	-0.46616890722847026
-0.7168775696370483	-0.7501728885472079	-0.17850148431225832	-0.43026972340552105
-0.5687978697800703	-0.7284412933875086	-0.1110818043583448	-0.39202595795755146
-0.6093439982550934	-0.7147189021897009	-0.28436222643079856	-0.3796208676022792
-0.5520861922237141	-0.6966727378041122	-0.2974163051862454	-0.370499143315552
-0.5927367365045462	-0.6855506328997243	-0.1552117373088231	-0.3474614170559981
-0.4619738099903765	-0.662449243171814	-0.2155049755552375	-0.33382674400668766
-0.6266718638454642	-0.6588755007677897	-0.27796139264126274	-0.3282464503693132
-0.8131439597787332	-0.6737889977960736	-0.37308106212348413	-0.33258077301438604
-0.7601520558347283	-0.6818774159084788	-0.45015764655860635	-0.3435925122051733
-0.5861157281637301	-0.6731800076316296	-0.29204660851655373	-0.33891088990649176
-0.5053487230842536	-0.6583846334240446	-0.4124106171968389	-0.3453902681991212
-0.5302737871485171	-0.6474130967962897	-0.25247584275166113	-0.3374329790391223
-0.6086439773260309	-0.6441848802537906	-0.2092141286277467	-0.326756608071041
-0.180512264504624	-0.6066189541116942	-0.18276439730239846	-0.3150905037030949
-0.24402010454382939	-0.578013997253302	-0.2934722756364281	-0.3133849995696094
-0.6512032963658971	-0.5836398852989616	-0.46160116749603464	-0.32477804322208736
-0.68612423426106	-0.5913209383885113	-0.32813365431137187	-0.3250295217117871
-0.7693905878711389	-0.6043418564050549	-0.3704548326130601	-0.32835113365977875
-0.31899183840067813	-0.5839726582188153	-0.30549995085994	-0.32672000532959855
-0.6560143153209735	-0.5889957200646505	-0.3702449462287233	-0.3297547017131336
-0.6357243298482729	-0.592179838547335	-0.3881941363772532	-0.333736779020966
-0.7522612182115649	-0.6028458927316888	-0.4628561918853764	-0.3423398534498012
-0.7186168628627776	-0.610392066822514	-0.5280573367361456	-0.3544452760958029
-0.6917543231754435	-0.6155826152315129	-0.5749310604689095	-0.3685113556145584
-0.8079071561322143	-0.6275967462890386	-0.5236038572393434	-0.37819961345875597
-0.7334430232525977	-0.6340739066725194	-0.5253049183440586	-0.38720156683646567
-0.6082104003408666	-0.6325228133690082	-0.44026678719950196	-0.3903839302185619
-0.7436061866126042	-0.639054111222018	-0.5322532186258613	-0.39872532763373414
-0.4894844639488365	-0.6304288872843697	-0.5184906449297229	-0.40563170421162187
-0.773888380905736	-0.6385456766283668	-0.5395765020292473	-0.4132101284593296
-0.7718116172353366	-0.6459461928647569	-0.5866473031522381	-0.4228414195715783
-0.8477824164548335	-0.6569509086448657	-0.5733499700478186	-0.4310475577836844
-0.843822384108284	-0.6669578573951944	-0.637094828326348	-0.44208132848722304
-0.8659763188520821	-0.6774284462211597	-0.6478360220805297	-0.45290630949594135
-0.7964773432698368	-0.683583830416651	-0.557604154028599	-0.45831968576755033
-0.7271951424661595	-0.6858005589046203	-0.5336480904206962	-0.4621485686379714
-0.33604498935534044	-0.6683189806989784	-0.48765327800806146	-0.4634232992526842
-0.7967488417291393	-0.6746329819719474	-0.46618424387249147	-0.46355899313855464
-0.37268064828218816	-0.6600273780901547	-0.46504107564228336	-0.4636306977339175
-0.5601400356950097	-0.6552724291981554	-0.39570846793116443	-0.4603973953655831
-0.7235832173378371	-0.6584734843557518	-0.4533121084828987	-0.4600654308711649
-0.5089128121862483	-0.6515728932046774	-0.4653164108201546	-0.4603077313723527
-0.5377058748175718	-0.6463987463920935	-0.41452479228200445	-0.4582273641168989
-0.6566027192330912	-0.6468555375372118	-0.45134538367980404	-0.4579193650112555
-0.34146091814391033	-0.6333861554960581	-0.527892593691627	-0.4610054512513906
-0.49650677099439366	-0.6274365257329164	-0.3740591898927844	-0.4572261803606662
-0.5519627129980114	-0.6242027784320967	-0.37184166542189756	-0.45356778025070055
-0.6187652500923226	-0.6239730765272038	-0.43074697701473774	-0.45260377205932256
-0.5626250382422064	-0.6214175634799144	-0.37402370727130396	-0.4493304361072473
-0.5580190937762737	-0.6188128025513364	-0.38340053565667886	-0.4466216566668274
-0.2678162640423113	-0.6045869432437061	-0.41716360357017046	-0.4454277391291831
-0.4723938693087576	-0.5993005784011441	-0.31545403422020957	-0.44023012842184295
-0.31217856733740834	-0.5879695357390067	-0.2365918430351669	-0.4321936571709104
-0.6057347161596265	-0.5886614323352859	-0.34884553839854415	-0.42894698863178016
-0.6229108276508608	-0.5899784265957484	-0.394898303045343	-0.4276377837178279
-0.5367989514629001	-0.5879594661724001	-0.29340176085028624	-0.4225414736373705
-0.1988216407158646	-0.5733702654439303	-0.313501198462501	-0.4184534794731011
-0.19349751215710398	-0.5593040768029681	-0.21298942139755528	-0.41084539919204366
-0.22832670743540884	-0.5471977950690171	-0.2071490771612715	-0.4033946956783312
-0.4698533843624739	-0.5444028935730304	-0.2531876766038381	-0.3979668119978881
-0.4225549751511204	-0.5400522607636378	-0.320300506170087	-0.3951937767191154
-0.6510204855680265	-0.5439680203975599	-0.39520031279266854	-0.39519412369089424
-0.519176944316539	-0.5431035353727466	-0.30430866303076864	-0.39202456494625426
-0.49033734571220977	-0.5412843967152741	-0.31675653780476254	-0.38942966415672386
-0.11098084236674788	-0.5266180115787558	-0.27135923254413774	-0.38540542095145347
-0.2795555102693351	-0.5182917836032301	-0.28702556926814216	-0.3820899694191674
-0.3055053102820827	-0.5112003350090799	-0.3683849478066239	-0.3816332652912605
-0.5785446029028328	-0.5134201084378296	-0.39093554670130826	-0.381939962630892
-0.5098417056439315	-0.5133035119471289	-0.3235070200890994	-0.38003499668865603
-0.6310339951238699	-0.5171006432290521	-0.32190911081683915	-0.37816047223673943
-0.64390574192869	-0.5211469311599599	-0.3915172378020244	-0.37858677893239645
-0.4764570948084875	-0.5197358959643947	-0.3123653228154881	-0.3764959107690097
-0.24860351271145187	-0.5112645214911593	-0.3810887012614014	-0.37663940875572244
-0.5661390662597021	-0.5129613635677106	-0.37378065244262737	-0.37655099476134823
-0.5296774522069905	-0.5134730031402075	-0.4028101074043763	-0.37735472009552895
-0.4346544284985855	-0.5110849643925515	-0.3740822820955626	-0.3772555660050012
-0.029060460950148248	-0.4966267735124469	-0.3030303131163362	-0.3750292595840008
-0.431796597925051	-0.4947014752285285	-0.2838858428746849	-0.372322517738611
-0.2626270009106102	-0.4878769776135806	-0.31022298525457526	-0.3704964564671944
