-1.0	-1.0	-1.0	-1.0
-1.0	-1.0	-1.0	-1.0
-1.0	-1.0	-1.0	-1.0
-0.8100121197928556	-0.9074330574067078	0.6396196391982498	-0.20113547847884528
-0.9459052882170942	-0.9236188029078896	-0.4500138619509185	-0.3058416912865213
-0.8885940493216907	-0.9106663586264792	-0.21138891442657448	-0.2709123154424946
-1.0	-0.9401210899133329	-1.0	-0.511304193608574
-0.6365970906220124	-0.8498614131290558	0.15468309156570426	-0.3132580028637534
-0.8858979028100136	-0.8596184833822509	-0.4451026899367282	-0.348955672319191
-0.9100177048967394	-0.8721415992988999	-0.39412923249902965	-0.3601803139952492
-0.6877304036969634	-0.8298066128038578	0.3893860954468169	-0.18810355745119112
0.007389777384238183	-0.6512157542203053	2.1010350112641007	0.30021579568507883
1.8491914902993782	-0.1531076251141018	1.750851595171076	0.5891981130173698
0.4035511274119108	-0.049098183081712876	2.179862650037982	0.8864072814914086
1.1191492176492663	0.15642124122107237	2.2006623226149737	1.117612417749699
9.463489176225712	1.7032610635762824	2.5617005823459382	1.357620450659227
0.4678842929745277	1.5086950154390957	2.166602676987565	1.4850319966164776
0.8084775904020085	1.4039040531911606	2.420078533635536	1.6249664869262248
0.030395956847164785	1.2081012892853376	1.7267104565147529	1.6394706739760032
2.61592906912726	1.399706465572414	1.6265395085519323	1.6377105007526143
0.7989573137379897	1.321487609157919	2.14787505302292	1.704135026992069
1.3026219362620433	1.3191338195586368	1.6431646825974768	1.6965269253024808
2.118524748777733	1.4149138584700878	1.7563079712342833	1.7036900307138412
-0.03613169047241893	1.2477254275906842	1.9261724462808547	1.7293245196248872
0.5328548384642053	1.1684021300810503	1.083845704637751	1.6577012033426617
-0.0662913008287731	1.0362799393733	1.477536556250691	1.6384223259041666
0.7641027958708617	1.0081574531013122	1.145851899783282	1.5875275968427518
-0.027604741492597062	0.9046967105535195	1.2245543568942088	1.551270754742708
1.2996405676600635	0.9428767799614293	1.1532600884624329	1.5127941280570827
4.534825730439901	1.2792865663037611	2.075607394490069	1.5655054953826029
0.6043591347536754	1.217988037700517	1.9172258648604128	1.5974506366123644
1.7180505360275515	1.2620714024022113	2.0415285040590283	1.6365986100436456
0.40549172801078237	1.1887133404659052	1.5645159495345533	1.6304257277362488
0.31738090818932574	1.1161618405013614	1.432112164099982	1.6139135520483103
0.7463412179409965	1.0861997337170588	1.5493540108971766	1.6086830289534455
1.2577239968209963	1.0997311683456483	1.7381942761399998	1.6189001506860197
2.6329564519927025	1.2175881623311975	1.9392384897835528	1.6435246250479651
2.955963328984266	1.3478771434067292	2.3756593596967446	1.6983972367441407
1.0776964544263512	1.3281210450167458	2.271305270170706	1.7402901269780013
1.6105218136408497	1.3482797536401314	2.213832579122541	1.7740931790065062
2.194228954336562	1.4072636144887807	2.264915619667389	1.8083158194087314
2.703729281823719	1.4956077010063562	2.1131174604325516	1.8290859716130332
1.172690047542483	1.474091820121601	1.8213261551725322	1.8285686926737403
0.717471760182272	1.424774036186499	2.1100922994865874	1.8469191327989498
3.483775594129762	1.5561312596254293	2.0153375603242907	1.857664099574352
2.16922457159481	1.5944299667337747	2.3592324055061624	1.8889960324889987
0.9913932221435162	1.5575276777804423	2.0486998419651785	1.8987692385636694
2.17703464567101	1.5946807477906195	2.322749774141092	1.9241963313010806
1.8085439114600286	1.6072556392343973	2.0669304703335127	1.9325891423701491
2.464298595203305	1.656678675286507	1.999204073361407	1.9364309318708655
1.3754888285715112	1.6407695533646303	1.7576753750058831	1.9263175166149549
1.7222023334476697	1.6452923241087207	1.7568715139210576	1.9169084667654968
2.518701911296685	1.6929134605282865	2.0173557989682775	1.922385291152095
0.894073997522538	1.6501357920724278	1.7611513596605466	1.9137515584274416
2.6718473147990487	1.7038893444857828	1.782116175494925	1.9068261523641072
1.6150388123533719	1.699295033009113	1.862803456579289	1.9045496158359678
1.2918244152897218	1.678583726609832	1.6324841195959472	1.8907207737249068
1.1840018377581658	1.6538635729376283	1.8709579458776227	1.8897330977144833
1.5104261849759038	1.6468115712335578	1.9596793345530514	1.8931716791196562
1.3602738745555887	1.6329515423692325	1.9769858386904646	1.8972257936162005
1.1121581181882632	1.6081601837885513	1.6685529140644504	1.8863403385989352
1.0418386340632697	1.5816225862919677	1.8066770990844638	1.882607492993392
1.1850151607308899	1.5633236636226928	1.6567195381667434	1.8721854854961002
2.2558608978712593	1.5947924775281082	1.6554756684708996	1.8623377557370637
0.6422136125275126	1.55215246240427	1.8208205445965628	1.8604791067318964
1.8935113288903551	1.5672079537744303	1.7252757068761455	1.8545160127912332
2.5128594334397434	1.6083116430785345	2.1484429343483065	1.867292020893784
3.2868769824067776	1.6802304576711027	2.0821697515071955	1.8764989437042003
2.225694774963058	1.7032724604375185	2.288685081789637	1.8939110473800604
3.9130789325697606	1.7953238777691953	2.09839490569648	1.902429619396826
5.501994126706425	1.947611740430982	2.490418828699765	1.9265868465260212
1.7222830984858368	1.9384792091893397	2.302448543801918	1.9418205501878085
1.8053785043635324	1.9331568792593892	2.0272887997359934	1.945238771081994
1.7645532235250676	1.926503581418372	1.9375259300267507	1.9449348627351486
2.1953383658977517	1.9369756645300433	1.9776992641561235	1.9462116198728334
0.9359710894894033	1.89848464366972	1.9947807796824475	1.9480790140267032
1.590555427478614	1.8867937279733016	1.951449862214469	1.9482067983668783
2.227325281095675	1.8995609767486186	1.8658657081973131	1.9451199759197997
1.444941765929265	1.8827271892778894	1.9187172283855705	1.9441424619051677
5.455965986256327	2.013425324606522	1.9267553263591788	1.9435061201319064
1.4641214086528378	1.9935750877913336	1.7394525898185575	1.9361320372193105
1.4357688850914538	1.9736576248745719	1.4324206970415436	1.9181461157903614
0.8768336324602723	1.9349540230387623	1.516181932278403	1.90396162464388
1.010165438425903	1.9027003141876357	1.323352403093558	1.8837116011285602
1.394054856756651	1.885164073749206	1.253297228588012	1.861977316730051
1.22483671831244	1.8626570079211446	1.4140537817009156	1.8467097861287778
0.9828710941008261	1.8330069967637312	1.4313438638018958	1.832711218034265
0.6131920339000927	1.7923543708580456	1.3061801466953038	1.8151634889188153
0.9861902832692091	1.7657823070530272	1.3427214679626203	1.7995910674246836
1.4041542639829765	1.7539918173346383	1.3137267429968604	1.7837501827644324
0.9784421120654103	1.7289783335834081	1.359412412923505	1.7700639163624508
1.668113636794303	1.727035925705096	1.2167162694052132	1.7524069074683428
0.34538919932441803	1.6834128169739797	1.027854702128459	1.7295303529365769
2.3999033727058126	1.7057992240246227	1.258850861403063	1.7148242982805684
1.2678331373897977	1.692256318849997	1.1328708508035916	1.6968289566555912
0.2955607648144747	1.6495075697024792	1.1428420451444525	1.67987281517569
2.3959075758448853	1.6721215527417668	1.0515666633045462	1.660836292435612
0.5958310698975711	1.6398382690934459	1.101568253988459	1.6440610614395097
0.5057580772655088	1.6061583685191296	0.93441170086267	1.6229859340175148
3.700912236087258	1.6677586494851466	1.053570917958873	1.6062411714880183
