-1.0	-1.0	-1.0	-1.0
-1.0	-1.0	-1.0	-1.0
-1.0	-1.0	-1.0	-1.0
-1.0	-1.0	-1.0	-1.0
-0.8797640848129133	-0.9494152410951713	0.18903513854354648	-0.499757990621968
-1.0	-0.9681219189217737	-1.0	-0.6847517774337852
-0.935075118003685	-0.9572258619184926	-0.3591276835104359	-0.5773883235074482
-0.5940974378184962	-0.849241436384114	0.9970805476472686	-0.10918453893443025
-1.0	-0.890060035869789	-1.0	-0.3503770698842992
-0.8615504032095096	-0.8829760150554089	-0.017609229314731967	-0.2676915001679011
-1.0	-0.9098410567009239	-1.0	-0.43580659516034215
-1.0	-0.9290737843949342	-1.0	-0.5561604693849177
-0.7713596932916548	-0.8976554360098894	0.1894332196906372	-0.4076301640444495
0.793245695620864	-0.5817177279374612	2.2654646768600784	0.09182629336547521
-0.558494588563732	-0.5776323247699823	0.654693212270369	0.1908464716501037
0.03825765339439746	-0.4752711524958714	1.3897084312992587	0.39009777492830433
-0.013971183723508918	-0.4026185422575168	1.8328285846804198	0.617321215042173
0.10910587319743659	-0.3260362767406797	1.957594609052999	0.8179002252838166
0.14991306627927337	-0.25818657758723373	1.6622466079229303	0.9382673104893899
0.968661539144885	-0.09121261728411889	1.6671326151726618	1.0374656888781333
0.14758953429839816	-0.06011998972485	2.207190620590931	1.1897666124133655
0.4430633314189052	0.0026742530706880263	1.7143194137376745	1.2552278320264616
3.161437524938001	0.38114394594803325	2.2086742793029295	1.3694658753777893
1.3726640722579369	0.4953866816673391	2.3137196206778348	1.4782627876847192
0.3722492017667618	0.481723171121355	2.0034315651032943	1.536536888054402
1.5974452972880755	0.6011150603728148	2.450674181904765	1.6343577264517917
3.2950643024778605	0.8794710048542949	4.643557986511716	1.9452876194902116
8.835946278367349	1.6742316434679014	4.610901947473659	2.2115519513437443
1.7484495779252467	1.681406368521896	2.7823595719424903	2.2667330854657455
1.2666074542205488	1.6425578535317533	2.616269657298349	2.2994696066348532
1.2036948055727823	1.6026992620309297	3.192425757924716	2.3805711859617986
4.3642378513352105	1.8461459782251932	3.0069928905882692	2.4357944946503554
1.1842524720195526	1.7894607138308598	2.126745382540429	2.409327090803704
5.397588364222752	2.089893013375876	2.2521064136506155	2.396236317102627
-0.0403551021935733	1.9173050194848509	1.3825882716113846	2.3141130803224774
0.48584780731421495	1.8043798531783444	1.9055846682735438	2.2818855473846855
2.3562542826465416	1.8468014056211834	2.344455337102935	2.2866951623468244
1.0406042893585292	1.7863782811994655	2.3926932087555826	2.29463999036228
1.6685689993697426	1.7777635088144645	2.802849694720169	2.3318012640322454
0.8437964826073598	1.7110936933330718	2.529194840384012	2.345891817150597
8.493688123382166	2.184010703782216	2.655313103846062	2.3674664017624685
2.2238367059937083	2.1867250123088344	2.946073596024977	2.4068943880355826
0.7867218954398345	2.093444176391754	2.19316506737696	2.392653823896977
2.0864054603821733	2.09298550034075	2.8917787198144	2.425187862690434
1.4289490847903923	2.050622787033666	1.9885908992281078	2.3973349857372654
4.856873409211895	2.225925322754656	2.263068739946482	2.3889482325837856
1.0315564231844414	2.152837144962915	2.0309341840984616	2.3670404700139036
1.4213390207265872	2.108968233428655	2.076481539531328	2.349615315150882
1.4772283346761945	2.071824399111341	2.1602038070203586	2.3384788282596523
0.5705885506129824	1.9852537311549314	1.5964693422582834	2.295690262258584
1.1281258932502616	1.9367584995570968	1.5239237610167407	2.2520247704160514
0.8344905351896137	1.8755473682539208	1.4812276416926706	2.2092209629950497
0.9830773559772272	1.8268874471064915	1.5284177076358674	2.172101850797668
-0.19725184535704554	1.7184947914175384	1.0710254181647394	2.1131395244148097
0.07183367253014028	1.6318618942566507	1.2790358459473934	2.0692560817725205
0.6999501293635579	1.583677557104191	1.6071710781193245	2.0453638523726214
1.8917592054150831	1.5993367828205725	2.0098043189251302	2.0435562122494377
0.9922248803221618	1.5689920766718504	2.098129002018409	2.0462839026804267
1.5663989946251857	1.5688646483301794	1.2487186295734252	2.0070731237126034
0.4572655769556382	1.515095776187271	1.7780863048050306	1.995996632073441
0.5328625737225168	1.4683382175962216	1.4205988995037768	1.9686057023668924
1.0253750293095147	1.447580808331434	1.8162374117653108	1.9614654150415056
2.215437743426711	1.4830091870123505	1.85388588452635	1.9565018274171977
0.6955830764299333	1.4472282184389376	1.8356812270877905	1.9510117633253703
0.766234425139571	1.4167453586430274	1.6738531900602989	1.9386056961021696
0.7958255990735035	1.3893600018885977	2.027765499867185	1.9425381499060639
1.0813908338609841	1.3759737408468249	1.6845796598864466	1.9313255868455839
2.795487851375726	1.4367933811869746	2.138919887363479	1.9402204221113575
1.4608335255121951	1.437809012909613	2.3489438225990478	1.9574858169427904
1.7068740789408068	1.4490175028544279	2.1526828197305994	1.9656173873101435
1.1445515837553657	1.4365088328996092	1.9660256896615675	1.9656345769648285
1.6056068308238274	1.4433623894958916	2.229037453789495	1.976310312355551
1.519663769934724	1.4464142594193992	2.061379176741946	1.9797129198595234
0.6921634371780039	1.4166488190028006	2.2601409451850096	1.9907799779981827
1.790954111649659	1.4312286400882468	1.9648609161886705	1.9897704800361704
3.523504670016804	1.5116809937920181	2.33311457073513	2.0029725461657564
1.8699826969865634	1.5252845277225324	2.4284073936382202	2.019124906766735
1.2743985423216064	1.515878342946697	2.999402709792997	2.055876525746047
2.9230255843371724	1.567982580480519	2.6360422088347977	2.0773588370143985
1.4059131382193448	1.5620546861456264	2.3843073492497573	2.088586350160017
1.076468317339038	1.5445065381310945	2.280019646100699	2.0955029995947028
4.282053910193423	1.6422541191759796	2.3977185117578528	2.1062935531217084
4.256488430337749	1.734500267993314	3.261546779811045	2.147057454534637
2.3984838858147275	1.757657318458969	3.064971191248551	2.1790706161876368
4.841760791995308	1.8639830813456495	2.920949550237375	2.204646876949393
2.740795419952949	1.893867679842566	3.420936469970938	2.2461020979459323
5.490834744453308	2.015089445287144	3.136104850401286	2.276096103718676
1.6853308284997435	2.004099081062086	3.3666509077736997	2.3124398934769816
2.8532235632399146	2.032086580108659	3.554250248494773	2.3533705448638447
3.960457470893399	2.094955852581527	3.5602286032797954	2.392716727329788
4.05247270285991	2.1580885790459763	4.278136640969614	2.453524128355638
5.474008333690254	2.263896598932265	4.464917614725291	2.5177059525404117
4.467236094489559	2.3334624335868823	3.951262448950632	2.5629673236454233
10.691081955097822	2.594591710542114	4.037492971467499	2.609038159560511
1.903405674283103	2.5732185854851735	3.4444668828591505	2.634871610692261
2.1550506003706675	2.560419296547457	2.7776618798614026	2.639241444647864
1.5094160935802043	2.5285760139171245	3.161234742578589	2.6550564708785975
2.417765171077102	2.525252099659416	3.3233762732813092	2.6751024941704915
5.378357399560795	2.609982774486535	2.8933009927528106	2.6815819904213516
2.6014913818495202	2.609733413678746	2.9021834846214114	2.688069579268463
