-1.0	-1.0	-1.0	-1.0
-1.0	-1.0	-1.0	-1.0
-1.0	-1.0	-1.0	-1.0
-1.0	-1.0	-1.0	-1.0
-0.6172609349985638	-0.8389768453321926	-0.256911164904302	-0.6873731495762356
-0.33061000174214816	-0.6509784951821638	0.7758269707962888	-0.14626937763828074
-0.675723039415327	-0.6591371536142372	0.6020553574746805	0.1004653322568998
0.7573571637896934	-0.2379105918541613	0.5600972004044231	0.23714711715449788
-0.3881954802386244	-0.278600937338358	0.6660530734659575	0.353275459996099
-0.0008729377215785927	-0.20959145867846796	0.5007568983386665	0.38992151761727456
-0.4284058609391932	-0.2598244117135605	0.47901008075638174	0.4103734102954195
-0.05616835594755887	-0.21638039235870177	0.7818775489045211	0.489622876789245
-0.3818588430132184	-0.24934552716392955	0.7344551861715434	0.5383960057391641
-0.13244807596241148	-0.2275037517748878	0.8259402406257266	0.5921223876576971
-0.5770753894271181	-0.289000999949625	0.1907858311032995	0.5215183798047294
-0.25235200122812584	-0.28290998298428294	0.3275117023673517	0.48927421188653053
-0.26730236610290536	-0.28045187806326366	0.7212021852447019	0.5258017653763731
0.8151146503748332	-0.11649489660968493	0.7163288435889055	0.5543150858050108
-0.4799684886625686	-0.16831048441219132	0.24783040439443238	0.5106236383959966
-0.4041826306855618	-0.20041278999762802	0.3262934297987232	0.4855360953747596
0.1288186555013997	-0.15754602517090144	0.41770179914383077	0.47670406330217996
-0.06489194146575017	-0.1459832709463983	0.4582379023042482	0.4743998032809871
-0.5146616865117217	-0.19015664709230273	0.05037573519187166	0.4235952522365618
-0.4625276169590484	-0.22153892495128857	0.14213953674407853	0.3911663752872745
0.01513086757510651	-0.19527720775257118	0.06594730288342299	0.3550796770327409
-0.030612004415419003	-0.1776565518560339	0.094345427037279	0.3271791385355507
-0.6036974888709845	-0.22167758735527132	-0.08339084628956794	0.2847567197664447
-0.5366264846483931	-0.2531373475671602	0.32654783592494874	0.2889312243268829
0.766776763780574	-0.1545399490999555	0.5498838452962496	0.3141581063658394
0.08973862663908849	-0.13166162041778606	0.3446546892838438	0.3170143766222011
0.45778164890401407	-0.07812661190042103	0.5568509094116636	0.33879702682065305
0.5571920999363005	-0.022119225777838536	0.4910892527394699	0.3522227483099116
0.47149764013304885	0.02015452489086833	0.4370083398140574	0.35948382414326674
-0.06839244975304415	0.012781779739007515	0.4182521271114219	0.3643774041862775
-0.20429430122996128	-0.004805212451663987	0.29764526690324566	0.35897098556906104
-0.19614496149280625	-0.01989950300611032	0.5273485729444891	0.37225444629971527
0.21775228068123154	-0.001631508790636449	0.4898790865616236	0.38129620936272146
0.13537406626952952	0.00863724998951021	0.6372285533063338	0.40047853440089365
1.1839345336140843	0.09457788139340328	0.8500732090833452	0.43335391521644007
0.1923133757252613	0.101554641130158	0.6771538903843282	0.45075728552748817
0.41375231368244414	0.12332258653784645	0.6017022289703442	0.4612818749513652
1.2432933985298393	0.19963991611666865	0.8068060415966853	0.4848268689136408
0.042589104200998706	0.18917574463745002	0.8123470345382509	0.5066491678050604
0.8031767390614541	0.22919776720908613	0.7356309899037288	0.5215749151521241
0.43701741206175093	0.24245602815073597	0.8167526611421363	0.540406332345811
0.5393451109901213	0.2610022294568435	0.8858828731769837	0.5619877214989997
0.17995482146095743	0.2560426561299507	0.9008724941301207	0.5827256685262319
0.3365940204817277	0.2608735079961366	0.8361306039252143	0.5979228188400478
0.5283443560678445	0.27660012781331544	0.8026973716213817	0.609963179797768
2.0685479300614027	0.37993544841097004	1.0748919872011462	0.6367739944139834
0.877412317707476	0.40808260201365343	1.1229996441644814	0.6642846055645844
0.49477742132088354	0.4128970509400194	0.9936882194514576	0.6825772207004144
0.31987145602901546	0.40782532568496954	1.0541757020762432	0.7028384128892049
0.7223221307963084	0.4246668810115588	1.0810173882478922	0.7230902006568374
0.5084456807705948	0.4290744354128888	0.7840278607501472	0.7262960292199885
0.47646843793984517	0.431524922974698	0.9906420075154627	0.739963935131382
0.6080048501142687	0.44049507682287103	1.111258531639848	0.7588362463954039
1.138955184030206	0.4754055893670974	0.96922018671346	0.7693516889548939
0.8269274698240112	0.49268764191485936	0.8482324970384347	0.7732298467623437
0.32882070877936065	0.4847614448516917	0.6167099027813927	0.7656590602438045
0.07824281010914569	0.46540987270210166	0.5426499029737502	0.7550431425045401
0.1753856700980354	0.45181934408139646	0.7349203285480361	0.7541001122112576
0.26214893736409417	0.44306790011582	0.5853743802243356	0.7463149885060709
0.0762377068264668	0.42639912843040517	0.6561880874362105	0.7422198360882919
0.012268835640921072	0.40786172252318376	0.5849274690654516	0.7351792305751519
0.6993132068870358	0.4207161958884178	0.6978695047625985	0.7335338239909139
0.3229119762026411	0.4164649924823438	0.7571495417403489	0.7345601952080723
0.9814596221150649	0.4406724484176303	0.6853353208032886	0.7324513751580215
0.20273257923252608	0.4306216124114499	0.8307214988277667	0.7366027469065435
0.5658939506863445	0.43625657758624725	0.6987761937682508	0.7350272292783351
1.649699555143426	0.4861110315567947	0.8197075103441727	0.7385064520536999
0.9421285584421304	0.5045933787291608	0.8430133323888154	0.7427420839126329
1.0563507260285592	0.5266583235073483	0.9285675514607847	0.7501734757626966
1.4443264302226666	0.562873350621317	1.0673084500394232	0.7626891315723918
1.5766852682250758	0.6023631925900106	0.9851423858828752	0.7713543075032643
0.7608971593549447	0.60845919853117	0.9619374196191572	0.7786826774606208
0.4420179320679616	0.6021401543788061	0.984441085414383	0.7864944583154472
0.7979388987321798	0.609480749483587	1.0614510315908703	0.7968027600442398
1.579537029863776	0.6454002816090627	0.9753331735073274	0.8034132739170965
1.0431689589583129	0.6599496925168082	0.9963611616274257	0.8104709170266593
0.6949103019984706	0.6612126191442802	0.9908265462221799	0.816987852817161
0.35592245010786105	0.6503114103362158	0.9783088994306535	0.8227475645362377
0.5434520971170327	0.6465407279995652	1.0955570296091577	0.832374113799951
1.0775793207208735	0.6615735859189962	1.0314830607866319	0.8393180997652905
1.5484818628673995	0.6921499188074502	1.1327596249649412	0.8494343395649091
0.733141361677438	0.6935467546023022	1.051496186590731	0.8563210427197183
1.6933150982007819	0.7272399677855423	1.1407609515699657	0.8659068887997086
2.2215940444325564	0.7770420031937075	1.1128728144383642	0.8741374673393947
0.8583549038510556	0.77972191223676	1.092288118242315	0.8813276136322519
1.2003454639163604	0.7934349650928534	1.05275643035562	0.8869163157332327
1.841959947423736	0.827251675521586	0.9811212245884791	0.8899543689309177
0.714341333716823	0.8236488026951592	1.143822227940333	0.8980550248295509
1.489431210040324	0.8446694221878528	1.1223696589133647	0.9051371254301763
0.5938072877963692	0.8368313101765799	1.08022302616599	0.9106074896803955
1.719665741701657	0.864130367709391	1.0856684451907088	0.91602056815856
1.0436820757788405	0.8696259031501512	1.1632965280893086	0.923588935716009
0.9953750704886748	0.8734357521067042	1.1841908098927836	0.9314845237323885
1.8680427998011009	0.903268793176192	1.1517285266511852	0.9380906259499431
2.1867649749534963	0.9413859810469021	1.1977990169401749	0.9458033704291839
0.9199609893442291	0.940756064056977	1.1602481218387912	0.9521096767188721
