-1.0	-1.0	-1.0	-1.0
-1.0	-1.0	-1.0	-1.0
-1.0	-1.0	-1.0	-1.0
-1.0	-1.0	-1.0	-1.0
-1.0	-1.0	-1.0	-1.0
0.01817345030598938	-0.6234708532239523	2.8298922955258803	0.416326538317354
-0.2787180917927601	-0.5098003823252071	-0.04024359666397215	0.26578801501615335
-0.9592467829706087	-0.6434534908349963	-0.6261520691309324	0.0005493195013746011
0.3152268571295149	-0.38388636785326957	-0.10171340306035626	-0.027138902023897793
-0.44814235335094577	-0.3998525689105633	1.4520106574126288	0.3403979104970942
-0.4832729334244036	-0.41900328356712957	1.4536558318952082	0.5959670051281827
0.03996295802588046	-0.32109656613372084	0.9041612559315224	0.6617109443877014
2.1174798437632707	0.16469434042391495	1.9687811455064264	0.9220935843169304
1.9072581765319017	0.49028500812851794	5.177207034282648	1.7171434729385582
5.719413228538488	1.410199450365218	7.785754996437907	2.7847406390950895
4.840494545658995	1.9803158570268358	11.724534559926086	4.270538348104971
4.891667236298713	2.43884017196507	9.252424350328532	5.0551622337504964
60.0752506845901	11.064418036229265	12.683164042486558	6.196731137221283
4.202655142725531	10.086228557999291	9.964025171473544	6.733785115706708
13.796899810005888	10.591251664469537	10.01636018036556	7.180544193699811
2.023732180849539	9.475742189910582	5.560219217764507	6.969574890611713
0.9058871211395454	8.406280116555804	4.509019369927043	6.662514074786068
5.534069217853679	8.062144543424841	5.129132956436877	6.478791313541531
7.437232965569455	7.9901439207970135	5.000180964689684	6.308427719777637
14.800563362743668	8.745846377331343	5.080451127457389	6.172169973091586
1.5283852663587347	7.973519722319205	4.321911414819992	5.974178399410744
3.8304435762145292	7.5454328119207865	5.3387623039551855	5.90852392348568
3.424139942399809	7.133762949136907	4.868598251116376	5.804647251592214
1.715394849062395	6.609957405187981	4.571001924037822	5.685388591120968
19.25705571011323	7.794439692959063	3.891555202464862	5.517384317286017
1.7402742087849332	7.244581960406338	4.486855088296777	5.42378877489912
8.205339210513804	7.329278968004649	4.410968432392194	5.334502970567126
2.8986984706336782	6.9498409248981945	4.575591096721577	5.2695102673482905
4.07367081137182	6.710356569361687	4.575786580865652	5.211748029930749
3.578803206112977	6.456644951757188	4.502639003714174	5.154297686291503
2.5932790230072467	6.151870085605097	4.34768556459648	5.090665645255686
5.350182575066886	6.090246249286858	3.8159413617054767	4.9926802575164215
2.461466102667389	5.818274409985268	4.464629208325879	4.953104011842287
6.502818267424562	5.868329437189772	4.41725572891107	4.913920933469483
4.037343484838262	5.737627244453866	4.285245244126904	4.869043771053722
6.752636609054628	5.808398622337147	4.7258063698156425	4.859056412664416
4.319441957200747	5.706938727469079	4.774569848354611	4.853299799574661
2.1783016450279202	5.471829399003207	4.354702720403572	4.820079301389821
9.862189954503414	5.758003630294002	4.8692704434501035	4.823286959529302
4.051292924225402	5.649121522952046	4.731989391881289	4.81746199926014
6.298972327138959	5.689716125535477	4.112260489621498	4.773409044123227
4.177897464045574	5.597201755730837	3.875299194103417	4.718450164057221
2.358432792166428	5.402968607968478	3.998882414883652	4.675297222919113
2.93034350072678	5.25758773170757	3.7105326946303947	4.618573157442138
2.081526002694999	5.074435849247717	3.9827025591545233	4.581905366381121
6.160951132109432	5.135911221591041	4.02607604326413	4.550457868776247
4.192075363358342	5.083499635623377	3.9642521762138294	4.517906170508083
3.7512073813313958	5.010859508609375	3.9981871534502185	4.489570077221981
3.229264548299482	4.915455501208253	3.7526328025162776	4.45010763320018
3.7004976461776957	4.851534865158572	3.398235057606655	4.39476712270523
4.933207565113779	4.855757831377219	3.48160921612366	4.347552726637505
3.3076022489377346	4.777067284363434	3.2041799281146	4.289436783182026
3.0622845705104895	4.691358256375365	3.1567320688512934	4.232821218648749
6.125922300548781	4.761885795756025	3.278427044827043	4.185900090731982
1.9181596878177936	4.624332958403388	3.0567548070657393	4.13128257700489
6.452957586436374	4.7113813025625815	2.983237216854282	4.076631867880163
1.9644609091255285	4.582661220184475	3.16896629540339	4.034098909210265
2.423846863858273	4.483054959575965	3.2806451600806827	3.9993348381924685
6.280652383508823	4.564738151139702	3.214096765825479	3.9636529621316914
1.5035151975191945	4.427709909013396	2.612724866536863	3.9031819041455904
2.6050634134941935	4.347322902006586	2.71936501811952	3.850970220442341
1.4307096435126074	4.220550253744546	2.378056561788556	3.786948922862128
0.960732529656608	4.080883593518296	2.4360738900342787	3.729071104567164
2.1989695569335166	4.001388637754292	2.410848198253009	3.6733875123331323
1.6139999893416976	3.9019415699328848	2.265718898717881	3.6147511399497194
1.4920570097362291	3.802932063867643	2.074310475433219	3.551462817583743
1.8256188198185446	3.722791933538641	2.1189899210527767	3.4934050849828946
1.277713984814718	3.6250143202881286	2.009620859623348	3.4340695596868454
1.000288315130041	3.5214331937463195	1.8317312960447483	3.370835946787582
0.7898422383110402	3.415034161697636	1.8047657018470344	3.3098358968000836
0.5944064666096991	3.3065746547277355	1.8060313832844268	3.252011230880827
0.6411538151091991	3.2053801325193554	1.6032547018319017	3.1894150968699915
0.9837632852325027	3.122089048757295	1.796808798035868	3.137204763537097
0.540815977432541	3.026508268527494	1.4567849685127432	3.0749813738678142
0.3301180219957911	2.9278821388922633	1.4212202635537192	3.0144918160097687
2.038658813013362	2.8957482597790793	1.4478683640521166	2.957879055055117
1.7600556687156699	2.8551963237688445	1.5680592523471812	2.9082531294671794
1.3372575858309657	2.8016332839020333	1.8761590633497987	2.8718338718951495
0.7083476873910741	2.728626914148256	1.592164049201029	2.827203485799752
1.435442304170571	2.6840433852606562	1.5874979434464414	2.7844636754385976
1.969180173325988	2.6596777935223965	1.8612323840105316	2.752996070309669
2.4820061816398464	2.6536891501296562	1.8776403650515352	2.7234948237884216
1.3867291319064918	2.6114650221982494	1.906396728262116	2.696263068842358
1.9134224201033456	2.588456608445255	1.753858238845945	2.665200335749791
1.0543571392216102	2.538440768431311	1.9481202565378548	2.641821221664479
0.9002707893579289	2.4856062831037296	1.903454156562904	2.6180071218896486
1.637704208003056	2.458550330252988	1.9297063912587316	2.5960438658456453
1.4853190815111752	2.4278220017786962	1.585295238290783	2.56413098148741
0.5695934644711995	2.3697626443711073	1.66135989654091	2.535924271854112
1.2460103904526938	2.3350135067479036	1.8406598786895385	2.5144249943336012
1.953443617054484	2.3233346202120035	1.6947982262762893	2.489338548092614
0.780904321007577	2.2766023212883466	1.6540569523800168	2.4640313408587806
1.6203302527231487	2.2569176625712672	1.7205480919406795	2.441730794984131
1.8698570639252203	2.2454228231753293	1.978201828710092	2.427964999389354
1.3805474248057132	2.219989754710858	1.9245936715060235	2.4131627214150018
