22.891712653320443	19.859999280261917	44.84546041182916	39.02794965228756
21.453325809367623	20.978848684866357	18.804036049890467	24.82651983245839
3.8262888741151864	11.080767423020264	6.2802751633064124	14.12419663512082
4.360323821485027	7.8063965596892455	9.611520196413649	11.925506098571708
2.6324413402535263	5.629648726687145	3.745969930481613	8.48427268442058
0.009096611575120761	3.551120306748179	1.977241137495612	6.077916512199506
0.31108004532070166	2.4828271484718796	3.1567616756346872	5.1147649182900645
-0.5390495441216631	1.584203315021159	1.4910127220495006	4.037159276648365
-0.24618507478419316	1.0886169391907772	1.1946584493723411	3.2675386408196374
1.7624840942327795	1.2560584744093801	2.757776753253046	3.1408739683136107
0.7825277101082968	1.147350547569769	1.7248539651235246	2.815799981746014
0.30114623797172624	0.9668380582398963	1.9989207790909367	2.6415431569679937
-0.27344444060393325	0.7197603741549454	1.769409229132572	2.46780461066332
1.5247908937432477	0.8701771380885897	0.45774125972572377	2.09223303809624
0.05467413093884432	0.7267125228616125	1.3266278666951505	1.9575463124400714
2.7438003262077566	1.0619531798105046	2.5106589808699606	2.0494733548038297
1.2876709306386456	1.097502853476672	2.062332480073355	2.0514988030430468
-0.03593071541944093	0.9278789338950644	1.0553497394332925	1.9024202604147273
2.0381600096843893	1.0861570329369639	1.4193596506850072	1.8335568607410369
-0.027421658548200445	0.9345986961343016	1.5326513897135992	1.7926031750259863
0.9265546671324243	0.9335512396290848	1.966164012753414	1.8152010108932188
0.004770017845462826	0.8176455268511824	1.4946849375456548	1.7752030638001575
4.372982584321991	1.2436319063704429	1.777078659815499	1.7754283867296996
0.3492460227023084	1.1405816696512394	1.5551248112118392	1.7500457402682628
-0.1257151164780803	1.0000706916185456	1.3032554834567884	1.7004692054392323
0.509301852294979	0.9475545766452771	1.7238029684081817	1.7029663872708873
1.3355125624896873	0.9876411547169566	1.1476030383806863	1.645583353653861
-0.04311653900181067	0.8846802598369108	1.08848079391271	1.5899351237511299
0.322997824090526	0.8303812600816005	1.156723792816956	1.5480557815112124
2.540072364841173	0.9905046906639405	1.754907275984959	1.5674285811741822
-0.07836337129362558	0.8934268785881236	1.564644920896137	1.567175935464995
1.7140099009121288	0.9657662011266603	1.648531944695924	1.5743480054915797
0.034370576650739615	0.8860007024503158	1.3641654196719868	1.5563479068551471
0.9425666353292883	0.8907110975070989	1.1988142075895438	1.526578229841486
0.4460855321215791	0.8546885554538439	1.764197296574559	1.5458297481501666
2.5490403916327518	0.9883540919873923	1.8451785791391822	1.569445465902466
0.7266158300763184	0.9682348546554309	1.9137202508594098	1.5959093902560277
1.7286423246884262	1.025226864910139	1.727832656115789	1.6057973648936632
0.6727476927150091	0.9994527216211426	1.7766175649687699	1.6182882844260509
1.125450983664627	1.00844672375676	2.4336096527335953	1.6764884228622483
2.3366367245476822	1.1010546870404725	2.825683092590318	1.7566159160313624
7.974308791012213	1.5694120176168282	2.867680445579207	1.8323263023323357
1.4319646190870574	1.5602540460418188	2.758732170689111	1.8940518446435277
2.248130879941195	1.6050913420425035	2.500578889538438	1.933586626592393
2.63235164369512	1.670626869562828	2.1914796468884643	1.950039422170219
3.4991084214880237	1.7848491387185716	2.3980293255328102	1.9780247844635
0.9414790736286023	1.7332399169415331	2.256491938524385	1.9950658414376643
1.5899659921205114	1.724647970751842	2.5457298289987986	2.0280904690767607
2.6127716842326953	1.7768672019975797	2.5365657287785397	2.057987736118614
2.2821082270614563	1.8060029006595264	3.112912191409774	2.118821796387683
3.4362088506719113	1.8982392689538274	2.7029155729777794	2.1518698922444246
1.988694885666757	1.9032627943745473	2.654929383451896	2.179806256742016
3.0824376548792465	1.9675555494031225	2.254685649415599	2.1838893089418763
1.9138652880268938	1.9646811323356999	2.367333724514184	2.1937135805393635
0.8389508114256525	1.9054550195752311	2.159206636506971	2.1918979193551857
0.9595948973124793	1.856549448781878	2.0653586501771284	2.1853548862702166
8.143441020356567	2.1761037347168792	2.0743571603385464	2.179712781848018
1.2150220628586976	2.128067112400072	1.8646467233036215	2.1639654466691622
1.7932388128979118	2.111606339365004	1.9119747795292392	2.151577252132399
0.4003573212300857	2.028831995264952	1.4613902239927423	2.1181921843481075
0.42893871865663935	1.9526717694141231	1.487028146043925	2.088146488005561
0.3634971699884886	1.878203482352005	1.2232032275389089	2.0476156027900507
0.678921130944748	1.8228696209383215	1.2791198178016434	2.0121579344021443
0.5657287267376065	1.765744835133714	1.1829638460049847	1.974479371413592
0.35913034593400117	1.7027810152262708	1.0621325991134754	1.933640174770928
0.7222629029347054	1.659535661670179	1.1965615490935728	1.901131621080621
0.35652699481982286	1.6028996172367673	1.2785894272321046	1.8740725874000432
1.277642501811353	1.5889643024695053	1.2625773712474326	1.8478733977830863
0.21712473403923416	1.5310155550303888	1.1157075442619018	1.8169457946796084
0.5101352555537788	1.4884904775896555	1.1832761036175707	1.7905501346872557
0.9743880744595643	1.4673687264246045	1.3663379699196758	1.7731215450302744
0.5301794164663705	1.4293846830769548	1.129760595147924	1.7470464408171749
0.33319248832044535	1.3855484688821447	1.0822343998175907	1.7204611746326548
0.4054001319160234	1.3468681478590288	0.9811829149107998	1.6912865211260324
0.38513236456694466	1.309407317564367	1.084262660686151	1.667642332876503
0.8262861986259957	1.2908299785706774	1.0671740410956727	1.6445526980283618
0.6132740063811801	1.2651060195822716	1.1554678847080369	1.6259841524959167
0.7698147391392667	1.246536875241484	1.185881544695809	1.6094840938424166
1.2540405220470303	1.2468148184715848	1.1026717962994663	1.5907176383534432
1.0671351343906808	1.2402429275734415	1.2708798460939286	1.5790191888643004
0.6831229850217506	1.220110380940239	1.2726014965505055	1.5679461337372222
0.6780558872669002	1.200755104656333	1.4247885259451536	1.5628339245606049
1.1902928634516918	1.2003853611319446	1.3489391216287818	1.5552856944727296
0.929466318145411	1.1909364615323739	1.6274780931214283	1.5578032188709177
1.619260725902954	1.2057028236175817	1.5441567750378766	1.5573323577882232
1.4562744730696457	1.2142432475102223	1.6594262231773205	1.5608120578710412
2.328260216572482	1.251786207628998	1.9999444994026092	1.5756106984973148
2.2691018304923403	1.2856895632408532	1.8310963892138314	1.5841247674111671
3.1252125927123497	1.3463211367639532	2.2122687286951876	1.6048285446682722
1.806887971927313	1.36133663522213	1.9829393022814115	1.617155759933354
1.528493854609959	1.3667278287041746	1.9418213922861551	1.6276269256660134
2.3399006174023	1.3977805707821735	1.713963058902006	1.630381626688247
1.6319541097732464	1.4051738406168277	1.4290274442061661	1.62402391002288
0.5555241995756524	1.3786268679558145	1.4709085606179921	1.6192396478141258
1.162341374637872	1.37193878479277	1.5441644046833956	1.6169181197317632
1.6971460732094648	1.38189253312111	1.6914340698991173	1.6191989747945446
2.834653447824959	1.4259076666926647	1.7144083362506342	1.622083334635573
4.6656518300318135	1.5230830908385724	1.6260775912818253	1.622202906355613
1.0866968875846883	1.510123256867422	1.6319219351464054	1.622491512993725
1.4434624014118547	1.5081630608130698	1.3974507597664738	1.615873846939107
