-1.0	-1.0	-1.0	-1.0
6.866101844358656	4.5236534675296625	3.827022138961347	2.389582044991967
-0.733612637549351	1.4898878776026452	0.24214234039804672	1.1503773833855897
-0.7546745818368504	0.39627999893731003	0.5087594270887392	0.8377647853795624
-0.6525108027706983	-0.04495941871522746	0.012181866916223028	0.49043175257836125
-0.8365838648654655	-0.337708951125424	0.08850633591501822	0.3417961479449425
-0.8994659734852426	-0.5229292235120695	-0.1816737046350323	0.16919982842679082
-0.8985360844676389	-0.6346244720635996	-0.7874948876848045	-0.11529511451824925
-0.6809350777007577	-0.6471632639826013	0.021219278083876913	-0.0783331114443
-0.889315139422248	-0.7073327675284218	-0.3031059852946273	-0.13418427673761946
-0.6142841055870774	-0.6859717669384229	0.9758590453686171	0.12064660624808887
-0.8190820841114448	-0.7143668856508589	-0.21281790178918514	0.04951190461408017
-0.8837119758476035	-0.7481022492569022	-0.07185628786601661	0.025334111048449737
-0.7879316757166013	-0.75554419908342	-0.19532967863453166	-0.01589594274522199
0.6647795044872558	-0.505679000546847	0.6646848466957795	0.10383263599418346
-0.48587566832149265	-0.5023877294275487	0.29967278822422316	0.13638126002432815
-0.8607617115848716	-0.5588300171654739	-0.24641186201448206	0.07609306686555528
-0.28046739262821785	-0.5171715818783681	0.7983515039888835	0.18418284448693223
-0.6583117640973419	-0.5372920256608854	0.05219709477614165	0.16536748712504923
-0.5390517118093403	-0.5375316032147672	0.3183161609013547	0.18618357702425303
-0.3097137867278238	-0.5078691564664898	-0.06774934637554675	0.15312105118153818
0.22752493648830652	-0.41609667481567836	0.36811974979234785	0.17995157573508247
-0.5601246155820818	-0.4333534591438367	0.19848306325142984	0.18217200787059884
0.22905666896011967	-0.35703094044772477	0.7950870546554283	0.2527917663036223
1.7724007603188792	-0.12074426704158936	1.083245770353515	0.3449409463355313
-0.03055468505288539	-0.11109294824682814	1.3236380349838148	0.4496702326857156
0.3211792624973908	-0.06642756162183383	1.0356565221117022	0.510218515552725
0.7586156467726317	0.015984591743828602	0.724796818463272	0.5316522383321367
-0.1202517167402054	0.002814414178389013	0.2029943996562269	0.49988027247658673
3.695771372041775	0.3486841026144598	0.655052033929808	0.5144132208324843
0.055082543865896394	0.32201837153647417	0.753396907089608	0.5361185563458104
-0.170377864183494	0.27861077876655127	0.45769573918649864	0.529205223911265
0.7647548265067197	0.3202445649349266	0.8110415602138448	0.5533419144200422
0.05604275287003002	0.29824586888699356	1.134511485721191	0.6017334619825847
0.5029108677932501	0.3148277643195494	1.1137341500382338	0.6432151890622333
1.0475650413812891	0.3726325690653194	1.2653758031848028	0.6922967956489974
0.2755461661561529	0.36516999037202624	1.0695528690825622	0.7212962104285121
0.3100364764904009	0.36103792277314195	1.37902702616117	0.7705924470134184
1.4298549579036761	0.43919248954407375	1.1515700539309988	0.7984504052299812
1.070116981081033	0.48423023535363074	1.2062601493674863	0.8275614663572783
0.839969953677812	0.5090341303063932	1.0744249996323765	0.8447739586440837
-0.019130764074339335	0.473044008961675	1.182597095098414	0.867793936808551
0.7992288096785625	0.49477721652393303	1.0752938791067366	0.8816192622415997
0.716225964787315	0.5092117063855679	1.1386277183647473	0.8983716120389478
1.3365553289008587	0.561992904606222	1.3283587359119933	0.9258029787955842
0.3026589956332921	0.54579286911111	1.4002487768180152	0.9554409147763601
1.1038056590128869	0.5799406200623458	1.4709103695352792	0.9869853446952153
1.0887906475652032	0.6104571472471141	1.3242693929491742	1.0072128284177255
0.9282892458897036	0.6291448583410633	1.445029064957601	1.032955261389069
0.6546951702217196	0.6306183459278254	1.596782033534749	1.065469304026494
1.2716726005000831	0.6668891261811893	1.4678971164858967	1.0882388369165361
0.45616340383689025	0.6551871265316234	1.0004240647045717	1.083362358676049
0.8719156558409344	0.6670043497221265	1.168486863239115	1.0880042050976693
1.2097126811680416	0.6960666391922807	1.2867029590474757	1.0986447635908982
0.7120109675586721	0.6969054911905115	1.6050739105633376	1.1252885973401288
1.2696846568068452	0.7265205320580139	1.5860711324108245	1.1491128554299226
1.3154210650944584	0.7564535068042095	1.7997148987894098	1.1821820180553928
1.5053342769905984	0.793883845484566	1.6103266105888498	1.2035812787569635
2.7674154741389905	0.890908799043511	1.7365122082229343	1.2297817778442321
1.0778205163450885	0.8999496548889292	1.4953297717343084	1.2426262830519406
0.5794288594744716	0.8846917905937948	1.2071669864277834	1.2409382495873484
0.6176860503614856	0.8721801688239601	1.077963193920711	1.2333015449432345
1.1190262142245189	0.8835694594038523	0.9328316605435658	1.219438102165149
0.6729367169827278	0.8739984280217188	0.8918801308273603	1.204553961604645
0.45876050100365595	0.8554114487124431	1.0033020009121532	1.1955455961902182
0.2945647153353863	0.8306757458451006	0.884301317890331	1.1818186062531764
0.04143197352485206	0.7963706517565674	1.0621642497459436	1.1766175922273368
1.6361306450727393	0.8323498567056788	1.1304291775068194	1.174638394299004
1.1108562584821038	0.8441148631142277	1.401197313170531	1.1842090993251135
0.8593453175498256	0.8447494601058103	1.4637370589201444	1.1958531564186616
1.2129639607743168	0.8598774708151113	1.2928795081263704	1.1998394108207684
0.7532093872461552	0.8555546142387049	1.350207185487648	1.2059343460431982
0.42906866517550313	0.8384998077185675	1.4549263296068369	1.2158919479115728
2.257396657317136	0.8944952242904569	1.5476674778407342	1.2289853540584996
1.4669656877978041	0.9167939409492125	1.5049594687321552	1.239735106505662
0.6416028865496581	0.9062121651306783	1.5267717262478815	1.2507722266209695
0.9202898002456483	0.9067464150493092	1.3055602381167288	1.252852030709041
0.9194317033223687	0.9072221474814477	1.467160783597667	1.260886927564552
1.064913280495872	0.9130612395281927	1.459115224254374	1.2682270558284152
1.8444804547306681	0.9471297400300074	1.3984114488544024	1.272988684268233
0.8104402701003584	0.9421901093941318	1.3584770692369892	1.2760777693157883
0.4724731883908979	0.9254179098350568	1.2790292303190687	1.2761828070845493
0.49750013998708664	0.9103177818968973	1.1982695902521727	1.2734329847902006
1.1076305621216291	0.9171991683258651	1.4917177410827258	1.2810457663334271
1.016900222498109	0.9206361103356435	1.6929678615333827	1.2952466301178727
1.9290676633507697	0.9550071895853842	1.6434191549713275	1.307113463315261
3.38990410581947	1.0370648389692994	1.6517704436258676	1.3187280827656807
1.4811299514778957	1.0518639797313427	1.7337784049031773	1.3325602400481529
1.4153699907536827	1.0638450500032395	1.5884297734250286	1.3409935152650911
1.2426173200590354	1.0696731890203504	1.5559994129421848	1.3480029215188698
1.5410989529269394	1.0848770371687015	1.6145258595849157	1.3565982194313726
1.3317270537230668	1.092753736497671	1.5582907677685869	1.3630339841506025
0.3785492493995999	1.070203886084629	1.2853780063209914	1.3605819451727768
1.1442935880760223	1.0725184585178367	1.2631508425502664	1.357537432533344
0.4455048515472362	1.0531297472165622	1.2784894685825576	1.355093156053175
0.6140238281868129	1.0396901527598805	1.21331896638182	1.350754007613208
0.7643519790236812	1.0313478222284163	1.2702551508460886	1.3483148381451837
0.8816888160477445	1.0268585621669506	1.2180491554218076	1.3444072354923837
0.640958588235713	1.015398165090763	1.2110245470915997	1.3404461294370305
0.4329002150198029	0.9982686949916744	1.1199703600816222	1.3339626299077558
