-1.0	-1.0	-1.0	-1.0
-0.18471952117247725	-0.42750212623599504	2.908653409277208	1.7446944017471413
-0.5041242595918198	-0.47171782704191345	3.023270547458295	2.4825112285111137
8.14609706015622	3.7271017997571105	7.551961803604517	4.952477504548826
0.004716785073100027	2.161047863605944	3.098041572792021	4.1722934313627835
1.3367557329496207	1.8562173922764589	1.3504308388889283	3.128744264434687
15.91199142938095	6.490630001974299	5.184595798660803	3.806591036132988
-0.7394205926020972	4.340610074679709	0.3765981451978331	2.786604577686084
1.1234230916194043	3.4695410378107834	3.9615626292141224	3.1047292959545176
-0.6657535148921528	2.4420096661006	1.0315020026569703	2.589577012635293
0.46680850488627024	1.9885651034975478	1.446967828036109	2.327269329223634
1.1511952033040318	1.80993692929637	1.3903120861529645	2.127397133984555
0.8787792369472498	1.6244402819556547	3.6460022647025356	2.429919739338751
-0.3332013068206454	1.2586634079428998	1.4878390735496572	2.2538962567438925
1.2646217543066949	1.2597117052281774	1.9033153756486514	2.1922216960509036
-0.07962876191506929	1.0371123619177127	1.2878307904867898	2.0419111881798195
0.672433234550508	0.979676863195454	2.7426460720233616	2.1522733741315854
1.0788882652660177	0.9945245173574084	1.766789495281357	2.094584022915954
-0.21433823176976363	0.8221930902696939	1.556032787550396	2.017809990850342
0.22771611302598482	0.7412846361317484	1.253606717040339	1.913801706790141
-0.2566029833952319	0.6113575911736953	0.995051550656447	1.7941787001773295
3.2830435445652366	0.944767034082789	1.9049679784225773	1.808004744725694
0.3612914354315726	0.8748578352171246	2.2499230590306474	1.8609543182845827
1.2004988648072805	0.9123783784068902	1.9901799597124707	1.875844155172826
2.4065054499551906	1.0781702876975423	3.562287495293189	2.0629759928546227
0.8742579288110488	1.0563503913005845	3.082617535147084	2.1720868045388966
6.296720523214055	1.5978181451775515	3.285744218231611	2.287157409303304
2.1025150248000934	1.6482312861255348	2.9904113869847677	2.3574040436549453
2.102696765561306	1.6921658499358472	3.6700344975580084	2.4842995306581477
3.1880484947018033	1.8322651523259084	3.5565748457496777	2.584725273338642
3.6634016364167996	1.99857439949312	3.774563873560803	2.6927898758810946
4.771401976594609	2.243015454461776	3.0840525494894315	2.7272818890403596
1.0228392850445651	2.1385189202072032	3.043919788863267	2.754399928340786
3.004039217536141	2.2105874878160368	2.6872686325575637	2.7488109276484365
0.9202467458555745	2.106047021494683	2.8387045152036032	2.756094263971488
0.334372604320609	1.9662824572089952	2.4628509859637044	2.732961161961575
2.951677464820287	2.042027949546812	3.1673657344702706	2.766353045042495
1.8491896020320007	2.02757587713936	3.492123346929594	2.8207499587979163
6.953881547892274	2.3878001939498343	3.619281216340463	2.8791406106345288
1.1673410051175068	2.3006795391016364	2.9075146721700427	2.881165894174887
2.2043765165826574	2.293964516172452	3.344193870698371	2.9134501334671086
7.939511318540799	2.67866364381603	2.9489082739486197	2.9158667179807956
1.1237414513693644	2.5750608207328574	2.5849671006340293	2.8938194127619123
1.3735995341727327	2.496747479682077	2.3501310002191445	2.8583809836083143
1.1015164041863166	2.4077370580182573	2.204531098520123	2.8166678650923482
2.3976922915529557	2.407109777453109	2.5642055127088264	2.8008972038128195
1.2199101064168056	2.3344602608165514	3.001615148208548	2.8131807243309566
2.567141534598208	2.3484151590407873	2.636879979947151	2.8026084109253895
7.437519586605113	2.6476371404798096	2.9495196594702637	2.8112468007268543
2.4221061760858986	2.6346317739364795	3.0098552777665555	2.822700094049217
1.82833796236487	2.5890125376812283	2.902699066638237	2.8272266484781996
2.188710893127158	2.5667837607675663	2.7373620316183485	2.8222372363005293
3.517244357941596	2.6186069216978276	2.668697584228751	2.8138666826234084
2.1136664861840075	2.591567823106047	3.0391834739250863	2.825933061517246
2.0161801761956317	2.5612959051194624	2.538684874311355	2.8108204805213766
1.256181671685658	2.4938153619064023	2.5864564448680087	2.7992196460614016
6.61310494211681	2.7031932234974887	2.4326441011475626	2.7805868110566765
2.788250770724396	2.7074451038148024	2.265280532889082	2.7548311775555705
0.92833791300035	2.6199787474375764	2.4735255300460013	2.7410016136262394
1.9995961286620898	2.5899704041061584	2.6118220128763006	2.734753054908595
4.768794994452065	2.693689973207751	2.647017685603882	2.730576878069038
2.6815392893825196	2.6931204714909227	2.6973040743006074	2.729017597600683
2.7489189956031743	2.695694893065064	2.0559660621601403	2.697963456826422
1.8131674514680372	2.65559216825417	2.2257816707226143	2.6765069961350187
1.4558768038410923	2.601889770387156	2.0640920615832954	2.6490936631556385
2.869451847434036	2.61368986523423	2.3110996161910786	2.6341860404994493
0.5755079480271839	2.525099145014809	2.0713680280157427	2.609723236920705
2.394828119356783	2.5195181267363713	2.269435857582461	2.595144050633245
2.6852641268346957	2.526520028589265	2.1398929169634138	2.5759138396654233
1.1964595531216622	2.471116183110006	2.3325194695730946	2.5657756055478425
1.2242798270369821	2.4198902071609996	2.327800729838298	2.5559987829919524
1.8789340777204306	2.3979655711322128	2.288850778785601	2.5451716256523627
1.1640520794028206	2.348621728737672	2.2323087349637354	2.532660434876796
1.290501588539592	2.3068643204241344	2.6360306205583055	2.5367398559414407
4.216935720258481	2.3812646631197363	2.6585181659813686	2.5414834865629006
3.1565104335834597	2.4110745447219752	3.0622376278625687	2.561507590661254
2.095001913821008	2.399074460991729	2.891647853111532	2.5740413862339095
3.5667190692622093	2.4428508219207337	2.550250183752762	2.5731493161473318
1.821491840201039	2.419842738089078	2.5246601221366496	2.5713537810573404
3.053946126017385	2.443036191829215	2.299067420336796	2.561394112819703
1.0694388168572826	2.3933989080910445	2.376354394268963	2.5547072105261943
1.4075995605965423	2.3581992667138896	2.353653646799478	2.54752808444474
1.6769002964480157	2.334158221098419	2.2380442241839695	2.5366070678317874
1.7186880973670355	2.3126926767511797	2.3854632032660072	2.5313355277292673
2.3523815953939846	2.3140604898758297	2.5285684441999594	2.5312396161963204
2.1539931163011317	2.3086042947028793	2.287427967991036	2.52292906082884
1.2582772796106587	2.27320682219252	2.496197395884233	2.5220278037768877
1.5370138440134302	2.248671505849089	2.5673483879231247	2.523537691502822
3.379749863434971	2.285951638370641	2.6687284923508123	2.5283224614069217
1.802563242058231	2.270191392657142	2.527188933900671	2.5282847848417878
2.040885421029064	2.2627959374086886	2.510090281545981	2.527698123977942
2.4931248246545508	2.2701455043220653	2.618305299743752	2.5305893081507933
2.03700932384179	2.262784779225862	2.6725921629150236	2.535072958932094
2.753739718212411	2.2781242752581474	2.712622745254237	2.5406202949172116
2.9507831196632437	2.2989241559589515	2.914301004140914	2.552175060294741
3.0407612606107453	2.321629463617241	3.179182239454131	2.5713657743997613
2.74465238301956	2.334445780962294	3.19888832756184	2.590377945868941
2.2995737628376443	2.3333997076558433	2.6589459342865944	2.5924345396690596
3.2341129845299452	2.360148800031246	2.5807429496659284	2.5920870537111087
2.2722260332244515	2.357562843296078	2.2455642103781672	2.5818964633649073
