-1.0	-1.0	-1.0	-1.0
-1.0	-1.0	-1.0	-1.0
-1.0	-1.0	-1.0	-1.0
-1.0	-1.0	-1.0	-1.0
-0.9471905074689166	-0.9777823863395866	-0.6085560588569975	-0.8353146406603726
-0.7050596818609141	-0.8769272323254955	0.12256281996048135	-0.48108349717523935
-0.4373037366997402	-0.7319763612891841	0.6878597635884527	-0.09566428998954668
-0.34222683994211534	-0.6160755203972967	1.1367495572085065	0.2708218557471549
0.08387802906354347	-0.4265597317860912	1.1063413677719471	0.49704280274396284
-0.8996623929753392	-0.544115517190588	-0.5687812180925758	0.23220858090132324
-0.6278912990703406	-0.5633478631932678	-0.46061458534649946	0.07315800870211908
-0.51877463543366	-0.5538395086874934	0.3699313700440694	0.13646572509417387
-0.39274668376515576	-0.5217481350003396	0.17472533185081418	0.14408734134475276
-0.3765878065778969	-0.4946255575705846	0.47109154346591775	0.20518665660455815
-0.6104491597524719	-0.5150014709942459	-0.10860072070948024	0.14998459661793007
0.43535594380691345	-0.35705167465563403	0.267492195641176	0.16951421904239683
0.3494692878861556	-0.24577773388430446	1.176063713826168	0.3280413462129512
1.9293948560100382	0.0797476485281623	1.5732833413996161	0.5143979870872586
0.010486387295618682	0.06987414185298912	1.5354177356449612	0.6599515236710678
0.1748827503400916	0.08416580968401766	1.4642043683355057	0.7694103885504113
1.0889359971542816	0.21498940964212054	1.7297399765069983	0.8944478267045661
1.888209751739971	0.4237965544817055	1.798334157041939	1.007247079606874
0.31897663357028105	0.4112376591387905	1.2204516848143658	1.032792639208786
1.6564799521472993	0.5547138537175984	1.360343875545376	1.0705330586909487
0.0665133221219456	0.5005422653322833	0.9958356232123278	1.0622448821004888
1.4104749794671574	0.5979128096335926	1.5263325861866641	1.111906388553166
1.5186655302654302	0.6930510522279245	1.188571202629717	1.119828366721992
1.351167007904012	0.758789166529175	1.0817356140021719	1.116023238372997
0.8090494076389474	0.7636480342841201	1.5451231929407472	1.157505433540917
1.2646192298491838	0.8105672084751341	1.3042280136972657	1.1712469251101134
0.23343486650259782	0.7581503300765131	1.3043266745405377	1.1833337305348741
0.990217294841025	0.7786086856029035	1.8186912332234173	1.2393446561908625
0.47580573080698096	0.7526761857823348	2.024411251220985	1.3065780837248084
4.633038317008977	1.07577558046636	1.9617473118615094	1.3611308922639864
0.7944455215541808	1.0529830565667808	1.6177345628464872	1.3819207139326584
1.5329427005193788	1.090846942830971	1.5567636306592978	1.3957144068630258
4.566094634636948	1.3579828934062532	1.7356419915673138	1.4218440693209802
1.225954617559514	1.3480877653483225	1.9329026635419537	1.460147493819795
1.709804355746389	1.3745370187360346	1.687095863622019	1.4767421445964461
0.4057556707582959	1.3053820409319714	1.5342878313355506	1.4808498859397226
1.5181091224683247	1.3202146545091162	1.2338420717423877	1.4636274496815656
0.8021758814371347	1.2849147610858465	1.5652132919438717	1.4705500524999735
8.19099738526464	1.7450595367654742	1.6060374133348154	1.4795772231559412
0.651998192276366	1.673811752309088	1.8872536354383032	1.506150296886955
1.5906094201297152	1.668503929984276	1.9746514082012072	1.5360390793695498
2.665523153004601	1.7307864616001813	1.5561405232234247	1.5372951532527486
0.4037775905396772	1.649580942897758	1.286016556559126	1.5219182060752199
0.4085688586561418	1.5751556953360408	1.385175249287109	1.5137175164425116
0.3551660518795874	1.5034248880548775	1.406473469396973	1.5074122129644185
0.9611546392934855	1.4721544074300597	1.5176531167539173	1.5080031935299387
0.7087787511831865	1.4289636559289196	1.5016926473281047	1.507646752489324
1.4666319449685625	1.4310557421498422	1.541304112501448	1.5095161120249982
1.041914108965155	1.4098388893030909	1.6885989177255079	1.5192807232458212
2.7048572879477915	1.4791881189478842	1.6750799724059942	1.5276244328450237
2.045912774276748	1.509003939807498	1.7188122251108813	1.537682843995189
1.3031790315041563	1.4983616448946786	1.6868830828955712	1.5453969554473534
0.8922822869334683	1.4675553121848788	1.75999893500828	1.5563048151453684
1.4413683789005276	1.4662465149154302	1.5933597947382414	1.5581569861266495
3.3345554036593903	1.5580981964032152	1.4531017835424138	1.5529919796785356
1.1135158176512991	1.5365933339719189	1.5354289974114823	1.5521422833181848
1.340178336307476	1.5272433236047913	1.4694074870324734	1.5482038159923959
1.3052416091076928	1.5168405100540148	1.5770659439336057	1.5495564475094605
2.401737936485156	1.5576687837390577	1.68564703050339	1.5558353974411232
0.7966210171938009	1.5230864450713981	1.7261621334542765	1.563575177194442
1.0467141900508241	1.5017625293757622	1.6602402751851746	1.5679018069247275
3.959100262098576	1.6101429887522358	1.4973203168667748	1.564789128621224
0.8077072114549024	1.5752644674197605	1.4291252172491018	1.558892261332753
1.0033999023155595	1.550763290615437	1.4729722815732966	1.555211467501954
2.3327517410832903	1.583796163410018	1.5133274796697131	1.5534424149867228
0.9444439241540421	1.5571636524055879	1.7781321595813075	1.5628018484620347
1.1870587587645143	1.5419583289278216	1.4399551436970142	1.5577551661131794
1.370274581999841	1.535000229691668	1.3300604497015334	1.54852693977395
3.0939144342017144	1.5973420336607447	1.2737037590099023	1.5375374714129109
1.2933594219186495	1.5853460549442078	1.3204186666336932	1.52896947188515
0.5902916443342994	1.5465872502219566	1.315806251610546	1.5206664823364227
0.5932856517299916	1.5099306140921955	1.2984205182865929	1.5121205758807443
1.9837961675006084	1.5279208121478751	1.4577030486221152	1.5100542163218331
0.7871002178631945	1.5001465659449371	1.244677064969613	1.5001049748437487
0.8934308061405603	1.4776805708658487	1.2526704707644765	1.4909426249168782
0.7831825084552957	1.452277984597195	1.1529224734299826	1.4785790289403717
0.5124613789086139	1.4183158096354465	1.182952776501065	1.467895547364217
0.5963138179081293	1.3889647900663444	1.0918407153091692	1.4544677165729722
0.43151598062620566	1.355179357362326	1.1001503765374019	1.4419646043594474
1.2365813029015165	1.3510429606907959	1.0540710861553166	1.428436154351767
0.9930479912583217	1.3387006099611063	1.1481082619978493	1.418771409535212
0.5629993823542654	1.3122613111151997	1.2547904611883753	1.4131818642057263
1.2927880130839267	1.3116049045903884	1.2735731245812878	1.4084767555968472
1.9179991735902768	1.3318135353191258	1.310728930777445	1.4052186957846726
0.765459843651698	1.3131457835598535	1.1463443167603944	1.3966855945363927
0.8142896152580623	1.2968818132277335	1.1849954533267635	1.3897839544322137
0.8607559939889993	1.2828156852054295	1.0891231514634305	1.380086826431
0.8103987599163525	1.267741368572826	1.2614251164898245	1.3763005024127337
0.8042907068630869	1.2531086952521595	1.3959462099530913	1.376920723293563
1.0285308870222263	1.2460915990471402	1.4002237197738499	1.377648464456208
2.0591388672806707	1.2712330566495265	1.6768128590780398	1.3868994238870869
2.64199798308339	1.3131877349621863	1.5794140389979177	1.3927915416832333
1.4673942235552633	1.3178593778124976	1.593219775539621	1.3988635793195798
3.352909545588192	1.3789004510350527	1.529772494182331	1.4027901058950003
2.1180687621894116	1.4008520185938496	1.5357526770025305	1.4067386084438311
1.1945445241766608	1.3947851977874413	1.549238533846959	1.4109291549075769
