0.6366040369600656	0.4289289235805336	4.474513326465582	3.7798308314356364
0.8822728693530464	0.7472714254225277	3.054022079422835	3.2701607310581693
-0.3736417616384228	0.10043567740806836	3.1729014240078683	3.21403639237531
-0.07282036473693554	0.01602094029725798	2.801439132290331	3.0130085616729128
-0.7078868727360026	-0.2885361293255947	0.7001817135088761	2.0399734351559315
-0.7125229633987363	-0.44533012733098387	-0.390538205009192	1.1411493164591748
-0.10563550921792364	-0.3333274040658306	1.0618388917738564	1.1149993334696529
-0.8826844718982869	-0.49669122798947873	-0.28610196680424094	0.6983499430966411
-0.42300538799317033	-0.4767405078269581	0.5724164538203673	0.6642526541879006
2.2165456421775227	0.19248302093962355	3.4482294040660673	1.3560108785989438
0.7652219992910887	0.3239658585559	1.2451300521747384	1.3305559953206458
-0.5007060209543898	0.14804658471313714	0.9007290905854426	1.2388649562946736
0.39778305799992864	0.1977969010189522	1.6928546910765099	1.3293048334800113
-0.12620158513491397	0.13725921904106553	0.4744950347826249	1.1695873645699235
0.08489361572838616	0.12804698746687548	1.3122442922248356	1.194683771855218
0.6867143596017276	0.22089785045065047	1.1356264040654538	1.1848683563685567
0.4561683722551282	0.25795178864822055	2.4177070060372854	1.379034633357914
5.873260178338024	1.098311578206042	2.398316745632633	1.5315757336955382
0.6508484895543318	1.0345228542545577	2.058955175250767	1.606757408580937
0.3872351986699436	0.9464266688239409	1.614224309527088	1.6077731490134863
0.2637203008728779	0.8575369853415749	1.5446188953621194	1.5995506794019883
0.4392987308595202	0.8053437160869663	1.0937851521242101	1.5364346425744397
0.4056977316247472	0.7574599165244036	1.0833407134005197	1.4821469718877904
0.15507406023847325	0.6880535110200043	0.9599075314067589	1.4219750466913812
-0.13871819602769686	0.59631316799889	0.789398776105191	1.3517831386612142
0.016753203196749444	0.5342957996720816	1.0988162630281262	1.3247141888702023
0.16234649741706697	0.4958638937989215	1.0345075437099442	1.2947285035211333
0.1594116326245929	0.4622560751518192	1.021654771160978	1.2674513969090486
0.4574571993721033	0.4617921783129886	1.1098435847992372	1.2522151257365017
0.6340062211161426	0.47792133758826716	1.4742193918209763	1.273007563579426
1.0018817670563762	0.525508927289116	1.6063883877863891	1.3032860979984506
1.32951440458569	0.596386975932893	1.5954311185779582	1.3290406294826784
1.3577440156470004	0.6615907756368489	1.2930484110477445	1.325958712276102
0.021137472432478877	0.6082633014984222	1.1077714511443237	1.3077914047263306
0.08580636340429071	0.5659350397431022	0.7239366490255272	1.260488870218647
0.1305537744165064	0.5315887234094574	1.14527385364375	1.2514002164016422
0.7838104464317832	0.55097670618575	1.483052905156947	1.2692071616606069
2.5688189719505177	0.7022119643154221	1.5215516766478445	1.2881205534952196
0.04621183438239651	0.6542434909230672	1.436985363159455	1.2990058883752043
2.8906631640629263	0.8138865539840825	2.130308430335704	1.3583469139210864
1.1820892654353177	0.839559481790001	1.9512699631467885	1.3996884671757104
1.703406992339513	0.898423946513615	2.14343531458765	1.4503690887898584
1.7232606733653362	0.9533819773240251	2.397051299182103	1.5134455564400624
1.943243494493931	1.0179031974813362	2.6902643321772994	1.5901530508560304
2.7624574401385127	1.1291994766705473	2.9734552242381334	1.67840284326785
1.8861515936285889	1.176484861545922	3.2590599478539417	1.777143571953114
5.843906113285251	1.4621058463839098	3.8268951914790437	1.9025776170143778
9.732862879131096	1.9581143010062614	3.486995627815304	1.9975972032294784
3.2156231589947195	2.0320519831368746	3.1967043773239894	2.068101075558204
2.238508865268802	2.0439578736686728	2.783663576376758	2.1093653319693844
2.632235798102809	2.077242316669142	2.5991711816528027	2.1370783047904975
1.5058421118426195	2.0455117858091882	2.2099668449203027	2.1411266375236595
1.6481823740088966	2.0238485200664873	2.276405657711007	2.148502915511412
1.2360991898273053	1.9816644570902722	1.9090778175744423	2.135681647842742
0.9910385367271224	1.929546404128922	1.7926149454213052	2.117632418011426
0.39163335430489177	1.8500289829399055	1.621724281510596	2.0919912702613828
0.5914625923563108	1.7860577908699984	1.8873609415850234	2.0815905043143115
1.9832059080552251	1.7959116727500866	1.967169127408885	2.0758714903941655
1.2137233928936735	1.7672890612391332	1.8390689409709955	2.0642290201232822
0.7380755863581958	1.7175056500828063	1.714182490218008	2.047297495147931
1.4571947354308374	1.705113934132322	2.143100590462118	2.0518579334472142
2.558695410342053	1.7451123550597707	1.9738030959482562	2.0482001053291117
2.454048921090278	1.7778223962807185	2.150366907782272	2.052914237207777
1.8741144339139217	1.7821980742204784	2.283555055384212	2.0633948050573725
1.3202609400321745	1.7615205286000104	2.0393499367804835	2.062318427662613
1.454137641181941	1.7479639229827244	1.969108056303876	2.058207896257932
1.4189025223607854	1.7336611460504452	1.76256116296519	2.0453575246397047
1.7779936960564173	1.7355605353153054	1.7817577866075611	2.0340635536194362
1.581120128656773	1.7290370955023628	1.8870796188341732	2.02785513626746
0.9627517230393612	1.6971174797266877	1.5142627437919902	2.006461612054712
1.0108336796132584	1.6689216323997704	1.6013314347822059	1.9898169773786583
2.0713767720453755	1.685233635108213	1.852480563334606	1.984251207067338
1.31016386344468	1.670234975780612	1.8664009822604104	1.9795387721896995
1.1744189836386707	1.650668274563488	1.904194854183456	1.9765655203305492
0.7966524608821317	1.6174034555135193	2.0365640354167134	1.9789031357441376
1.9599799729681737	1.6305758274910165	1.915733239029866	1.9764736467619288
2.2764467210985586	1.6550963781204033	1.8086734162796332	1.970102662302648
1.4000508339324518	1.645534495073833	1.7480658653206618	1.9617783345443511
1.7365103811799942	1.6489029264096948	1.5954641603124542	1.9482139756211874
1.0265901696017283	1.6261405012633556	1.5733060994282115	1.9345009232973176
0.8171349100454395	1.596905531969763	1.3566961422927313	1.9136206978818477
1.3098048872456483	1.586653549086078	1.4500869170656974	1.8970688582056745
0.9155862617090116	1.5629735488281074	1.2915570536998358	1.8757020278054042
0.6871052024317266	1.532426192579353	1.4061470538154088	1.8593253447197662
0.9347311000912031	1.5118198185175018	1.468778902447538	1.8458604376784824
1.2049144479940401	1.5013591453950261	1.548616888520073	1.835729061547461
1.5890986244507053	1.5043157093890795	1.7171377694085184	1.8317320224272948
1.4255561454219796	1.501690387420541	1.7155589233010855	1.8278597650465542
1.3281285832741818	1.4959694523538825	1.6422923425972584	1.8217430869140423
0.69469317228479	1.469845700501561	1.3678223977817012	1.8069439432801317
1.177380827974333	1.4604127176667516	1.4755260258937772	1.7962545913200039
1.0631062632900283	1.4477349758387277	1.5916345135054457	1.789725261426521
1.132452578570681	1.4377802614261297	1.6356586645493536	1.784860593954257
1.404678296361101	1.436746036212841	1.698964213230569	1.782176841245466
1.9440043931334139	1.452431219621623	1.8030540723242146	1.7828219797658775
1.4315048966132013	1.4517905750552726	1.813334878626161	1.7837557078232416
2.7979922098278065	1.4925779340984224	1.9614164706692585	1.7891387179875258
1.4661537691131787	1.4917849355114452	1.992298507779382	1.7952319895174313
2.2648178892492528	1.5147425513677217	2.116700399987959	1.8047790251773579
2.7131740095264925	1.54998500248155	2.3688113202381116	1.821365714908076
