-1.0	-1.0	-1.0	-1.0
-0.5455474552627986	-0.6808790089720973	3.0734623005505055	1.8604247931281646
0.07386501643795462	-0.24534534599274582	2.4940933879716436	2.2260904542198214
3.890465445991051	1.7697276050058535	1.970851893840785	2.101732240884596
-0.5865393765047381	0.778416573430802	0.1388897364235968	1.2759398465534053
-0.5435552736894096	0.2895399684806017	0.2247688267286223	0.8872075858518209
-0.40670748864791884	0.05997600637920675	0.5346118900200096	0.7709510577974672
-0.5468951664833726	-0.12049099169070854	-0.2826785663324226	0.4576302437342741
-0.4177221652054256	-0.20096773346873498	1.298117374545447	0.6851961978629657
0.18143893966343483	-0.10594791745215992	1.0387466885223877	0.7730458899739321
-0.378458810304958	-0.16850793507671347	0.6347074630157865	0.7412875834892683
0.1457409601716757	-0.10147244917119957	0.5500180064833773	0.7004856878998815
0.47574550753833833	0.013515633430761342	0.9462544659901211	0.749445523317477
0.8240277172294783	0.16495631715498305	1.0577307404728358	0.8070472659036458
1.9235681445580406	0.47433360101404376	1.017157286132559	0.8440099823907996
2.586310957474121	0.8253453250423037	1.1299729149945694	0.8915370122041439
2.022292353009935	1.013858641496034	1.345926577457702	0.9631009740494398
0.4068012103753711	0.9230093671565625	1.5040526741839568	1.0440569010799505
-0.38566505285388397	0.7364491969225524	0.8897084408643143	1.0220537640544594
0.04433392143621395	0.6422520899153492	0.9159890041867116	1.0076180711265947
0.7110225616099406	0.651206195778103	0.667086197856682	0.963280117834221
0.10039103073907585	0.5824680782235894	0.6078023829634713	0.9189188604870575
-0.3731967551367452	0.4679645695258825	0.23874811280638775	0.8374240162738231
0.6328644788659366	0.4869644317046302	0.6302671231550108	0.8135557412985079
0.047844051406225496	0.4382388333881655	0.42506415520429286	0.770448087252761
-0.29805674814906835	0.35944925054538523	0.6032455356056188	0.7525561668020666
1.6026573038749783	0.48790567580599187	0.477364030921948	0.7241221136593308
1.5825691398241646	0.5972499966750695	0.7700978569574448	0.7287145697412938
0.6157598907645807	0.5990394201529388	0.6720816835957588	0.7232397725586612
-0.020852221885585442	0.5409825704553797	0.6667020919164124	0.7179446960873692
0.4342442377417719	0.5312884883711149	0.5014916202407529	0.6982859949506768
-0.03193337468827617	0.48163705303173177	0.5581683813138554	0.6859336610123874
2.2039789849831593	0.629140285767158	0.7367189152170344	0.6902831346019069
0.2610466776260991	0.598491161874614	0.9286482781843919	0.7101311337875327
0.6569668361292462	0.6032288047110854	0.9384187880972743	0.7286265910578542
0.09190787430590897	0.5628916888057358	0.814183058030195	0.735376380551279
0.12406557857323475	0.5291600058271375	0.6756281026725841	0.730783736765577
-0.16505682344155403	0.4771295575790546	0.5605140661759989	0.7180225520296866
-0.1888575388442728	0.42843082516773134	0.5213964426722237	0.7036447204565983
0.6613720386757618	0.4450591593152564	0.579257790692882	0.6947657349123655
-0.09977739835148136	0.40707043624256745	0.896460857920865	0.7088289696754775
1.9373845547745097	0.5113492203028391	0.856253465310604	0.7188749362450426
0.8676592278537494	0.5350896277885449	0.9550616097075999	0.7346116346321545
0.7464689577179706	0.548867840439969	1.0125802395177335	0.752730277411739
0.4809010338031361	0.5445320525400565	1.1845781654491692	0.7802808764654559
0.9218872961780422	0.5681048250275764	1.612566118585999	0.8322723323456378
1.4351876087222766	0.6211656373219581	1.649669342535427	0.8822926774197917
2.415526934672013	0.7287769768613863	1.615217298251761	0.9262479427181096
2.4330297211184457	0.8289811438565471	1.655633436791712	0.9691333932931445
1.483387660395215	0.8667187439152793	1.4360088863795464	0.9960567358432493
1.1177922834854512	0.8809243457392013	1.476291440873438	1.0232280987616287
1.4836180709836255	0.914393624862671	1.5337637380886573	1.0515796532754966
2.531707774411704	1.0025754070314252	1.8032136979607873	1.0925617121851174
1.4950058521903613	1.0289454112415926	1.5904607885467903	1.1192245741362346
1.332941965854582	1.0449390401293335	1.7005153101534525	1.1498069768195531
2.4268616552833477	1.1163905410194688	1.4429294926850749	1.164962565771407
1.0093910890825954	1.1109518308853055	1.5552706562574885	1.18480136965997
4.982306647350945	1.3044495147392179	1.4686792116648384	1.198989874611176
0.5290983958300737	1.2663307028829673	1.4010944502370384	1.2089258136856906
0.6911685859301862	1.2385098324269905	1.3365890564088758	1.215101072166917
0.846264064376878	1.2198377300367675	1.2451975889760347	1.2165338382507942
1.0514774205437867	1.2119481879584706	1.3358820465986758	1.2221262290811095
0.5518347729556783	1.1814911759014795	1.1790839069069552	1.220140443300763
0.5866026116913703	1.1544591498688779	1.1266346326072	1.2158914860555794
1.344412333067802	1.1629619396403665	1.0803840166492584	1.2098258202621164
0.9210669740312458	1.152293448353086	1.2122837183768684	1.2099344414406268
0.7577925411906108	1.135146320778234	1.0236095580567426	1.2018358441164945
0.8624084818264881	1.1234609261661346	1.0536138258383492	1.195485336475064
1.0169614949216648	1.1189625197186719	1.0756763178859932	1.1904247183969434
0.4833389531119905	1.0924855514118472	1.1183439303869824	1.1874223899115322
0.4729961069702411	1.0670338250167308	0.8815361290955082	1.1748550295435658
1.6152466452928698	1.089253416680216	0.9866079436326824	1.1672257913142787
0.6430980576302923	1.071411996117218	1.0163421990753831	1.1611922763847198
0.24747615596063177	1.0388964619000016	0.9922517439852878	1.1545254008990185
0.6924658395185281	1.025402840397907	1.0462443457181512	1.1503081283311887
1.1070759556184195	1.0285430898936028	1.0804882229552613	1.1476231316595777
0.41670934994243836	1.0053142253162513	1.0574510778108452	1.1441994386577141
2.6196722092693396	1.0658387872976367	1.025051804270373	1.139732554504667
0.6434401918025285	1.0501979796244338	0.8853131450658096	1.1303117808921064
0.637397504713882	1.0350987010705883	1.0995492527000303	1.1291863095736372
0.10852121534633818	1.001615064088063	0.971379345683449	1.1234832390187526
1.5246532556082184	1.0202904231873169	0.9264298061891563	1.1164467317130784
0.890863684295508	1.0157232806303118	1.0011269311146593	1.112377368679244
0.5779042618668437	1.0004535555494596	1.01595042923329	1.1090141338329764
0.8952653321016208	0.9968266839547579	0.6987933457170945	1.0948711066425072
1.0280313662467515	0.9978903426126713	0.6273036638054623	1.0789345947884272
0.3074826200639269	0.9746227250028847	0.6423977510484506	1.064222698782301
0.3165396586027249	0.9526907579436339	0.6420124709879469	1.0501515795534613
0.33204523761233595	0.9322338602507514	0.653126157131865	1.0370653512716244
0.19366052511446874	0.9081544764870269	0.6813459919882043	1.0254679492667615
1.5532667093692587	0.9289604788507908	0.7193307552789978	1.0155942805402738
0.6273465844891051	0.9193360186287793	0.6165298844757914	1.0028602721646402
0.26053842920094006	0.898535607090154	0.7794059804319711	0.9958050302501509
0.7652729178972284	0.8943717573257846	0.851612766572102	0.9912996857143443
0.45604136877115287	0.8808173439878493	0.806394559864918	0.985581741379937
0.7576207221434383	0.8770467253241832	0.7579776649900754	0.9786155307804763
1.155424213057822	0.8854808916366346	0.7676916529218496	0.9722249323232892
0.36320100241104947	0.869814952992608	0.7043010581407831	0.9641883409931733
0.35842964501013075	0.8546278002192276	0.5721709285596503	0.9525461770160821
0.5166341081110326	0.8446884146090918	0.5324627995106637	0.9401927846648801
