-1.0	-1.0	-1.0	-1.0
-1.0	-1.0	-1.0	-1.0
-0.871676971186568	-0.9259497317781676	-0.06670353446454047	-0.461430623618862
-0.8834430996580749	-0.9052394084562635	0.13362161626775482	-0.17150593394457325
-0.025756391641026832	-0.535229833941335	2.8025661808267635	1.0797236617521775
-0.006074124897373467	-0.33954362426778684	1.4535811462713082	1.2179790921370048
2.993081397357736	0.7592762184861623	1.2544793507164242	1.2300138322506347
-0.35402223406889455	0.42821149432461114	1.3950192126623633	1.279081488130367
-0.12346624225440006	0.27884214676575914	1.6855630326339188	1.3891383904007748
2.4364869452647886	0.814969926198627	3.503121649735774	1.9144171154521414
1.310281710914602	0.9286778801784668	1.8818343757730243	1.9069369915321461
0.16641209458891404	0.7660712654945185	2.0312181294186695	1.9334489545656406
2.3708262877870427	1.0857555472003582	1.5992911811711834	1.8668809205432426
0.5514743533995285	0.9859274364920225	1.7481697428339662	1.8447003179504264
1.7868303057023378	1.1268231588538966	1.9826244775638404	1.8689638708590492
0.44657352941546025	1.0137651694640901	1.3351613507999645	1.7802454652363342
8.450750343242293	2.1850558940768354	1.1516228351682245	1.6812400208917881
0.9261940969207088	1.9966610916509095	1.6686402743115143	1.6793545936416012
0.7063318438519814	1.8127160563433575	1.4933663912040536	1.6528407281187216
0.410040224615817	1.6218116242656535	1.2562063182039882	1.5988585746150155
2.8181942103544166	1.7775833847173006	1.4265812858577416	1.576427783600705
1.7332912854423204	1.772056051686687	1.1015891686650243	1.5171710337820228
0.6675473116044799	1.6397187959524042	0.9475755173585423	1.4489248246390427
1.8330444216561106	1.661993982455884	1.0038665349968081	1.3976457432960743
-0.42115073817984283	1.430843756931877	0.5652663128358861	1.3052834048618172
-0.16497465817557155	1.2600783070268107	0.8611863192240812	1.257761703898372
2.6387600824958883	1.4025328540646083	0.7283492808854997	1.2030601071098368
0.34113613307620305	1.2965115521679667	0.8655868219233278	1.1693504605196239
-0.025034181080874518	1.168754767775238	0.8343508466653491	1.1369653248861264
1.421006558035851	1.192380161288395	0.939921038152161	1.118511149875498
0.28044126553421744	1.1095551242816706	0.760463660199185	1.0859922474748447
-0.21253543300927946	0.9930049959873437	0.4238321043921438	1.0276189088195822
-0.18222423779149877	0.892357262399706	0.37105413273663856	0.9713900280497103
0.1639702834736112	0.8317079868324575	0.25387097726519703	0.9116456798163384
-0.393890699998095	0.732412742943878	0.16588671305978941	0.8512261466004487
-0.5105117102532915	0.6343604017469218	0.14632027291150407	0.795617409742523
-0.5826585980072274	0.5408104415498802	0.1189294472925424	0.7436017359681208
-0.451652399519458	0.4664267841899363	0.3347744196001843	0.7129608833660066
-0.19453884884741623	0.4180952416814596	0.2532380924541544	0.6793447455960815
-0.3167839564061571	0.36563706764979353	0.23445551027277922	0.6475870733683904
-0.4198122289513555	0.31087152954555175	0.29662922015915805	0.6231163761579925
0.2949134955043884	0.3097840402793621	0.30681044664084145	0.6015626132714391
-0.5961318922198503	0.24942376628202134	0.21074278474789576	0.5755227330876498
-0.21959712891316496	0.21885226113217304	0.20953936221366187	0.5516674858187882
-0.1899861166976714	0.19276992298107087	0.4420257862857544	0.5446727522626884
0.15414456306431346	0.1903571160402402	0.4127934564419844	0.5364345508956103
-0.008689602503843985	0.17817671340740393	0.2975317009337395	0.5218152189914602
-0.00838935414479558	0.16698805292352792	0.5397534191344455	0.5228909484207778
0.153506933398456	0.166195435059743	0.3459491974714719	0.5124874440731413
0.5524154885996437	0.18846765741995886	0.3703177739070005	0.5042892642513421
-0.30551383318592773	0.16051871835803144	0.35253403830618946	0.4957033239284945
0.17273683053545663	0.16119732773122397	0.25533013209191147	0.4823550125545373
0.4968857720321207	0.17950028399150653	0.5767606988633989	0.48750249695374115
0.03897739815310808	0.17197551731148986	0.4220378206495372	0.4839971930891849
-0.04457175593619711	0.1605825797142746	0.4388995531758988	0.4816243546472221
0.02316029611288739	0.15347722545317666	0.4319235719713481	0.4790546118633481
0.4837660998441724	0.17026544127198906	0.7850775681149753	0.49460942882960524
0.1231968170772757	0.1679127563831555	0.5115494020198865	0.49545599431678955
0.3493890669708011	0.1768346770250253	0.5755854830282365	0.49939538041909026
-0.16318865339318056	0.16038751826074038	0.634599839296488	0.505935266666901
-0.005969516754248172	0.152468295561204	0.5268109998539268	0.5069288788504147
0.7380290808553749	0.1799076035844287	0.8457142452688946	0.5228043442282024
0.2722487610065758	0.1841681531936683	1.0033055099283712	0.5449742959293038
1.2891865974496657	0.2343810045633512	0.8693485138074062	0.5597142493593767
0.7631150241865361	0.2580488706259978	0.9691653666261855	0.5780427493037461
1.052799216672902	0.2931012069577337	1.009848091521797	0.5970875393632138
0.44135228188414377	0.2995449670199548	1.1488779943044096	0.6210713759020852
0.5468244623340555	0.31013982922826555	1.1901873258806348	0.6454553936068432
1.0046498193597162	0.33947742031323225	1.1803348664682765	0.6680499240624347
1.1099162948248646	0.37157019208667297	1.2120790595818844	0.690711511937421
1.559904532362828	0.42039322686300773	1.1732725708999237	0.7105378251092291
0.6491952339300395	0.429666545680095	1.0587052993258732	0.724649018009784
0.18809070436156672	0.42000637634520355	0.9302198908938959	0.7328703935839154
1.011517562554055	0.44334984426510804	0.8620868134256126	0.7379699421165706
0.618251875518866	0.45016269789534125	1.010036580114158	0.7485675389525928
0.7194977891707799	0.46051912680738405	1.1041901995006271	0.7622418944871674
0.6055465799254272	0.4660250490626532	1.013636356664116	0.7717860771638767
0.562889732559162	0.4696566954053234	0.9739294940868854	0.7793647757181501
0.415705297478723	0.4676589043088184	1.067427746360749	0.7900312715642412
0.6916428600479951	0.47585145592056866	1.1378399977219922	0.8027529436957512
1.1277596357635802	0.49940888629438307	1.2895769745719474	0.8203447660661667
0.8408582359350416	0.5116002777127431	1.1545039726786683	0.8322757511497536
1.0781393213838664	0.5315913784406765	1.3920373488185684	0.8520276773729161
1.6307557043480068	0.5699256484808966	1.3503639973988188	0.869407283814285
4.4014456024101944	0.7020198885136419	1.5822627576693176	0.8939834686468193
1.0805997367273403	0.7149232000354457	1.6977122721355102	0.9213775004146221
2.1947673363310884	0.764795213496031	2.006781167506717	0.9579564403864662
2.0432764386208624	0.8074028879420945	2.029353757503846	0.9936626701339686
2.539431662586355	0.8644912464049446	2.005404007525821	1.027009939989488
1.7604832442408953	0.8937024238156173	2.012846398889448	1.0591502347656854
2.149756263221436	0.9342126112100166	1.811870724821698	1.0834269085958281
1.8511706952160716	0.9634715434678065	1.7784697748858607	1.1056047517221108
1.5322234413502374	0.9814284274285565	1.8385225750787115	1.128744828840404
2.0824657583264856	1.0158299064762102	1.6893231598649012	1.1462599549083072
1.818025674559256	1.0406354168773908	1.6371255422311233	1.1614384113428518
1.3690814415379462	1.0506879334099044	1.584000885038657	1.174371524758536
1.732764411112659	1.071353341039654	1.6164952743167031	1.187766883166196
0.951686497052386	1.0677637960896451	1.5803503771768304	1.199542209788869
1.2458397608628844	1.0730523326182904	1.443399259979231	1.2067843177234487
1.5485265773668808	1.087034583054788	1.6562975958515094	1.2200031358906345
