3.8882133605512097	3.2679288345408093	14.703818265725632	12.711099300526724
6.044931950291108	5.217967730350441	6.268182882407444	8.186820602680683
0.19300885090218944	2.3182576536728554	3.4887891771100756	5.475767673157059
0.22140440374903214	1.2966176279138222	3.5435617618985615	4.534348472959828
1.0460797602467489	1.1912134003929884	2.6577694249183446	3.744848495201947
-0.6024969297239675	0.5278839135308446	0.9667931739098437	2.717499714741379
3.262108613166884	1.4294011916291534	1.6286455503098245	2.3584868453248222
-0.4944912527192874	0.8572879406938001	0.9198502370115726	1.9306751810854057
1.3663516719568358	0.9951190799588363	0.9477277471301375	1.6645372393259144
-0.7552327687349973	0.5601944603095586	-0.07658679041423955	1.2319055328534683
0.1603960357107066	0.4684131373197593	0.47005244015624936	1.0570077641257076
-0.24750482453837197	0.31569333847596215	0.7186596408351693	0.9848312482630388
-0.4670656895014308	0.15975927922697108	0.4737617359088768	0.883020666286775
0.3964810282449489	0.2039898297702507	0.894524537143297	0.8851702592905559
-0.04939540130512088	0.15941382980930063	0.3111253818041746	0.7841833184026905
-0.29337934645503494	0.08415924709083078	0.3613589594911568	0.7139095267387845
-0.15363948220703472	0.046706977821357576	0.8760360713075903	0.7394436365862014
-0.04929685978872611	0.0323395716199224	0.6246978394530049	0.7222714355866362
2.2670577329466806	0.35091376172486477	0.7549423955155901	0.7269290220910323
-0.5620396180087298	0.22666066284370423	0.21307069595785788	0.6569927145997723
-0.2669069191427874	0.16239717458285674	0.7245652404174965	0.6657910107469462
1.3930240035816048	0.31597189332564035	0.8494349213507908	0.6887089510255595
0.02079012912403777	0.28060474940599267	0.9137011815326801	0.7156670565987939
-0.027659500677817417	0.2450867969010273	1.1314401530801077	0.7635722629982986
0.11272843065543237	0.2304001613390434	1.2813094889597414	0.8210218207163118
1.5958048612956652	0.37650985481243926	1.57456966182919	0.9016578367289729
0.7768173957718227	0.4178722541672606	1.2804726764331176	0.9407995506669935
0.43640880318599784	0.4197237461494949	1.7397705108241834	1.0206073912873008
1.822221859972014	0.5553061229076619	2.1965641821917106	1.1342894721763286
3.1667453877076017	0.7998842372674699	3.086980005184608	1.3171714945094934
2.1938884042244142	0.9264920274941286	3.308335229806569	1.4980151678195326
1.6289749233396913	0.988420128335407	2.520611198917299	1.5881631635177227
6.195324415583999	1.4343446278583265	2.6028574488749046	1.6750627706953836
1.9685088528524068	1.4788222648852298	2.404887410493387	1.7358321729815254
6.371166879125918	1.8751904260828987	2.0392160974187745	1.760412053296624
1.205061556725524	1.8223251450676412	2.0560154885857544	1.7837320066507822
0.49370621591424735	1.7201968107190009	1.7105899552370971	1.7781099516457952
4.203818524321715	1.9063420344021078	1.7405882509705357	1.775298360870413
1.393868257506619	1.868868509180464	1.8057402685718307	1.7775242389828856
1.124374255992851	1.8157238143638361	1.6802463875784963	1.7705800380945629
0.6652408419939637	1.7355063750678434	1.8596348642651055	1.7767894074119512
0.9797285730678869	1.6840062759257677	2.1631589110164824	1.8031173995931629
1.8985451382215905	1.698300739513055	2.1027673645747322	1.8230827293323197
1.9115492992956127	1.7122007384536184	2.28810919232813	1.8533940872068042
3.766968338723597	1.8432875070155648	2.122797324352402	1.8705812615048267
1.2903286211206595	1.8087454959323686	2.2044461372908275	1.891437669105874
1.279510393662938	1.7763595202483482	2.190198996875968	1.9097204870992495
5.904267642518403	2.02391695509036	2.107349625889822	1.9215730332375505
3.9040974908304333	2.1344656156565724	2.1837353499517596	1.9369877992535316
2.4380288000173107	2.151971456838599	2.451749833781849	1.9666727341747858
2.178235683655661	2.1534579163132377	2.319031454640949	1.986609370858436
2.722136784127192	2.185038615466799	2.207282085661877	1.9988644481034648
1.3270406115438402	2.1382580878177944	1.9394575600837292	1.9956256225304503
2.2187408273306244	2.1425687864038756	2.0793094073806704	2.0001077008645423
0.7988907277004396	2.071876385336959	1.9844356510527263	1.9992833001706787
1.2146134242599698	2.027551722568719	2.065733815017544	2.0027188079794516
2.1580972309672584	2.0341874370127058	1.9965123367262962	2.002403574992214
2.3390938671772297	2.0494273659622686	1.832621435204576	1.9939175650047867
1.4359107477618536	2.019264528430312	1.8980758977338508	1.9892051828346222
1.567350977971195	1.9974052173056962	1.8233462449640112	1.9811825137284025
1.8202569841187453	1.988972071531061	1.7568274470264633	1.9705021775563578
0.9447365170268531	1.9400394293370251	1.9448054168255076	1.969298066665428
1.4972492297146571	1.9196091831786366	1.8551099065436887	1.9640292282299923
1.414881019431518	1.8966742215647248	1.8453174171761129	1.958635055972327
2.404173166681102	1.9193910622822967	1.953729710447286	1.958415378210181
2.6491743099006158	1.9515782138926938	2.0208058942807345	1.9611673825103177
1.3530100116994088	1.925560903630024	1.8933028575120217	1.9582174353442645
1.5884722168583445	1.9111186579382928	1.5998737538400554	1.942864520721984
1.190823291839286	1.8806920181359632	1.8233127536433056	1.9378143568975057
1.1864159229776705	1.8517719504490482	1.8147180276922708	1.932687055090374
1.3488647918876295	1.8311100827182933	1.921651894917077	1.9322337407917423
1.7845864046491307	1.829224987774638	2.236966163814747	1.944585128610969
1.6089456348393787	1.8204161434319812	2.0035401104769437	1.9469428153378088
1.3466109627907294	1.8017184122490688	1.716184510221868	1.937836701702417
1.6984521557742385	1.7976963084214468	1.9376789948999766	1.9378308504975998
3.915989016053617	1.8791494190228857	2.0738229806146338	1.9430600315953375
1.4671339867249453	1.863506691841689	1.8930844405192913	1.9411623514792522
0.9860947645151588	1.8306112892092261	1.7490909212896617	1.9339612074431387
1.1428292124285115	1.8051435322957583	1.7097356148558802	1.9256582498760086
1.1128178009599856	1.7798202990084646	1.7387530922654744	1.9188218928900578
1.8006574990734863	1.7805729436378934	1.748798705227176	1.9126774946111396
1.1320324063962688	1.7574153376920862	1.6089735113473833	1.9018327128964967
0.856307694459169	1.7256182001850484	1.6306849186938548	1.8922646800265186
1.4457316050080413	1.7158564307972362	1.5389175399996136	1.879940857023605
1.554206497531188	1.7102832095704406	1.6372517419862351	1.871573748454066
1.0595254454475564	1.6881025262075298	1.6051563971500293	1.8624928626775472
1.013561377633156	1.6653693179884708	1.434479031375362	1.8480678279773075
1.0274742135758022	1.644110102818063	1.4840147900704577	1.8359348463243284
1.3658089433095975	1.6349366214065966	1.352386683045784	1.8199962875478688
1.9348351842223694	1.6447137270797234	1.4581446996886918	1.8081987350781739
1.2348327527831202	1.6314938477358378	1.2695228630459408	1.7908249522177568
0.7598338962908666	1.6036798606847524	1.2510795406012436	1.7736019839141899
1.3549364966364652	1.5958259262315857	1.4218147545217357	1.7624946140707642
1.071057022817473	1.5794298085259708	1.3999173882113949	1.751166077647114
1.7793415741945062	1.5856112572079386	1.6825866731097432	1.749045148171433
1.7278404716735265	1.5899643716888705	1.5924058922639461	1.7442508197064526
1.9313056070075554	1.6003058963368417	1.4809560622663236	1.7362732341063838
1.3069894943310763	1.591507965217073	1.463342540086753	1.7280867762893863
1.1862234543762704	1.5794716418737451	1.4834402859165432	1.7208210624060936
1.3028089244431862	1.5713358811137574	1.3855765637925863	1.7109625922591905
