-1.0	-1.0	-1.0	-1.0
-1.0	-1.0	-1.0	-1.0
-1.0	-1.0	-1.0	-1.0
-1.0	-1.0	-1.0	-1.0
-1.0	-1.0	-1.0	-1.0
-1.0	-1.0	-1.0	-1.0
-1.0	-1.0	-1.0	-1.0
-1.0	-1.0	-1.0	-1.0
-1.0	-1.0	-1.0	-1.0
-0.9957061013642752	-0.99893305923347	-0.9520417553929506	-0.9880834154218827
-0.9920355282374242	-0.9973496023700327	-0.9200159959119879	-0.972457270008217
-1.0	-0.9979149858365283	-1.0	-0.9783326918632005
-0.9915928049528623	-0.9966555396640497	-0.9129015503718643	-0.9652981074070428
-0.9977885383786705	-0.9968672354459174	-0.9748295173857533	-0.9670790085508179
-0.9540433533813738	-0.98933359955283	-0.9559389451523473	-0.9651192347705861
-0.9568264003177422	-0.983930885558661	-0.8055658622436095	-0.9386013766249195
-0.9723820924597456	-0.9821120025557394	-0.8962805109269719	-0.9319360304924761
-0.9344757119541605	-0.9749829973738235	-0.8298334951276419	-0.9166558852403193
-0.7925974846708143	-0.9489827056406042	-0.7075784838957608	-0.8868504779736819
-0.9158172547183039	-0.9444689017628805	-0.6471894806431686	-0.8542326644255518
-0.6215957176717604	-0.9024300537978798	-0.24389032768426078	-0.774764650717009
-0.6995859400241835	-0.8771164059789025	-0.3304887243643788	-0.7193218563532988
-0.8177414844326586	-0.8700023332069678	-0.5013074857697857	-0.6932002431626003
-0.746138753614983	-0.8557308279183627	-0.4529269569230395	-0.6655160587981586
-0.3948905654822845	-0.8045949529327828	-0.3483500795920337	-0.6303225984787326
-0.3244039364361131	-0.7532104940239128	0.07861292017145205	-0.5544605504484064
-0.4007116795339055	-0.716788087577318	0.11370065846510058	-0.4854219142526003
-0.5016518133433939	-0.6952984423784505	-0.06739348707931991	-0.4436656712025734
-0.3616875579160589	-0.6630474519687759	0.211362304669388	-0.38034249949772136
-0.39285225748885166	-0.6377419754359366	0.509122864274121	-0.29703843710291244
0.9000831793851216	-0.49807208087211763	0.6070713850445815	-0.2149244965923912
0.6413804564882284	-0.3976224680340027	0.9661621438724166	-0.1108045695529728
0.38592520519572426	-0.3305185582226108	0.8694560412028485	-0.026853922797196006
-0.1634632974288308	-0.3166086979630236	0.5890958901840644	0.024433233240313434
0.5601701719199796	-0.2455739150960311	1.4257588510627408	0.13796569047280594
3.276270433923516	0.032259434913211704	2.109979554337723	0.2935351515933391
1.6628226833914344	0.15759829517759139	2.0443359486721806	0.428116519679004
1.7382173069384552	0.2760640677171313	1.5630009888414471	0.5131750612034123
2.0437957086030063	0.40532543100683394	1.3873712384345196	0.577098725806964
1.9682131547046837	0.5168894863247533	1.2645100879363005	0.6261683278127226
0.5914660256519413	0.5220894396731688	1.0951860038792192	0.6588707305886163
1.9468496113397866	0.6191754792189303	1.1033856202662404	0.6891609506410679
0.5303438298342482	0.6132569556168357	0.9938115968831633	0.7094598422253389
0.8625795103280953	0.6295083404977821	0.993540316800237	0.7279768183104016
0.4859925403699974	0.6203527119549914	1.01439904501623	0.7462496466948552
1.2411056644012617	0.6591303952579786	1.137019669605114	0.7706606933224884
1.0899699611781606	0.6854956596650699	1.02452296268602	0.7861959369342721
0.536559502337689	0.6765638076931517	0.9171407843949531	0.7940489554908801
0.5211754516452325	0.6674276905686483	0.8772454122311324	0.7989407929224732
0.14607828019781954	0.637363250243935	0.8639172951729579	0.8026876600697632
1.5773163062101503	0.6905451605278123	1.0260191453834877	0.8153236830786561
0.8324101223093561	0.6984233297910343	0.9899653389484617	0.8250220207052574
0.8621930996052787	0.7073528167146279	0.9162825474416909	0.8299980869314505
0.670537907288979	0.7053816447557022	0.8894393547099597	0.8331814757238503
0.543085846289727	0.6968428707836669	0.9544658607253875	0.8395621333873202
0.7114155623997915	0.6975963461427805	0.917445115204726	0.8435890430280351
0.5695561741852442	0.6910882513460019	1.0773520113555337	0.8554709660613764
0.8634660179566571	0.6997041742217456	1.1788419214208359	0.8716338652028897
1.1451963004921848	0.7216060765387151	1.1526396117725888	0.8854490979411593
0.2710991653265957	0.6998145599520842	0.9836311563521982	0.8901978855668677
0.3323649665650392	0.6823226577718404	0.8692123272547125	0.8891987422918424
0.35947585169649776	0.6671940522482884	0.8953598580732529	0.8894873530943448
0.21331502804248648	0.6462524045358711	0.8440288596064085	0.8873899011447639
0.21075897161303092	0.6264633761535316	0.8000413207972663	0.8834207408454935
0.8104551651196352	0.6346995812618283	0.8146793273922641	0.880343958357654
1.1398050778428352	0.6569773475600551	0.9187175310961688	0.8820366721442081
0.5090687766436799	0.6505485941023363	0.9925768834382906	0.8868416318100851
1.0704055765254745	0.6685378600076741	0.9303105602340398	0.888704516622379
0.6285233793022853	0.6668475253019701	0.9333360647083075	0.8905897734841162
0.8922243059934771	0.6762356222076595	0.920474326017221	0.8918345718865248
0.3732365410669183	0.6637870363591831	0.8785375269491635	0.8912884259672009
0.5892718605731875	0.66076709581749	1.0045452844789375	0.8958789219870351
0.9926353197425473	0.674038672505971	0.9749049046061371	0.8990393912791907
0.9807270143563211	0.6861422412985785	0.8869130501448719	0.8985613004477839
1.1981267808917249	0.706085260785265	1.0446116910432846	0.9042506164272961
0.5180788247680224	0.6988560019411647	1.1020147503949347	0.9118551145988361
0.786804595071861	0.7021951042656949	1.1354859948036453	0.9203455035640233
0.9796692849769664	0.7125982180652637	1.0917492552479753	0.9267719146204287
1.2052753192209171	0.7308410877110945	0.9354918487647872	0.927094567121189
1.0112583951322276	0.7410977725013821	0.9187890671621681	0.926790598235812
1.040676023027424	0.7519230615596482	0.8895593274935683	0.9254447635291909
0.8003297859342433	0.7536511910883203	0.7887431326251146	0.920563312912781
0.47022220702497797	0.7436497458267775	0.8176174200738224	0.9169304575762103
1.7400354977660077	0.7783996001146469	0.9248062680204225	0.9172047730278348
0.7445019370620887	0.7772307350899732	0.8097177335039345	0.9134988569644245
0.4509570437544752	0.7661098459428188	0.7851225695058348	0.9091230655360005
0.5531796489474938	0.7589337588067673	0.827629095298736	0.9063765146133942
0.68495545752428	0.7564682595124168	0.7811494087448354	0.902203054236727
0.4130397470177185	0.7451482943020731	0.644977789239414	0.8937243523832303
0.375448134253098	0.7330948897403742	0.712372440464961	0.8878115107453253
-0.03766282817595601	0.7082362758291927	0.6169049239620141	0.8790740389356824
0.207412790065308	0.6922553017986508	0.516475689729307	0.8675036451801665
0.11614706607339631	0.6740656240459943	0.5915255812143003	0.8587900073549581
0.10769874042129524	0.656369733593055	0.5283481039238702	0.8484654220627672
1.079178635543331	0.6694439708520528	0.5953074561775122	0.8406371540068927
0.17981663895264322	0.6544579824353198	0.6102301331391629	0.8335851051213319
0.2859706338166388	0.6432934211351238	0.575150253350527	0.8257548551925364
0.40287281139932163	0.6360818386351408	0.5367768011275444	0.8170867778040867
0.31085666961526526	0.6264232042664555	0.5692179319629602	0.8097254566289747
0.5607245225653643	0.6244914571275832	0.5066496746838296	0.8008131666119933
