-1.0	-1.0	-1.0	-1.0
-1.0	-1.0	-1.0	-1.0
-1.0	-1.0	-1.0	-1.0
-1.0	-1.0	-1.0	-1.0
-1.0	-1.0	-1.0	-1.0
-0.7694933787904938	-0.9147566929216663	0.9265135010762526	-0.2875589382157573
-0.6013043000761182	-0.8114064485582094	0.9311081063560069	0.11425496365102483
0.21730882379139316	-0.5054946206321221	2.761061587916149	0.901342946709454
-0.7394534654767935	-0.5688401016071298	0.8074251990854624	0.8759142073720514
1.4576400103676024	-0.06530365073445177	1.4668232115574193	1.0227422520143903
1.1817281838647018	0.2209758250496494	4.3483673358869135	1.786201670296336
3.2582652241404695	0.8688912444450074	4.398686198806586	2.3434976400415426
0.8321806147298163	0.8615781071712849	4.973430349381231	2.86740869993527
0.5473445234062848	0.8028649573195465	4.308237118185405	3.1366214824811243
5.8247834864566315	1.6863271366981825	7.158914656105951	3.8442279927881096
8.63992687357712	2.8420205624937096	5.000648417186156	4.0364261259376555
4.469852112046967	3.098396667520606	5.846595613985081	4.32151962724766
6.059618223292804	3.541558319959285	3.8538445539508404	4.251529790602073
2.5960633516749803	3.4067717254916756	4.157006106768508	4.23805482635332
1.9595775928780843	3.2098079142094207	4.379430660934235	4.257295111468968
3.9034076039180174	3.3001165074079957	4.067740047261166	4.2326150427292255
7.692161378137747	3.848215628151607	5.457048155423179	4.385416673134234
5.149616305638937	4.004144070766688	6.843353821714914	4.679916406149532
5.258929421857294	4.14871985893865	5.4902990018261475	4.773288414479487
2.0692994782924403	3.9179834865513854	4.363006940019971	4.727763918738893
3.6613519312521134	3.8905227907916204	4.276465038144577	4.679472359645682
1.585017881392551	3.652304829888398	3.68370534556884	4.576584744770798
1.5163184824653593	3.438944622571511	3.9312161802820116	4.512120427125731
5.286295305411083	3.6175322962554795	3.7592641923850527	4.43934021451769
1.7793783699297405	3.4453774325803304	3.979683180991233	4.396290676246892
4.585491080065824	3.5489265830991705	4.0531313873088255	4.365124379637534
2.7765062359391863	3.480833872326204	4.650040323726044	4.390242504118918
5.36282063920086	3.642009574186785	5.022082571311677	4.444354489213377
5.351476743450839	3.7843500505331615	5.891629659825688	4.564863573546827
5.648309309247975	3.9353646298037193	5.854969563851425	4.669385809289357
4.6379317238309925	3.990790122440509	5.014123841508744	4.696582775291703
11.8542475480702	4.595239933785474	5.085363403966715	4.72646783953188
4.368207225354612	4.578224996813756	5.692771618462428	4.7988920587191535
4.028090716022807	4.537998269758021	5.812457009827759	4.873007314534809
5.532084924813522	4.608959302996681	6.144951439829194	4.963802741524453
10.837961753897389	5.043277213273645	5.994757235343777	5.03568640709266
8.059105958459005	5.2487809027960015	5.85064120486279	5.091218529593078
3.4838600264704516	5.131186028395868	5.424135643011765	5.1134005909274824
5.521379682469589	5.156618983538877	4.904752964553873	5.099800016182505
6.496371257862135	5.242090309618316	4.608614378754612	5.068464414834729
3.520961295066165	5.134575235539125	4.370026151323789	5.0248351343424655
4.183711133560196	5.076388199653087	4.484619759246271	4.991777508603722
3.4586716268499424	4.979372443769198	4.098596233562295	4.938213289856906
8.877667340357533	5.208578904318922	3.983726619348701	4.882093404193493
4.256377284772642	5.153669821704058	3.6707710065029726	4.812241627162183
6.133845339658315	5.209127810472667	3.2342601201343593	4.722961013620497
2.0295643549030404	5.032560625958261	3.1536312729500704	4.6358137643005914
2.798654815443351	4.910761647908747	2.6665264662825625	4.528442589039367
1.6003991583900352	4.733491872226054	2.6617173012515027	4.4284798495719375
2.4312645986747787	4.612368653828096	3.0177246425299433	4.354257961253324
1.2517238183425605	4.438607714781509	2.74016011247394	4.270801508049101
2.2171450321035846	4.325693106581835	2.6771891254191513	4.189799701367287
1.3349963231832347	4.17621170586436	2.8154250744183824	4.121105395280338
3.894580541387149	4.162365428502518	3.165677615176702	4.074133207741356
1.5518064143466734	4.036091038732236	3.044022435885198	4.024306063712424
2.5638548682483275	3.9660082100224496	2.971252392736396	3.9741777156222238
3.1869902649875046	3.929503759497905	3.2360191309505346	3.9395879283790887
3.6539498674777304	3.9167904074128295	3.015782071303387	3.896964665628248
4.236532968926718	3.9313209111909373	2.846368985882409	3.8492260156650895
1.0672853714947652	3.8031192273911714	2.272366418624793	3.7786415874753363
1.7022717003528953	3.7104623781384873	2.6308684191233076	3.7280197577719694
2.753198485880527	3.6688545584392127	2.8292434043758687	3.6889541447165213
3.7186655994211	3.6709892185980992	2.6195059720895166	3.643134021115676
1.5421008033047436	3.5810608977112715	2.3637454805397797	3.589090034038457
2.998943050526836	3.556812526375464	2.318369998284888	3.536157703655042
1.5357134882178407	3.4737759978397635	2.946100255903112	3.5119155942882694
2.869511257437689	3.4492857958258787	2.5268137443932757	3.4719900187373574
2.635047886970731	3.416725588979718	2.5627084194623606	3.4356290161099796
2.696553697611455	3.3883049760578396	2.8754232578625514	3.4135212785077513
2.085105913933109	3.337543807844056	2.3621485912417306	3.3725691467511414
1.993301457871485	3.2858541143860736	2.5916327107844848	3.3425397342268006
1.3812641612492125	3.213544820319732	2.240827094339971	3.300712159726328
3.903998858819749	3.239431130337711	2.618886114380765	3.2751498449804624
3.167891164993331	3.236782329097185	2.8131208315589284	3.2580417673123927
1.2511902335282437	3.164154677213215	2.7021779729113176	3.2377093199859157
2.7986040753545236	3.15094378453996	2.7104190280061444	3.2186537278802607
2.7995849939856767	3.13839714317555	2.9494741667837094	3.2090413912118825
2.309455138110137	3.1091459134536485	2.667764221344555	3.1899408052187503
1.9492231350904947	3.068691764230123	2.589100391331471	3.1689854094157335
2.8371724548819715	3.060710057129227	2.636167189920952	3.1506162176458847
2.112227426551143	3.028381352858525	2.374071469936209	3.124147794851618
1.4059403711204008	2.9737027628091113	1.9911616652455097	3.0859642884539182
1.325531515729828	2.918774173598442	2.2998868020178422	3.0597663992999555
1.290453196353003	2.865103718288281	2.284409929777046	3.0342102773000343
0.993530682220279	2.804085251650266	2.042497673040124	3.0018772047930966
0.8225481120966884	2.740176440388739	2.041482139378081	2.9709021657929244
2.710580419682997	2.739231555937605	2.2819790158222917	2.9489188580515786
1.9737315890278269	2.7150623601004225	2.286988646875729	2.928019703912341
2.4471085815922224	2.7066905109109065	2.2605372196792954	2.9071648019635297
1.5374248996479851	2.670533760195151	2.374986882503152	2.890708238178545
2.723049328175388	2.672140823979182	2.44593717584367	2.8770949040735716
3.5243054905683024	2.697959657724309	2.745580803831549	2.873110375723773
1.4705061765482697	2.661142398577501	2.520985909016848	2.8625486154205646
3.13104284223688	2.675097240631515	2.6268368979866197	2.8555481997731564
2.8742496124244608	2.6809534696365374	2.6468046464921176	2.849409471336648
