0.6034186726177155	0.399954599068991	3.319320277581401	2.7712248152755
3.542897205587505	2.60695962533953	2.9982136912104393	2.93061863395882
-0.7693069840261243	0.6586463287926538	0.2346371228860864	1.3748716483081318
0.5049674973115403	0.5837702797014166	0.7495833320134424	1.0702155022432582
-0.1640275741860675	0.26916230763766147	1.6828435988568993	1.3279556807639663
-0.8439714025034047	-0.14248409590371658	-0.39892822669111583	0.6893391670549427
-0.727387847697339	-0.33533620922835083	-0.005866541337873676	0.4601187720783222
-0.8348415194685141	-0.48387549594147694	-0.29592941749116963	0.23529053937034128
-0.8499458174310848	-0.5829907741130609	-0.5488670790323744	0.022976144850445746
-0.7513346485714335	-0.6248205836806981	-0.49203220407472703	-0.1049922906463776
-0.6155467986988286	-0.6226916017249313	-0.1528192223938315	-0.11597183109945441
-0.7122258253056217	-0.6417910577441632	-0.15237196537256636	-0.12373669799451803
0.5767052757632243	-0.39905320671640276	0.06231348413935933	-0.08667334458494902
-0.5876252000977574	-0.434287112595812	0.13912180332857793	-0.044484591030187426
0.0020563163074174273	-0.35752511160268907	0.10308474557840563	-0.018524152165926955
-0.4795327075395269	-0.3778029041872498	0.06715551519307272	-0.004284230987908422
-0.61284156743901	-0.4148203966467454	0.3815522864033354	0.05648341782962074
-0.260202435706429	-0.3916810660341493	0.5640513347220761	0.1324434479401695
0.44241232141501863	-0.27277541836418573	0.394453055831695	0.16979473935549616
-0.3018081233291193	-0.2767268072888217	0.2618179616256655	0.18231904663755238
0.22099729784101174	-0.21192206911849265	0.4561151484815025	0.21796786532563894
1.4919397936162877	0.0007091329729054241	1.024669557209756	0.31863924691050194
1.122726371185597	0.13514478083231474	1.336308967800965	0.4405724592778175
4.212264626341213	0.6049083905329506	1.6678635819321448	0.5819804204842949
0.2872364812842423	0.5696591498350059	1.4000775043419647	0.6727589104614016
0.7705097511364578	0.5911523268286107	1.1788665172979793	0.7269171982082054
0.49520739880618914	0.5812389944793801	1.2863967019841787	0.7847263618291409
2.147116354250616	0.7376523085981626	1.825889053739993	0.8887266908556237
0.5439523219058078	0.718926974792627	1.7900282584703806	0.975857686770939
2.655605904258636	0.9003092565099269	1.8020759668088555	1.0532381842453562
1.8828180255570421	0.9895441798615547	1.719591611990257	1.1137588837718293
1.4572371547908975	1.030774126552013	1.8881188997414613	1.1820233571734495
4.217363022519975	1.3036762325445044	1.4501355011380843	1.2049846197644358
0.5244077790725019	1.2387904512685224	1.3316323919900634	1.215530342037105
3.5836794965369307	1.428768690995093	1.1981216827781522	1.2141200997642887
0.835755888861266	1.381986962822105	1.3818890181897658	1.227355342409913
3.0217640947140483	1.508034257361365	1.5069157514757134	1.2488450527571442
0.6867337295939642	1.4464790136424863	1.2579512682056797	1.2495277020685145
2.1778514950724093	1.4999590637021214	1.295525671616959	1.2528913202360226
0.7876557032657812	1.449112332670639	1.2893604702539512	1.2554945232854613
0.5637961200311952	1.3873834911785812	1.6158783545921618	1.2806220446933017
1.6310272244944093	1.4039862561231051	1.4292821684750234	1.2907524148147664
2.061078392320519	1.4477678767300102	1.6505658428568903	1.3147266164783202
2.0178643340188493	1.4849278893542084	1.4194399443094032	1.321552079787851
1.2102569855037375	1.4674051306901772	1.454768166110024	1.3300509805458258
0.5569283504927396	1.4105293533709466	1.4117046641984428	1.3351518460236038
2.5866402228799714	1.4825008388231038	1.5532335815890774	1.3484973186014435
0.6075755224719808	1.430030558950833	1.4707445023117707	1.355828988018704
2.8686470048363306	1.5146162889044215	1.2865682827591591	1.3517568985172246
1.7794920639505065	1.5298915545006384	1.2569454557306865	1.3462901189621577
1.283530023966894	1.5159530963282797	1.3991160090092172	1.3492794620148971
2.0921737764628907	1.547952372512428	1.3974769442499486	1.3519563768660725
0.832385159079188	1.5089377565149844	1.3229703900865868	1.350376377132462
1.6195489612707856	1.514861106437983	1.168091899019724	1.3406151221231197
1.417979658610507	1.5097641719712898	1.2165870010117619	1.3340899600667209
1.0331241510112177	1.4851195420056316	1.3034876675206846	1.3325075212368303
0.8442969742692925	1.452547210717738	1.2966195841075536	1.3306832458788405
1.8608218756023005	1.4729533977231917	1.4737719779769032	1.3378349165316346
2.3244125476696818	1.5148131538612133	1.39278177275988	1.3405357989635691
0.6751540518841472	1.4741985188754256	1.4356284551363991	1.345135776449362
2.1777974481494025	1.507692338914993	1.648512286727689	1.3595776780887232
1.7670133920919953	1.5198442789740056	1.5840490712199542	1.3700965564128937
1.4210544409911683	1.5152861935774329	1.4754781505618482	1.374958782710483
2.454035062654295	1.5579432820426735	1.4398086682626614	1.3779055167836418
1.0747416878277543	1.5363137820993966	1.2861986401344523	1.373800311703115
1.1259456521813207	1.5182149099710651	1.312586596757948	1.3711007752022049
1.3013662985862262	1.5087896549472535	1.349870436794396	1.3701782054725387
1.222375482500056	1.4965182823632777	1.4579675421786225	1.3739395885331702
1.6039945470431407	1.5010583483298006	1.3740194877690306	1.3739430315502559
1.8954277210707504	1.5174859127154314	1.5576947786582584	1.3815972480571648
2.488732013820688	1.5573893365377205	1.6164385752972734	1.3912455577083453
1.2102623326644149	1.5433206598060845	1.5933015265015125	1.3994353161570836
2.455304824867967	1.579791227440022	1.500554893862295	1.4034794439895721
0.98325908226726	1.5562501395909814	1.3465338746662345	1.4012325502582423
0.9582430665270196	1.532957115537188	1.2534623573090533	1.3954769455567986
1.0990528124682322	1.5162725854187231	1.069371418110638	1.3829375213289876
0.5048556525592005	1.4778733771919028	1.0970453265057065	1.3720833407383286
1.0200007524738663	1.4607071033691827	1.0986244424816838	1.3618309732783107
1.1482160821282665	1.4491360045381847	1.0720066132176336	1.3510991888009674
0.7799396214221288	1.4246584923625312	0.8956404170264693	1.3344395795366313
0.5868016541941372	1.3943809139818977	1.0015491188211154	1.322409709908202
0.6184082307820562	1.3666734652364325	0.891086430186055	1.3070084820617605
0.8323695850224091	1.3478195070580479	0.8746165512783879	1.2917506468557112
0.5982678007376618	1.321677452299026	0.8491061278827507	1.2763123595822043
0.264622097839722	1.285234613586661	0.8361252139512745	1.261136395262338
0.9515374224179785	1.2738605536903562	0.8594063219223556	1.2474435169359763
0.9340835509630316	1.2624096188207155	0.9171363335953728	1.2363117264242511
1.1372696282921466	1.258238922878002	0.9867950102684935	1.2279959644171297
1.456378651688	1.26476952336938	1.0802741868163408	1.2231267691641752
0.5477982049183285	1.2413942364818151	1.0395495363779648	1.2171413945524847
1.1522807898746938	1.2385197340908176	1.12445630124287	1.2141517046180428
1.5375021062240024	1.2480595280699136	1.1563187234555588	1.2123059369959606
0.9055023313655508	1.2372438105099355	1.2307005819261119	1.2128866174035102
1.6281863207904608	1.2494584914297788	1.2666136998164763	1.2145652113212737
2.1591696488061776	1.2775888786377916	1.2462592129200045	1.2155452258939428
1.7914185903674413	1.2933154219550809	1.194474466534563	1.2149001509434671
1.6443666500999847	1.3039512821237036	1.240967389611336	1.2156897320517084
1.0002720632650415	1.2948421613179804	1.1783458654054342	1.214569299244105
0.9319555681036698	1.2840651341049645	0.9806342265824715	1.2076218779381316
0.9665734620732955	1.274728457661947	0.9828618819317827	1.2010121545513086
