-0.6048225488940684	-0.6549681547796382	2.5976523042877537	2.141132191464398
2.8864859440451993	1.8318754238860486	4.328313788947052	3.676992348362144
2.1520786330025294	2.0166521966228195	4.484561264107277	4.143008966924916
-0.4586917403994062	0.8106017717264065	0.45726470954453613	2.3472208305598263
-0.2618530462491563	0.35940664875229333	0.675946972357077	1.6440951079911286
1.9114821915286382	0.9333771189291322	1.603356026073028	1.6290291050209813
5.512931678208022	2.4433292171544316	1.6346563643976246	1.6308843679042728
6.74971304756701	3.7239295109381017	2.7531842156044877	1.964625335832583
-0.2632533762443684	2.644380686459748	1.0666702557002523	1.7214995555657935
-0.5639152351368453	1.8471884943008288	0.7308511311291712	1.4753449502415945
1.1228366430679295	1.6808998977114729	0.8923843982625719	1.3415153781937739
1.1522725076730866	1.5681328908688128	0.8193266505328565	1.2301218812970984
-0.2734620611030567	1.2012673374557323	0.6066531029559974	1.1059202866638023
0.30994291097133386	1.0347272714333369	0.6553490847605361	1.0217330938904676
-0.29266807802497086	0.8012099454782124	0.5018552630067292	0.9302753263069345
-0.2666121183160739	0.6237371172695956	0.6373668302749236	0.8815935607666376
0.3762615737005959	0.5847609242435516	0.9964369848815988	0.899681013311586
-0.2943447610698914	0.45319838950111446	0.6253117810526381	0.8586203131327379
-0.10110167966345951	0.37417919272242184	0.395997465968948	0.7926702987113559
-0.05668736005004449	0.3155381325200659	0.7887124368837635	0.7921314861249482
0.47983424322921886	0.336929918345932	0.938687443152912	0.8112134881396915
1.6928408954834362	0.5061393188011214	1.1226684699585623	0.8500814540347519
0.779234442890467	0.5388606286330324	1.430528868694104	0.9196284780925224
1.1094493984810936	0.604603907409847	1.3990379908567352	0.9748662014248375
0.3878677279126084	0.5805545354867456	1.2081314396377705	1.000750073011277
1.682302454616151	0.6984509036286479	1.564954617258679	1.0611248993481484
1.1255054929240589	0.7425771671588115	1.5223299768583378	1.1087798769903956
0.8554236296425795	0.753849426302811	1.7774142189333704	1.1755690593762456
1.5699031358508195	0.83273895372033	1.8804349497710584	1.2437097832344
1.73836431973684	0.917556715807488	1.7358303270229425	1.2898001347846617
3.4159269055378045	1.144466792512568	2.15587358505104	1.3684598922376527
1.0702388458017746	1.1379235183930976	2.101496271514056	1.4330819418786445
2.327001963599445	1.2397575037529558	2.059256612893859	1.4867083252227582
2.0158483937644296	1.3043793290805383	2.102307724782959	1.5379667908601387
6.94774756238769	1.7615947238830123	2.5066162004450208	1.6164454819283711
2.498394450907086	1.8197198301409196	3.0156975708828897	1.7268304696443257
2.1628033196500063	1.846092377620109	2.722858258684589	1.8033936942562208
3.971139387451439	2.005362497871875	2.081928115824477	1.8242699286985569
1.1685547172798172	1.944173099391604	2.3963708913696236	1.8661037398028975
9.297621520461261	2.469087309431388	2.2437274947382257	1.893059758383563
1.6553298375487282	2.4123480897941727	2.017771868087656	1.9017553562877385
2.685071058257893	2.430932208982429	1.868055659490882	1.899459198426126
1.3672389072590856	2.3600593337925395	1.6546475812304098	1.8831476081306597
2.058713119466418	2.340417030240156	1.6933755682261502	1.870777916070177
1.182965377335536	2.2665762065910493	1.7425934057597847	1.8626004659019473
1.5755591946827554	2.2234100337848823	1.7576165226997351	1.8560427539050712
3.238609510288141	2.28553472700653	1.3865851161879914	1.827314721933952
0.817172076271083	2.1974755648878657	1.1934369950439878	1.7893009153689658
0.6971282533885492	2.1092608704049103	1.1213460728189872	1.750027935972792
0.692828821162659	2.027580217976517	1.0081913142566217	1.7072488170277693
0.2706099627979015	1.9281726527508298	0.9261604631899305	1.663056030439689
0.5049536399440888	1.8491384381434002	1.038545924947337	1.6283758592208408
1.3976237080089025	1.8245206278437536	1.013555344301032	1.5948540858286857
1.7301225004990854	1.819466519170883	1.0920261726240823	1.5679283170404408
0.6788134591803838	1.7594551184231824	1.0104529147629822	1.5385985148968717
1.0649976180507488	1.7235485052679067	1.1769211180375034	1.5198981719327649
0.9608403632829932	1.6847810854909961	1.038882424258753	1.4954488336518224
1.062683259250211	1.6536871702588596	0.9300477610586835	1.4671887513857902
0.9304519682089563	1.6181309056638908	0.84170975126446	1.4364384783750443
1.4488356846543615	1.609942172609784	0.7174752556200175	1.4016619084365765
0.6997649968957314	1.5666147846829799	0.7800879118121447	1.3720729619711367
0.06619403343217756	1.4963055245129695	0.6931180925985696	1.340257513131792
0.22190096508852553	1.4375054872507125	0.6317927019061367	1.3075694978403272
0.854366294917148	1.4110072499725335	0.5826194207705546	1.274627323273747
0.46123035221408304	1.3684930323944204	0.6188779725508742	1.245274560794476
0.2629710638427931	1.3197344285827621	0.5888325330919639	1.216322444167107
0.33894937535072334	1.2771039626070442	0.5598372394938746	1.1877878941609232
0.1499094177438105	1.2288094906260065	0.5463350548581003	1.1603050908571757
0.5768901669197237	1.2012713543691573	0.6746472631166212	1.1397901473593226
2.034724363636862	1.2359890106670202	0.7275493399659094	1.122618041214476
0.7351486771938474	1.2154123623843471	0.711988876700232	1.1057477103273308
0.4328448128972353	1.1836950185420987	0.6327523135902515	1.0865773309648503
0.09247682388984058	1.1400576594172125	0.7074401226917668	1.0714160538497568
0.4044785713817809	1.1110290595034638	0.7101705208962614	1.0571601066624763
0.2521795171988337	1.0775756990387353	0.7568985896391642	1.0454646016340865
0.9614391069984833	1.0731099997322988	0.6800431337360351	1.0314133323916472
0.37730371314965616	1.0466931585709771	0.5761110059892087	1.0141273811205904
0.30719329495333025	1.0189681770530656	0.5920953639555637	0.9983046384633496
0.7582013437208426	1.0093123130475363	0.650490733296621	0.9854255466835526
0.5020373760974444	0.9907576462103738	0.6576293748935587	0.9734357058838377
0.6716083441491765	0.9792244839601394	0.7087278803741563	0.9638698704471516
0.7349484419321983	0.970501947354748	0.6775560514327477	0.9536463188064159
0.9434791368026532	0.9695479839455263	0.7473675261506363	0.9463670617933622
0.24503675188763774	0.9442795147491929	0.671723658310192	0.936788337639074
0.7895094315377871	0.9389433971661516	0.7828844906793064	0.931482085297292
0.5759658453457066	0.9265713333006165	0.6958880209657852	0.9234517364435431
0.7963980079130937	0.9221842958154802	0.6612287735974791	0.9146144770449998
0.671142704368171	0.9138176533416256	0.6494183125599007	0.9057761108635636
1.3862204119773414	0.9293878536319962	0.6706196056241918	0.8980248332679139
0.36846483100373395	0.9111002988382526	0.6089863857546238	0.8886013866390945
0.2299335288507236	0.8891310910896999	0.5521860801062923	0.8777510645644493
0.3965448613890197	0.8734131445378748	0.5441416107563737	0.8671059105313748
0.24787409774514835	0.8536628318908706	0.5200460205676543	0.8561480752357349
0.9285276352392493	0.856001685806542	0.5704071208554962	0.8472200596013348
0.5515385190149316	0.8465869412185716	0.5791725668200185	0.838931374398711
0.46928245578817185	0.8350387974272035	0.5680721487151421	0.8306411927973925
0.1609970799433067	0.8146168609836537	0.5874973745545429	0.8232745628052207
1.2607121543342412	0.8279971071862178	0.5773502581929848	0.8158978299295943
0.19309838073087038	0.809141844112006	0.5226133285768741	0.8071878305321885
0.49457276468638534	0.7998914244272173	0.4545827098907014	0.7968188847271438
