-1.0	-1.0	-1.0	-1.0
-0.8860781843761687	-0.9200029831434845	0.1236972642766705	-0.21092875407827927
-1.0	-0.9661661775201797	-1.0	-0.6662713497638166
-0.6225629860062412	-0.7987539455461815	0.40491478734163255	-0.14436214868848107
-0.4215468837209366	-0.640058165963978	1.5919181300054275	0.5861129096427682
-0.36589212151076766	-0.5386692509453352	1.0271736024714633	0.7492208087597974
-0.7245126651732815	-0.59994480506754	-0.11099645078139231	0.46559339123308785
-0.19354989137723833	-0.4790941041899459	0.08833378607494202	0.353406582780434
-0.6846565629407022	-0.5347511191009948	0.18866425074826698	0.30880181260899686
-0.5432799358882481	-0.5368703240612571	0.29785687053548315	0.30608229277625654
-0.14022854457213108	-0.4458138290655236	1.0022053487331468	0.4658902631221482
0.8641815271185769	-0.1663655737544002	1.0157577213008864	0.5831878283630294
0.8429114109164719	0.03469350024252704	2.064200081443683	0.8782217936079801
-0.09198871884332394	0.011023453552165163	1.8268553279312765	1.0554698515951437
1.8473509405761308	0.3340725667874733	1.4742113153163414	1.129135254733702
1.5434764134515482	0.5350759694575802	1.8676940164000269	1.2518838428822323
0.774170379991431	0.5727323729376723	1.8068805232669929	1.3392934952104882
1.2532781842717293	0.6745794978419242	1.4072032172454119	1.3494565817998825
0.2998842168968938	0.6211643987416828	1.298705927454321	1.3422221078565584
0.6195210138943543	0.6209406198137042	1.1141629907307267	1.3111830894063363
0.5989768482486935	0.6180809116221531	1.5577551255507132	1.34328734278639
2.136570924200834	0.8075789909726996	1.307273340215497	1.3387933139724462
1.2552550764631296	0.8612178136730853	1.3747313827353742	1.3430994653399835
0.37832916667786454	0.8055797661978326	1.017782154275341	1.3056167103032816
0.3091265082704866	0.750492427531178	1.2264294945343024	1.2968302836353423
0.9553225886294854	0.7724114733752834	1.1330894632510753	1.2793092774578727
0.6601499994740159	0.7608124928212829	1.5210778270103011	1.3042910680068602
0.5438270436126877	0.739137990108242	1.665038604922639	1.3403253491947562
1.8107836952026561	0.8427362648635439	2.0228841240910787	1.4063097048853463
2.2118069777415164	0.9709588127855193	2.051454676170631	1.4667318989660885
1.1515705118291515	0.9873628596518225	1.5429864800000828	1.4736579739668443
0.40618184181552675	0.936128252890976	1.11749339999893	1.4422598784005958
-0.12482100232105109	0.8452676755527837	0.8844131073130126	1.3944855225845698
0.2739214525602549	0.7976945435409066	0.9514598103263374	1.3575971302610443
0.44257952745785056	0.7689239523297684	1.0308302972216419	1.3311232751506124
0.8334377224008573	0.7740135601034825	1.1471244405963157	1.316608134517248
0.905965022770794	0.7841567195473851	1.370653421995458	1.3207628633409683
0.4762404514756895	0.7610790629259014	1.2926714766886414	1.3186578380333662
0.2580188825044931	0.7242938977861271	1.3021670822629914	1.3174518366897519
1.5463042401114953	0.7829717361489352	1.460923249355777	1.327693238265018
1.2073694740579786	0.81256292171625	1.5269588143194985	1.341587085221684
0.9075406957877952	0.8190351221301735	1.7429073613407104	1.3689341454769983
0.9122511225548147	0.8252460664870249	1.5349232627112688	1.3799939089554196
0.3285205103166131	0.7928686506438929	1.3426458798799477	1.3775596318994023
0.6543644510251849	0.7840327786102514	1.6668288133314868	1.3960141764979084
0.613889683720032	0.7734045421560862	1.4771152260853313	1.4010808683049043
3.476539192586114	0.9388223221936649	1.6186384193512242	1.4143948683412226
1.1380120465164083	0.9507679826916502	1.5026590631219423	1.4196881648512556
1.1783654822585494	0.9641499532483149	1.4933035927127403	1.4240165594342047
0.9051336500330951	0.9607468015359972	1.5361423303772521	1.4304826033961375
1.1409559931001882	0.9709431772847721	1.3710368090590204	1.427119528907801
0.9285473965167592	0.9685892992671166	1.4741045188904387	1.4297292809565367
0.5518633901105303	0.9458685117844661	1.2271718149027433	1.4186857917399225
0.5691842437995212	0.9256974608693178	1.1896623156500272	1.4064221532393706
1.3955924848645096	0.9504193170878017	1.6166658542824117	1.4174834612303813
1.1455374194670473	0.9605074429335185	1.5361218331129538	1.4236171625889922
0.6432262833851603	0.9443803018127446	1.3836217909717785	1.4215840580337966
0.8191781615032201	0.9381223375813057	1.426470107635434	1.4218281408756916
1.269544582231438	0.9544159833162966	1.3516856401916169	1.4183795911514387
0.9761449147063406	0.95546696385214	1.6664346488265216	1.430378085514517
1.4560235505899852	0.979295297738412	1.6107713391313685	1.4389656261522084
1.2555214537324257	0.992239328529466	1.5370908996915928	1.443563902161801
0.9489677325241566	0.9902431748250964	1.493387944733755	1.4458632108183593
1.285853181463405	1.003675789947084	1.5890721772650327	1.4523706442493807
1.902555221259902	1.0439119449886967	1.804821104735025	1.4681472330851078
1.760100307708699	1.0754991759858679	1.914088525520243	1.4878153285281348
2.367628334418807	1.1316626005253072	2.00625370974429	1.5103497427313242
1.7480524095570669	1.158071974573463	2.1392155712151926	1.5372936732354425
2.534739880221337	1.2162253855864291	2.1683116125935156	1.56394943442133
2.1363952092736844	1.2545559154062182	2.26520922718351	1.593161211503777
2.3088266698969697	1.2978707998309273	2.117020730866827	1.6146841598440709
1.478469504148637	1.3051904082430466	2.1708129673461016	1.6372239784945344
1.7920701623862856	1.3246609131091147	2.213890680210472	1.660285087523922
2.0569282469539574	1.3535592816094457	2.010621226952879	1.6741109974684698
2.2087509290772305	1.386870979842624	2.2710903038486743	1.697364961453049
3.0233475550377644	1.449797283748567	2.3270863212860236	1.7215792355543873
2.479470244756838	1.4888894464328457	2.4674679128631376	1.7498973307549273
3.048962742803795	1.5473787988716645	2.393658928876689	1.7740329465967482
1.8097264334863379	1.5570929525795476	2.31451716017654	1.7940460672356267
3.432575650486239	1.6256925788593977	2.1308724985162595	1.8063660706176545
1.7533235115851653	1.6303040248503007	2.0448230145053556	1.8149823194321324
1.5703474317831825	1.628162650113555	2.094746545072078	1.8249710972595166
1.955083178926678	1.6396982430370088	2.1136424867031955	1.8351569903019596
3.336380614737985	1.6988718269699774	2.0454178153107323	1.8424896922138094
1.6334201535363535	1.6966150620299056	2.010901826132975	1.8482954984827948
1.7080418047112582	1.6970042977827506	1.9589486898384343	1.8520667480748294
1.1790343143512416	1.6795475720193265	2.004133513582841	1.857190831013368
2.1669631928426094	1.6957909636705386	2.1600603007578885	1.8672838906219513
2.52262324157894	1.7230433586250458	2.2545883469639136	1.8800491935026713
2.2945886088891614	1.7416768492513257	2.1340263420196197	1.8883291836503058
2.1620684306064906	1.7552352399177238	2.2989042100443458	1.9015709664016778
3.2871423376939486	1.8041167429082825	2.2112067336042176	1.9114510282750135
2.1348691225895178	1.8145592762884655	2.353741334745851	1.925415146404573
1.8488771254929097	1.8156315847334485	2.039787532532011	1.9289887166694206
1.7509449897676856	1.8136308784049926	1.8962735671312987	1.927976620477994
2.8439641335597936	1.8451666204115682	2.0236921210512406	1.9309064940324254
1.4155644751357017	1.8321504100534267	1.9529569301298535	1.9315743419602511
2.161935563111987	1.8420417989693094	1.7964788525932711	1.9275217212048195
2.0688011980117995	1.8487760620706846	1.8455870904943583	1.9250883828894838
1.4878502777968947	1.8381618868104637	1.8126954204162105	1.9217827384264998
