-1.0	-1.0	-1.0	-1.0
-1.0	-1.0	-1.0	-1.0
-1.0	-1.0	-1.0	-1.0
-1.0	-1.0	-1.0	-1.0
-0.9345627657059591	-0.9724697291082984	-0.47446530694357636	-0.7789009175140502
-0.9282526383283386	-0.9561178821756627	-0.6232245036855443	-0.7213305102009393
-0.44350653003482665	-0.7871018095550453	-0.15023326507807266	-0.5330307522726438
-0.4644623104163377	-0.6911576721274807	0.5446863673963869	-0.21254721749266503
0.1498161692078277	-0.46346008161302965	1.8278792910306882	0.33990777506935066
-0.0354200219245705	-0.35710141744684176	1.8946748319631523	0.72623366956167
5.3659868523564125	0.9567402727194751	3.7070009341990673	1.4105243813111619
0.5376551370347704	0.8673408782508363	3.393662615348185	1.8335677642107906
-0.05688288309633516	0.6832255602006698	2.5047373191777322	1.9672721350004765
1.6146705978701115	0.8572624226980681	2.190415529481053	2.008965947562322
0.9377435752236647	0.8714205553042391	1.4599900122887473	1.9123890381296413
-0.2523582912808574	0.6846476712017775	1.5231758740822552	1.8477012794834509
0.7787206804330915	0.6994636389136528	2.4431804095155085	1.941486351634118
0.9519467884866233	0.7372489857305344	2.1746565052461806	1.976381403625774
0.4099923314393301	0.6905963197127287	2.067749305301674	1.9894063979037786
1.8741946349149718	0.8516839138312482	2.2703039472499733	2.0276362882662835
0.6356306769306923	0.8235536751775223	2.4573802561604308	2.08359065983
1.619060685590453	0.9228282432917949	2.9463363588703597	2.1912564124428733
1.4051944026769658	0.9806238299582264	2.6178098161917194	2.2423650286246577
1.6858035564183216	1.0618747679840745	1.929222788790549	2.2062856427062587
0.49312089488022903	0.9987648474838344	1.8024326725065336	2.16147372534932
2.4861194174614547	1.15792469742797	1.9137065409328566	2.1349612649038407
1.3187208560022148	1.174539491802801	1.6423366100074754	2.0840607840545897
1.7652378295164857	1.2335436802829252	2.1687977272448435	2.0925252693293497
0.53240721703563	1.1657630518060373	1.7188817611188396	2.0564039762746757
0.8309992237830863	1.1344104618040904	2.213852167179678	2.071150399168129
0.9511003979686363	1.1177615171457207	2.3031570483561254	2.0922216792383805
0.3280275158519712	1.0481418802539006	1.8154814990298287	2.067825611977365
0.7770686616737963	1.024927248224353	1.7639368473359478	2.041800805343882
0.7813513155902498	1.004645894011805	1.8881943769204423	2.0290108298661957
1.686874959634296	1.059919280221059	2.704759696291685	2.0837594502247314
0.8477484792454248	1.0431816754091452	2.4085952869601086	2.109385684287746
19.21126077101549	2.439732382802046	2.3657304678607827	2.129091140627018
2.231125236921695	2.4240979314038866	2.6139440758059664	2.1654306220671695
3.534565803515802	2.505298273065703	2.3513460323536806	2.179025256544711
0.6174873065569115	2.370539955143624	2.041700611163173	2.1692227651146343
0.49035729910431214	2.239444185245564	2.24975359556512	2.1748377951784255
1.2870624916733635	2.174547228832243	2.0278366630705587	2.164821033881016
1.665759894246404	2.1406472836126897	1.9663246171922117	2.1515954766244865
1.7352469076438024	2.1142228375062597	2.2544670957542174	2.15830119968386
1.6658981758217015	2.085621413706119	2.5456075176719213	2.1830098459804925
1.7196097047161079	2.0627576164171137	3.1861557535174834	2.2456750209005385
2.2781733529283428	2.0759400355858806	3.2598775616121243	2.3077387382477594
20.021546161117488	3.152165383987035	2.956885596979851	2.346669398726212
2.1400417067016693	3.0926568827196066	2.8247637277305055	2.3747804434319906
1.115617068648413	2.9786481757958967	2.6811010209247974	2.3924452162115832
2.7069712019158616	2.9632777836366695	3.4138934635683267	2.4502389467245864
2.457360284507074	2.935183598082305	3.64195651398921	2.5164181871143207
2.662887842955673	2.920337933022919	2.855443129077583	2.5349036548808423
3.50424885161344	2.951606878185064	2.86605870430481	2.552637437516681
1.0847240970227463	2.853387593674389	2.722853486245034	2.5615919968013054
3.222588332222532	2.8724770201163534	2.922917528030469	2.580274235561902
2.6118692195060107	2.8592307910188723	3.169833592963042	2.61024097896875
4.584753250421266	2.9454747817481204	2.902358219122557	2.62484074726488
3.2519202183327227	2.9605399088532622	2.6819549369975233	2.6276480564189595
1.8487812611905632	2.906763312761696	2.5743667208585403	2.625070629516862
2.009569755362476	2.864054217201675	2.746637162414932	2.6308578525738304
2.125197405593655	2.829431769948034	2.7792215565261573	2.6378104259140156
2.82793825021596	2.8293623398245575	2.891228288395011	2.6495024008348484
3.324524969985756	2.8518626954062083	2.786894866459112	2.655745518537263
3.562250886669818	2.8836618992339638	2.649789947638663	2.65547925280886
1.7883125918287472	2.835352358906606	2.7108514305469593	2.657921948139454
2.6006302407301725	2.8251497769288583	2.426225886802772	2.64785090672513
1.9490616301106671	2.7876139293952793	2.698480126048835	2.650020307681117
1.5925636533773182	2.7371330620676373	2.5762723173123865	2.646905354439572
1.2428842489557663	2.674889978473524	2.417620300838216	2.637354980318667
2.4111679898822653	2.664055732099651	2.375889560616339	2.6266134371178866
2.0369571165107194	2.638639522716494	2.307778044484484	2.6136911348851277
3.6907208690982527	2.6807127042729326	2.8105462406738573	2.621563880530193
2.3489676791001606	2.667621311671959	2.5879122101916643	2.6202364198648187
1.8261425178003732	2.634845107155204	2.5327899415020925	2.616831033706293
3.5842182121268342	2.6713509265232305	2.3918635658701657	2.6081807286015017
1.3023464583916868	2.619375340232263	2.2996020407771782	2.5964647806874557
2.994022180023472	2.6334207008175654	2.31991095692231	2.5860958969971612
3.10782587628582	2.650987086146155	2.4343218638649615	2.5804757788530415
1.831598682624604	2.621016415646085	2.4951590397705243	2.577355425108529
2.2071792912827375	2.606061255228234	2.4027236152821465	2.571044306537363
2.4039539626526882	2.5988442675292904	2.3089914746228324	2.561686882045511
3.3668017181650898	2.6259419697810773	2.6546529740805216	2.5649665761616256
1.316854724255518	2.580285179589214	2.4454642800572586	2.5607980100681176
2.044969240775501	2.5618292586522564	2.2449994656803907	2.5499100616492036
2.8909825085667964	2.5730479043017387	2.3905989650522104	2.5444799106225977
1.768232382184332	2.545924119192241	2.405494429850248	2.539795235639728
2.4392759392110244	2.5423694140990096	2.1778401986500535	2.5277320041280835
2.2335790227587564	2.532191369897309	2.20107859765724	2.5169651839052958
2.8447943644446054	2.5423825524674073	2.103401543330361	2.503481602850981
1.6967846741237058	2.5151102983463045	2.100895567927515	2.490497381989364
2.64586922625357	2.5192823684119814	2.331481106343971	2.4854230372320205
2.6763238475065663	2.5242403103301974	2.452733606707403	2.4843905853343884
2.0470484776948816	2.509330564822098	2.523348561251001	2.485607613740517
1.6597212537229566	2.483058692184589	2.3552353362590197	2.4815762893525903
2.054496380231321	2.469941365475733	2.418348006715848	2.4796406751814786
2.4904667827276814	2.4705629925579866	2.2055605622322076	2.4713364093985697
2.1973852180971214	2.4623689568588767	2.343598172173898	2.4675048200666443
1.9308074222022156	2.4465826533813604	2.5077828677932787	2.468701031159448
1.9753870549621455	2.432725870955121	2.4415138611536444	2.4679011214290525
