-1.0	-1.0	-1.0	-1.0
-1.0	-1.0	-1.0	-1.0
-1.0	-1.0	-1.0	-1.0
-0.6330951692536351	-0.8212346289299206	0.32585481918610926	-0.3540097898010408
-1.0	-0.896443460857622	-1.0	-0.6257859668926775
-0.8722408462120034	-0.8874931308187926	-0.521725883078465	-0.5873036719758591
-0.9200908531731202	-0.8982411335135704	-0.6404387862584213	-0.6048232232256077
0.383437551028462	-0.5171050928470196	0.3072046131769013	-0.33361125177355966
0.053128373143721985	-0.36271167828408535	0.6452678322246854	-0.06857509652570748
-0.40554643822837166	-0.3733551475504614	0.04109807517505759	-0.041323607151834585
-0.05528794943857407	-0.3003369131963515	0.22564326936208	0.01996358430309897
-0.4570545838303375	-0.3337680169970745	0.8590880976538853	0.19896565061006277
-0.010208545560355664	-0.2693115318987642	0.14929238455261618	0.1890701334215481
-0.5975400067958831	-0.3306396106003767	0.22139172789071804	0.1951093008282898
-0.30131036076950224	-0.3254800885243335	0.2659525029082337	0.20757191783298024
0.805312400501053	-0.13754175352398934	0.48971566567722125	0.2544642825037613
-0.025106117538506667	-0.1198336624621692	0.6335054086700538	0.314161526923882
-0.5419356535808282	-0.1830033021559434	0.18525565078700823	0.29487018675812915
-0.34457053305690677	-0.20603572873769127	0.5647769380280594	0.3333473316108275
0.17705896306353197	-0.1538965605410706	1.4457173553474436	0.48474088447910235
6.613219453824229	0.7271968398825168	2.3062021821832235	0.7218991769159213
2.462790645731662	0.9437881965889527	2.513282391155771	0.9454526970784165
3.3712948733179715	1.234642109481547	2.441245026721273	1.1246724936015222
0.6303585035233656	1.165017283330374	2.2225448708036892	1.2511692659876181
2.8166930547812674	1.3482918070366052	1.8084518847880515	1.3130072601356484
1.6938998005771233	1.3852748792669294	2.168877730017223	1.404592614853101
3.8158968918667924	1.6364229571802058	2.0500349089814196	1.4712846586679516
0.8020715693121034	1.5530805575343742	2.4478083293590758	1.5688276308409752
10.06595032939801	2.3760399369521013	1.8916364279603233	1.6000345701538663
2.195473761708741	2.3591285953889787	1.69793881229443	1.6092038135348923
0.6959658094905667	2.2080749168027323	1.9521361084426916	1.6403497419343829
2.379952185132538	2.2232272861039024	1.5235327669561651	1.6300519061646588
0.9719290160766252	2.1160649856254277	1.5982306670920745	1.6273267091258794
0.5634885713963724	1.9867895278696053	1.4953123000939552	1.616334923869402
1.3885786674620229	1.9383239621143944	1.3138140574840658	1.5918255216129293
0.49409561327888984	1.8243912839377936	1.356392992638224	1.5732531093303437
0.24641294941410075	1.7030951185314493	1.2805514150590405	1.5507538465279533
1.8803302768073014	1.7163789107839666	1.4466660306697432	1.5429528259602203
0.72747236702701	1.6440674249638305	1.0468538082303183	1.5066767121161826
0.21826168825652092	1.5422883804375114	1.0790581596933797	1.4761516033410125
1.1827641145560222	1.5172206895557228	0.834729398673272	1.4314285490789929
0.1550884456721926	1.4244024111300173	0.764415351402949	1.385976987749105
0.41874380933969335	1.3573965048097678	0.9452842521178848	1.3566142603746658
0.2193622838079483	1.2832173423804014	0.6606758710719298	1.3112517316737988
0.10451031788529863	1.2080205449606018	0.7028932003850612	1.2724411184539486
0.6222541701670805	1.1714288622135371	0.9402788724252538	1.2516916467185832
0.8004975231760101	1.1487301263775143	0.8024781731583686	1.2242024866152699
0.3454266880357064	1.1005550926995018	0.5994774526081583	1.1867370877895222
-0.14187977694970733	1.0275045205079496	0.7150338233309315	1.1590028062418907
0.3381643660808942	0.9877530524110161	0.7857744498271719	1.1374805048563639
0.38896085419198734	0.9538740825927643	0.6864988961121474	1.1119645786519805
-0.024133650220480196	0.8995634875470584	0.7333572671191817	1.090940141351421
0.449643677663748	0.8750325532757399	0.8181337820801482	1.0760660012729732
0.41546760450086384	0.850422933393918	0.8636768833776611	1.0646927027826365
0.7540239104145878	0.8453511108696448	0.9399467255426324	1.0581294971568367
0.2925365851181516	0.8167680829084818	0.9270114502602542	1.051350141306552
0.3583505105286191	0.7934671173456116	0.9219919564539925	1.0447747910571454
1.4292915841935407	0.8252467506239625	1.0546041208725918	1.0452659081259204
1.17735049100517	0.8425571939901915	1.2365508062630663	1.0546699868745764
0.7844319182386326	0.8397457913839133	1.113313665059383	1.0575067992894298
0.5366114467494998	0.8253155182593632	1.0630587656425776	1.05777095593947
0.39756392506915916	0.8052711885666073	0.9750549345788881	1.0538949319520263
1.9259249401812708	0.8569776056375209	1.1499960282831796	1.0583291982049512
1.159322990929338	0.8707161325563919	0.9830083970446948	1.0549064094506169
0.6134432860181995	0.8592000105513247	1.1942487769006234	1.0611438306091787
0.7135854900273804	0.8527778775557662	1.0905023527559532	1.062438842696845
0.9071447286728906	0.8551413321665153	1.0379376672969882	1.061374269985778
0.7543104713808151	0.8508212543428915	1.1505261993207756	1.065194010347391
1.2666220338291847	0.8683855920567185	1.2586301113641536	1.0733652620153937
1.036130039575892	0.8753733612874599	1.2590141987966654	1.0810988835541817
2.1588554819463743	0.9281051432464331	1.2360011570432352	1.0874630172888033
1.4088400191376786	0.9475896254486369	1.3112307537177208	1.0965326157683841
0.27799720536746575	0.9208130333253404	1.0946789281392721	1.096458914240852
1.8926054752120716	0.9591636092104903	1.1302980780379235	1.0977943064765827
1.7314459745820736	0.9892452621227725	1.1134266721668817	1.0984033065959085
1.2394242615869238	0.9988650150116727	1.0874621149089934	1.097982410407564
0.46422478508079146	0.978566972336675	0.941543894321657	1.092043041233525
1.3423299780663305	0.9922050141339032	1.0077188716368202	1.0888817041243222
0.2725819558527165	0.9655582450529963	0.910424976266236	1.08227348691087
0.966354795709621	0.9655873104225243	1.1066099775626665	1.083163571579588
1.679995083979216	0.9914031276239621	1.1357439939001042	1.08506327992745
0.5484788591665986	0.9755877745253267	1.158861699038888	1.0876982945758558
1.0896032702754117	0.979610674753987	1.0929149290005182	1.0878820512746996
1.2103759609212736	0.9876586734604118	1.0559990186447443	1.0867698342988308
0.22570036021856899	0.9613896444188865	0.9850398062143728	1.083262610173644
0.4626268240970257	0.9443894066662086	1.0624526982856084	1.0825527611604358
0.8934898963389759	0.9426737606731961	1.072156320985707	1.0822020896117945
0.9135287197422879	0.9417022848550258	0.9599185390603173	1.078126600958035
0.8725463201592438	0.9394229464641752	0.9729759362878418	1.0746608576731034
0.49708747156455924	0.9250014765017813	0.9345904527474482	1.0700939206835565
1.2413349661045738	0.9352038719757456	1.1762902957532062	1.0735189666656169
0.7915592956769169	0.9306203215771207	1.2315397882456285	1.0785612647566953
0.8753432458425183	0.9288747457539965	1.3528587416192464	1.0872213425622248
1.3135981703971846	0.940894914274018	1.4079229987648447	1.0972411764266492
1.1724051780983404	0.9480537150735813	1.2412424016449135	1.1016939870417057
1.7389919845921118	0.9722615949288778	1.3258747476489985	1.1085552053542722
1.2999129191154042	0.9821885803246226	1.1616420903761795	1.110163488142954
0.7767338712854897	0.9760260104811049	1.1451800196721633	1.1112138454206524
0.9044678001345643	0.9739010471171068	1.0838179499941365	1.1104004322593615
0.7503904957379355	0.9673281665351641	1.0666955982297273	1.1091150661421434
