-1.0	-1.0	-1.0	-1.0
-0.530838250144291	-0.6705500307015697	0.6345851487678313	0.14782167822260117
-0.7470644500408513	-0.7147035669196299	0.6825178287745555	0.4563741158921688
-0.9365016111428434	-0.822769210780602	-0.4890854715585772	-0.004277822040320123
-1.0	-0.8973324248920768	-1.0	-0.42319062087034165
-0.9614714196948824	-0.9210515779507752	-0.7542644989517346	-0.5456245973917898
-1.0	-0.9470821362178236	-1.0	-0.6954394396103201
-0.9563533486900098	-0.9498391441364812	-0.5682336041060153	-0.6576119135781267
-0.8408883483453924	-0.9203402104999763	-0.3083640876646607	-0.5630514591360485
0.25881780537218524	-0.6273450226579818	0.9823235146038538	-0.1790593290610527
0.33739026196892574	-0.40587210191288914	1.2827751669565686	0.15653194148694993
-0.5816455384191241	-0.4433681174165286	0.1995434589309082	0.165707216685119
0.32098435379871626	-0.291100814143737	0.485779101916195	0.229469032181995
-0.5758660036885996	-0.34430796838683386	-0.10822323838340286	0.16637268088692725
-0.8585196360465829	-0.43476880991098543	-0.6530981151880172	0.02221022518355098
-0.7942950632716931	-0.494522347208619	-0.3876713993509501	-0.045912469490747565
-0.5611709473067334	-0.5050192204245619	-0.25144475343535	-0.07828291057118097
-0.7823474642283036	-0.5465227619411374	-0.23877499353410636	-0.10230131016696475
-0.4724058505197851	-0.5359569271521358	-0.23256702871136936	-0.12087159194999908
-0.5451374455353284	-0.5372064766004347	-0.30556219891609604	-0.14600812478931302
-0.8077863355705576	-0.5724365455156102	-0.2333240140439592	-0.1573767685143409
-0.7431199385555012	-0.5937366775556863	-0.0734220611083779	-0.146899596882634
-0.7812524905233822	-0.6162039898490348	-0.28269300993605706	-0.16316969063017517
-0.5116030535217196	-0.6041518547083047	-0.4615976077250227	-0.19755426268995113
-0.7671112693089865	-0.6222341428518723	-0.1823154864655142	-0.19586316265571058
-0.699748731926038	-0.6305288179640622	-0.1686002188984318	-0.1929457546462653
-0.6595400924838295	-0.6335263790065476	-0.03492394913575947	-0.17661784081079723
-0.7567567476425598	-0.6458356942735957	-0.15277535657108587	-0.17423630776704657
-0.37087867342273695	-0.6192549422769233	-0.29308828740406456	-0.18572595366789157
-0.5083207280349206	-0.6088652418573584	-0.047227475086627835	-0.17275468920817738
-0.47974773866483866	-0.5971383269112938	-0.28539074185954527	-0.18298454833062794
-0.7739200579328155	-0.6127226409038316	-0.24969453765263927	-0.188865279284261
-0.7020327349551525	-0.6203712396913046	-0.042916233179751684	-0.17636608058748127
-0.5856724637289745	-0.6174820179982656	0.1302200841924761	-0.15083804491728126
-0.40309685300120424	-0.6001129266114671	0.23296161494426748	-0.11974328521585575
-0.17401188075078777	-0.5664983621947849	0.3777017234301121	-0.08050043968489906
0.0646641078035688	-0.5179818594297232	0.3645544306352504	-0.04628962060756103
-0.38023430977702777	-0.5076577095916278	0.32978977267083365	-0.018102641949850673
-0.43637148924936675	-0.5024450649276258	0.24996666851549043	0.0014993099227644802
-0.5027865492954642	-0.5024694439763702	0.3289051952960542	0.02487065938918054
0.6696799414457992	-0.4207411928829332	0.4412666944481922	0.053903976459438674
0.09474216873633923	-0.38561525467753255	0.7669079644776435	0.10248929919998306
-0.31485017175980445	-0.3809002439554876	0.5984352991047959	0.13553370286468103
0.43610272612744994	-0.3276464009294675	0.5695562363099678	0.16382417725385112
-0.17913720566058688	-0.3181720194491773	0.6121772648508423	0.19242751566874872
-0.23745472634125597	-0.3131297050638623	0.5291281833006798	0.21346070145833895
0.3408835316436898	-0.27310756087319843	0.5532684214899837	0.2342552790069914
-0.20254519593961362	-0.26887572929763537	0.5697082197102157	0.2543730739253063
0.5910108166220056	-0.21831749826769697	0.7666151396776109	0.2844910780197005
0.19077666142675698	-0.19472635095891866	0.6032858563383678	0.30287502434053026
0.2828062873588453	-0.16770771808714968	0.8287296904907173	0.3326277757265661
0.08111133733936082	-0.15389014214495123	1.1154776061174143	0.3761013312593877
1.0171003321284577	-0.09004376420487958	1.066302253125961	0.4137335855178821
0.787571694751418	-0.04304696672854069	1.2861740770110268	0.460453381395876
0.6147617171427848	-0.0084390394124364	1.3908157725197836	0.509400602560931
0.39850205468609	0.01260161167003715	1.1174266975319704	0.540838234277143
0.6740561405805332	0.04622252630160806	1.0885996279383576	0.5686802655809693
0.22431568230163412	0.05512404112068592	0.9507596581605753	0.587777466927033
0.5499856142208603	0.07945313098692997	1.1479865971230403	0.6153193000106967
0.9973808300769473	0.12385418005636506	1.2514194548800517	0.6460882159946792
0.4766098412913191	0.1406466275624021	1.145718129654432	0.6698724151921993
1.0558790546692118	0.18353443802724634	1.2805713495942972	0.6984898709314566
2.532470584766482	0.29191203730256965	1.108437499236158	0.7174042417641395
1.1467044734142373	0.33075413091226435	1.1664384280181288	0.7378084865951209
0.5105956096523414	0.3388043124879063	0.9889534780880345	0.7490504013670822
0.19683138213147733	0.33254268307236723	0.9083642453839627	0.7560769202474802
0.5817077259728263	0.3433727431301188	1.0949441426436697	0.7708059244573697
0.30704846954818343	0.3418164630241731	1.0475703342839777	0.7826639493769081
1.4796645214167348	0.38988147226737624	1.0992215277655122	0.7960361271768359
0.5558952481032844	0.3967969588089666	1.1702318800942493	0.8116235564270187
0.8865473657928074	0.4169185149015877	1.114040323669998	0.8240485394814929
0.5807681557183686	0.4235594989743108	1.2109380300541663	0.8397293873848601
0.8811123167897983	0.44185734304855995	1.1762922137777587	0.8531889325331969
0.5375741208682052	0.44563505300718576	1.2404394980271478	0.8684718374645188
0.6326312178128177	0.4529192793035033	1.1027947142376249	0.8775996386260922
0.577155509918212	0.4576964075195862	1.301331343079259	0.8938930291386791
0.797570149565406	0.47059996379323255	1.1954358190144796	0.9053413270586734
0.6326071679730585	0.47667395855430916	1.1347821440851504	0.9139435366352311
2.1661955600876848	0.5392349558392184	1.1094800380447483	0.9211842437617188
1.2043279492613972	0.5635625001446019	1.4614770005481112	0.9409469871830947
0.6820992129501195	0.567845769195978	1.255403656683777	0.9523100569817577
0.9521514177507089	0.5815678970200902	1.2884281777066735	0.9643115561752655
1.3933033793045948	0.6102112168226239	1.4913101377196725	0.9829074728948954
2.1465798175367494	0.6637934076526373	1.4297954004828757	0.9984926668166698
1.0648697713354838	0.677620211915674	1.3861423634133052	1.0118564889948694
1.8261370190032817	0.7167655529091297	1.25739731796536	1.0202249307060933
4.0257885542061596	0.8282824343182509	1.3777890860324655	1.0322747745194047
0.7135542686113474	0.8244586089250516	1.3283583399078989	1.0421418826410989
1.21757954207047	0.8374157684041297	1.3951444800915005	1.053776684803435
1.037095729421818	0.8439256042996566	1.1412486077771278	1.0566282456528646
0.40064346469151424	0.8296288366978677	1.1158839211531837	1.058539336871363
1.5373249141015286	0.8522105418125481	1.2788939960384238	1.065570474206441
2.0921648845461323	0.8913596784643678	1.3318505507858394	1.0739776312246474
1.8022429318809916	0.9198196770034319	1.1133651037249668	1.0752082566924326
0.4671662732277677	0.9058225853720183	1.1986032867190217	1.0790239759336764
0.9974159503573623	0.9086260274393498	1.2529869385345513	1.084348505151227
1.2928622017712832	0.92026757419461	1.1104377058421644	1.0851389683811616
1.0284205191200604	0.9235113931772401	1.073193040263598	1.084780423931877
0.37660063782335684	0.9072690215919106	0.9959078632639911	1.0821407948174615
0.7222238029023416	0.9018272342168046	1.275565654669479	1.087828598643013
