0.39859548504965536	0.22112221257218279	2.677091930646292	2.2104912980058
-1.0	-0.6363617386027556	-1.0	-0.04394706621651845
-1.0	-0.8462033602446415	-1.0	-0.5956483564760934
-1.0	-0.9211369918129139	-1.0	-0.7926587536345927
-0.8256618590879774	-0.8809694199196607	-0.4290153127711882	-0.6396694432505362
-1.0	-0.9249879496366018	-1.0	-0.7729227745330749
-0.9880006165610076	-0.9457642357464423	-0.8461238561961779	-0.7970583599876384
-0.9070626221390743	-0.9342554462562618	-0.6403694964246529	-0.7504634229028047
-0.9627839278027331	-0.9419796724659435	-0.7119584845990556	-0.7400380574718148
-0.9336246665171262	-0.9399036342118946	-0.6068732292543588	-0.706949475886962
-0.9711603333011524	-0.9470791957627231	-0.8033047137901388	-0.7290696371368802
-0.9131674832268936	-0.9398451459129178	-0.7224628027438158	-0.7276602813095766
-0.7316625758726283	-0.89837290577744	-0.09563888362658401	-0.6017547129777223
-0.6880859191887216	-0.8590816526034668	-0.25721445616023664	-0.5373787689268106
-0.5268834985416728	-0.8006409348879047	-0.060930259893738015	-0.4535613753815425
-0.7351816978868269	-0.7897615901498732	-0.26683830116656315	-0.4225279426063987
-0.6849984828969542	-0.7732619019820227	-0.17812299827386635	-0.38403534126381345
-0.4695211227106241	-0.727805560194734	-0.21378326637408818	-0.3585562386418205
-0.7425749321482085	-0.7299110387050813	-0.2922961428033648	-0.3491104375182066
-0.7686712201809337	-0.7351863278357182	-0.4422412685760623	-0.3617856121435954
-0.8883061626679603	-0.7551228571386538	-0.5492333111672253	-0.38619168241841184
-0.9144306696785199	-0.7750034350141138	-0.622688388020801	-0.41570492417657057
-0.7519106314975239	-0.7722365073904268	-0.4339806856308086	-0.41789454014869043
-0.9167744518212685	-0.7888900616955741	-0.6238801159531067	-0.4416280097254891
-0.764996874633164	-0.7862387747295096	-0.358990591465457	-0.43245825332261967
-0.8181019769541044	-0.7896483525077771	-0.40643282007749915	-0.4296731734646879
-0.8366654344669948	-0.794506423197894	-0.4602791354085747	-0.43283551707379075
-0.5296324188153385	-0.7680484985182972	-0.45470495591976734	-0.4350199612994967
-0.23939873845897797	-0.7169427025217661	-0.32137529532051534	-0.424033645588224
-0.7730487194245426	-0.7221973953091717	-0.23441822267367818	-0.4062749310166479
-0.6422050583544281	-0.7149322057764127	-0.3522624962709503	-0.4013692832847162
-0.6658869672327892	-0.7106085538650156	-0.04612674173838893	-0.3700524783059721
-0.10772457341103847	-0.6589770108603654	-0.0944635294620163	-0.34645077404151603
-0.14019910772299493	-0.6157808547740218	0.007071643091974389	-0.3170146707816709
-0.22908960280144175	-0.5844518005848411	0.03385955983947242	-0.2885873811318539
-0.4124662823226882	-0.5708840374910266	-0.0024347332459671023	-0.26601308609496666
-0.39009012208571625	-0.55698667023403	-0.20933778573194772	-0.2616564635979427
-0.6683899744677086	-0.5653361664727432	-0.1619581634628804	-0.25418413656084515
-0.6191974862813006	-0.5692746242786579	-0.2929212343613754	-0.25701665159402476
-0.5418748475145938	-0.5673187585924913	-0.17910573958149478	-0.2514551469662698
-0.517858909521423	-0.5638701831991745	-0.19800323189171087	-0.2477282337563096
-0.4921404176357409	-0.5589823889928547	-0.23528991327407256	-0.24688067440265804
-0.4859508203013829	-0.5541163229132469	-0.15067135194759584	-0.24047026857929388
-0.39990156381458364	-0.544064254341845	-0.28053179489198954	-0.2430814759477844
-0.6443774402435005	-0.5504638269473383	-0.18591070291431266	-0.23943413686581583
-0.4916343642115515	-0.5467888165688122	-0.3250037748795107	-0.24477946548580842
-0.8005102646113824	-0.5623151384769687	-0.3569681000187348	-0.2516447841135908
-0.6838023627784999	-0.5696008353816508	-0.3315001503958066	-0.25643369082931644
-0.6066170090504892	-0.571777195875089	-0.37950467681544775	-0.2636697289133414
-0.6499342496429015	-0.5762841860121849	-0.2811891981128394	-0.26467990967937516
-0.3807385223511819	-0.5652202772583335	-0.2596915607447965	-0.2643975575921942
-0.4599958287665903	-0.5593769245980543	-0.2813131940554079	-0.2653368962722734
-0.5578114391480626	-0.5592914960808575	-0.2077560984704565	-0.2621972816784115
-0.5855753907728816	-0.5606989264199853	-0.23070653348164805	-0.26051081205264626
-0.662393076518879	-0.5660491706855576	-0.3202251943756299	-0.26365244748776395
-0.39736030561984303	-0.557327218872584	-0.19709716331480742	-0.2602112870571446
-0.18800817449755913	-0.5385552431873077	-0.20112491198835536	-0.25720805516775813
-0.21018822872518206	-0.5221428266630219	-0.11902880652710779	-0.2503016277371113
-0.30888136967885726	-0.5116582164056989	-0.08457852963121115	-0.24215415221792724
-0.3461899085970118	-0.5036543993129365	-0.029129288248244123	-0.2318499890100354
-0.18185407730181546	-0.4883356784301648	0.024557775160534145	-0.21964416799104425
-0.2813538674993482	-0.4786365740322559	-0.0502213934413015	-0.21170507910539105
-0.28102140781336815	-0.4695188185416852	0.038620957552863544	-0.2001553094157431
-0.01611101153527361	-0.4489156410783218	-0.05390034192777482	-0.19350930745406258
-0.34031106801152355	-0.44405428100167244	0.04705707243338009	-0.18274103268939024
-0.3123327322055637	-0.43824472939317094	-0.007771930404690819	-0.17502405370562568
-0.289190851905037	-0.4317658703305871	-0.07509242327865684	-0.17068028682641045
-0.2764764741306742	-0.4251124965082782	-0.07596688662967299	-0.16662229210669488
-0.44122963880313915	-0.42579320401364396	-0.09517094413330895	-0.1636038805585147
-0.043168541324114074	-0.4098549077725232	-0.06820170983178808	-0.15962993672732684
-0.3990919073781568	-0.4094126489348584	-0.13487523818647595	-0.1586128025472504
-0.2476236119520826	-0.4028551749669499	-0.10898224246631971	-0.15660107748549135
-0.524968137467927	-0.4077384031768795	-0.10571284496338995	-0.15456598901773566
-0.37267025854531	-0.40635435178050483	-0.08885437826245113	-0.15197257167313072
-0.20552511306447863	-0.39853179174597664	0.08229651000391347	-0.1428474926567287
-0.051589627173121655	-0.3851912390431128	0.07349581604973854	-0.13452878250340605
-0.2606382747155507	-0.3804625002242118	0.006909708699212924	-0.12915897331858783
-0.4705898218928052	-0.3838414496790403	0.02936393019027017	-0.1232156682593587
0.5526804617200929	-0.3491635143039479	0.0008893244567838021	-0.11862033069668088
-0.2089402929836186	-0.3440345419352112	-0.1002537797690235	-0.11794852947454204
-0.39095180262816764	-0.3457300155726024	-0.052858219877692014	-0.11559645170790123
-0.19006970110310484	-0.3401721643671496	-0.02843323616218041	-0.11248444454930484
0.012767670775790663	-0.3277181978441739	0.0045157601833840655	-0.10835598713914685
-0.37470822407667614	-0.3293570588799687	0.02104266344469452	-0.10384305232596858
-0.19968058094657815	-0.32488646756648254	0.09120974748723554	-0.09711860207105327
0.484168960677849	-0.2973107117346072	0.10212915328527994	-0.09032751279060025
0.14285981884109433	-0.28247672390446066	0.33245920118711436	-0.07607942407847357
0.1806697740791734	-0.26704165340478503	0.2670129647973487	-0.06464538224646832
1.15449949578053	-0.22018673459640992	0.33757642854173664	-0.05138790363810941
-0.007639118240745146	-0.2132572753388997	0.26468779161311096	-0.04108320406041954
0.4105042315117575	-0.19313964698436148	0.2081309472018662	-0.03304549738060847
-0.2330043163637182	-0.1944117886173753	0.17708156322640134	-0.026340701295728408
-0.05999376567025427	-0.1901678109638324	0.11724776181378926	-0.02180718939494286
0.12797290737883893	-0.1802276575105678	0.12389303821524456	-0.017254838611184153
-0.1022538113673549	-0.17781663843594264	0.04331943933027116	-0.015381874997663414
-0.04386925281952481	-0.17371690979316312	-0.03604968856412827	-0.016014443286150537
0.023679570439740782	-0.16773634571011975	-0.03377647207551926	-0.01655271174510653
-0.14513186225190644	-0.16705829754320856	-0.06852434809581576	-0.01811156732835817
-0.2245294353335867	-0.16876504230027545	-0.021321331478780015	-0.01820684703939779
0.03747379998753053	-0.16270020535916696	-0.04757945830261512	-0.01907062070236687
