-1.0	-1.0	-1.0	-1.0
-1.0	-1.0	-1.0	-1.0
-1.0	-1.0	-1.0	-1.0
-0.49161508442310187	-0.7523019471504714	1.0230843230072386	-0.014301895659802555
-0.9257150819881841	-0.8252590202810084	-0.45710915959986587	-0.2005964175325594
-0.8547359888620235	-0.836159875305095	-0.4161719405383142	-0.28031817240031354
-0.9685509741862951	-0.8798113389722764	-0.8536949426262119	-0.4693696678921503
-0.6861969750238648	-0.8222357433778508	-0.544085500329099	-0.49158817307917646
-0.8653431909165518	-0.8339072909802221	0.004186945597532299	-0.3573547029832208
-0.8372911058138836	-0.8347480828912832	-0.2524320366201349	-0.33128362756715957
-0.6132752290876791	-0.7839048819666626	-0.00257355700142603	-0.2558221671485368
-0.778675083627956	-0.7827892803484837	-0.20835452061211068	-0.24569642962940041
0.6850819447024994	-0.49037357603345	-0.27590292315063014	-0.251713932535232
-0.5227576849732474	-0.49642437473069756	-0.09758344494130156	-0.2229152484944289
-0.7812714631530207	-0.5465351126566825	-0.2788391624449239	-0.2327535786620245
-0.8017117519017715	-0.5889456746813541	-0.5150686030346903	-0.27967460474394235
-0.5482961683894674	-0.58254357752478	-0.05688438769627735	-0.24458618470693372
0.03702103665096845	-0.48982259371141934	-0.0836690299019548	-0.22050408375028918
-0.5460017763437057	-0.4978312854618303	-0.1751757187637305	-0.2140421780209668
-0.660997908278246	-0.5200383117461793	-0.4500428897405907	-0.2461619512654345
-0.7251793090857276	-0.5467480797661641	-0.16068225526250746	-0.235032194464741
-0.6855358489674641	-0.5640678890746983	-0.2825057091665065	-0.24095657402227943
-0.6995141293135496	-0.5802964540693678	-0.3721344226724619	-0.25667369459818223
-0.8329104715554123	-0.6094024472876806	-0.5736141451254942	-0.293191296949477
-0.7778971054267686	-0.6280989560458612	-0.21276700765703893	-0.284267129497073
-0.6112249631998026	-0.6262932273463981	-0.18872858474187126	-0.2740435717914146
-0.6722579210725719	-0.6310425068559202	-0.07193584242039153	-0.2531604105127223
-0.7860070751673396	-0.646521707904039	-0.23754933157800295	-0.2516011145898519
-0.6454581235719631	-0.6464189048496385	-0.25987688191472713	-0.25240118512506526
-0.4815416793940528	-0.6309770984262082	-0.059038288951234974	-0.23429152369523454
-0.4756293513448021	-0.6168677994013614	-0.19271565986774308	-0.23051526028445668
-0.4374265936912761	-0.6010490624137742	-0.17124202590061377	-0.22529007715264138
-0.43115831091736767	-0.5864994678845941	-0.2199646452151799	-0.22483400414979104
-0.7835634056030641	-0.6029080631577421	-0.3755294130099218	-0.23738172703789195
-0.5180006849163046	-0.596029043218501	-0.43641687545031693	-0.2535071210716697
-0.8415853107872516	-0.6154005962595925	-0.4544667998771612	-0.26936048967261417
-0.7993254297885192	-0.629538543289424	-0.4596721026667514	-0.2839893548816046
-0.85068022618495	-0.6461127928914404	-0.4595078232645977	-0.29714415830217844
-0.8304513122801843	-0.6595921328109492	-0.4494626209320435	-0.3082821603513718
-0.7471147444916102	-0.6658398134569872	-0.47630656258299064	-0.32027635244741304
-0.7432613817616618	-0.6712380444572073	-0.3621546063776405	-0.32319634055938284
-0.7512683278595833	-0.6766914744283057	-0.3780906119903008	-0.32693697814980927
-0.27752236555524046	-0.6500951958473071	-0.1749992444689067	-0.3168134807881745
-0.23497254498802278	-0.6230367158836612	-0.019778070072516973	-0.29745214193106384
-0.3165557534815394	-0.6034843248168185	0.06928411386930189	-0.27405565169953205
-0.2378274464256691	-0.5806423352368516	0.10402292537329205	-0.2504376730068216
-0.037647997500608654	-0.5474140624212174	0.18983542560152578	-0.22349533935409005
0.06880174215829582	-0.5104586044481396	0.15182187410828618	-0.20098689723547325
-0.4763867337824992	-0.5084552087631686	0.0012553552210805563	-0.1890956096110905
-0.4914633568485345	-0.5074752474086512	-0.20642854345960038	-0.19009498071941278
-0.26651461828297884	-0.4938417194051711	0.06828212933083688	-0.1754759629321675
-0.3611550221664528	-0.4864732187420844	0.0010094528535622427	-0.16567515429157664
0.42615138430235877	-0.43671384085309184	0.04764244068458812	-0.15404422590515343
-0.00998008882532253	-0.4138619499147632	-0.02938007546014032	-0.14736818991496325
-0.46973604561531246	-0.41680160689880175	0.024473096414650897	-0.13832752564996076
-0.49505771409337285	-0.42084783843411544	0.1101620974103581	-0.12547952979463484
0.833013196587191	-0.35711575950937924	-0.020556018379678576	-0.12014646851296018
-0.4139751008068212	-0.35995771292825374	0.08384269061813643	-0.10995067144123982
-0.2635371053603698	-0.35521737120417196	0.2530684724920862	-0.09210350356684927
-0.33289639133840576	-0.35413767957570264	0.3000162928244572	-0.07313640220082207
2.460958022781096	-0.22012989079816625	0.4830610881498929	-0.04665954221984647
1.3515152747968164	-0.1464829947965045	0.5459666589330989	-0.018889249035260014
0.399852264924067	-0.12127542089557597	0.4505416289369142	0.002770019484263475
0.04562965096367644	-0.11369106196296563	0.1557128028609398	0.009719937279796476
-0.13059447643814226	-0.11444756639616371	0.1534332003166392	0.01615309284769273
0.029138633772616496	-0.10811468192430718	0.09099023200445133	0.01945383227318942
0.15491502121854195	-0.09668171819413729	0.17857788340852276	0.026370470552384617
-0.2342801370781311	-0.10257707377765923	0.03878709586864404	0.026902527768956963
0.14518948311456947	-0.09211081946839184	-0.009701726742447736	0.025356425635848723
-0.43375252002240305	-0.10634193722126306	-0.02595693295701318	0.02321910060271426
-0.2743237535447547	-0.11324333002272224	-0.10633768574168745	0.01789642939993641
-0.599006001945718	-0.1329312060928899	-0.0632309090909774	0.014608508145443677
-0.263995041251048	-0.13817223918634614	-0.013610534285691478	0.013480277008368846
-0.3049466087895575	-0.14475363998137025	-0.04735100502612788	0.01107984732830225
-0.4914801125260285	-0.15825904814898184	-0.039080285381857816	0.009126216728086112
-0.45852910780561285	-0.16980510239925362	-0.10638201969527339	0.004684678739553805
-0.4139505575411484	-0.17907426804257376	-0.07289346006356456	0.0017393492642261421
-0.16985179795865624	-0.1787285307127483	0.028326153320921366	0.002736091865652268
-0.4104214796047113	-0.18730778184000052	-0.014372301505939933	0.002102611076565175
-0.031811262187879774	-0.18162011976417514	0.09771209090163957	0.00559978026953778
0.46442017770169874	-0.15827460277327277	0.14060361358704343	0.010478210178304748
-0.07954086345370037	-0.15546345314336985	0.1507554128362596	0.015486824697793056
-0.24817321896087807	-0.15873499139840053	0.05818696818883873	0.016993392260019835
-0.2952475838681903	-0.163496188282085	0.08073421271601178	0.01921625158190765
-0.1950862197251665	-0.16458542709036328	-0.005425393581486859	0.018366527341843852
-0.3267852208882416	-0.17011390923295566	0.018088991555073264	0.018356973416948863
-0.46296834414648147	-0.17998346490266504	-0.10432664157470306	0.01422235579531339
-0.2848538231314043	-0.183478523851348	-0.003138518682572644	0.013643682606335306
-0.06261211725912119	-0.1794947423954324	-0.03250853500581241	0.012122415359748562
-0.00047686222019438507	-0.17365839699410757	0.027942749406198786	0.012638109349446092
-0.31554367758755186	-0.1782344889869607	0.02138653827020698	0.012920259588871774
-0.07119609118237291	-0.17481900962443908	-0.08941304214567325	0.009654893731462888
-0.2746234673014911	-0.17797021851927475	0.009353575643145762	0.009645295674364673
-0.41810773178791916	-0.18547317976772226	-0.05075333495205736	0.007758168001912091
-0.35983849499357157	-0.19086499066568918	-0.04697194400617799	0.00606575438190049
0.015389490826690055	-0.1845521776690383	-0.11808012836727544	0.002266026162830004
0.12042338413455589	-0.17531205277531858	-0.10739512343226032	-0.001056452934963592
-0.2815070738355876	-0.17849736611269673	-0.06070422738132386	-0.0028455843942974957
-0.21605696579098665	-0.17961276288632633	-0.023574606978117307	-0.0034611340612960007
-0.12725867841991956	-0.1780730943812624	-0.010187638402999744	-0.0036588321510631072
