-1.0	-1.0	-1.0	-1.0
0.02594345857499114	-0.2795724540091443	1.6259893429293362	0.8439954388445841
-1.0	-0.6953034168218245	-1.0	-0.2201032390574128
-0.4837565854680348	-0.5922323490073318	0.23118921972557938	-0.00022190437430735788
-0.7028735400888102	-0.6387804792491639	0.9272600476576816	0.3899814113698836
1.078654933378473	-0.0036582959740907306	0.9738918080721326	0.6059163272698582
-0.6057581416235975	-0.2021802815913879	0.3355546540883252	0.5167736540300623
-0.33762059078525875	-0.24245662269168877	0.3872807905521465	0.47826582686911
-0.06735879595739325	-0.19504801754610201	0.29631202574851945	0.42900101570169635
-0.7930633767669719	-0.3436419295442582	-0.39340248107274944	0.22465147053456258
-0.6904781400614634	-0.42326470463619825	-0.30447394620393076	0.10318074780803199
0.22216751529595125	-0.2855808957187115	0.44531552060801904	0.17616508089558502
0.16188203998719541	-0.19644149462981753	0.5147829582220786	0.24362135556384512
-0.7493867438327859	-0.2997569359619424	0.27347074237418867	0.24919863096906036
-0.5377210427762836	-0.3416199811902514	0.4629240005701698	0.2867973010514162
-0.04662497851521974	-0.2925915877550541	0.321867685022976	0.2926260563464147
0.6665439137966933	-0.14153208082179114	1.1318228213537744	0.4247957489838132
2.2171288710344834	0.21145283944088145	0.7120918110884207	0.4677908021112511
-0.19836817126103246	0.15303011929402266	0.8273250847473166	0.5190447974322621
3.130134317356421	0.5582133383718375	0.7132841098755187	0.5454803850308338
0.31822244926377663	0.5269661456423256	1.6444854754712708	0.6885735349620941
1.5107916804805401	0.6497415496738137	1.3486231569840843	0.7709437840782312
0.888096830109997	0.6783004313563392	1.2744074459421322	0.8312668498392612
2.070031650952972	0.8386550349154964	1.7762215699830204	0.9401441380015032
3.890469596570128	1.1772918730506023	1.910580970048203	1.0478263984436418
1.9297188524542008	1.2578083547283656	2.3152893331533155	1.1834560153977747
2.3031216380594652	1.3658173159441036	2.3333804277306283	1.3022740300595657
1.3186077410715256	1.3611014728703017	1.6706059774449233	1.339065990924508
0.6520370184195017	1.2925546679752018	1.155841047715224	1.3213532911759849
1.4184006666847293	1.3043412336424076	1.0978819282097745	1.300423982735082
0.16410684940176745	1.2007816139545766	1.0343841420364273	1.2762613647524326
0.7723428841107915	1.1630125168961678	1.5535002724828297	1.3007020837763852
1.4346584101202575	1.1862767383353434	1.1943958333346045	1.2915981236841887
0.6172352016333815	1.1388952824132885	0.7312676572537051	1.2449419943341669
0.5573541903593555	1.0917803142869946	0.7880132404614146	1.2079228870670584
1.6690991019000734	1.1373241280293387	0.867476006256457	1.1810655486448303
0.3360594863633384	1.0757327201911084	0.5905215240669437	1.1356719026302713
0.006168945308012486	0.9955705377572157	0.7802774311376257	1.1090358651867738
0.0839985829308818	0.9289140481974452	0.8577539748045233	1.0906615504457853
1.394755615763041	0.9621672977474496	0.9510427077112495	1.0806949786977964
0.6479267642638915	0.9402571713960592	0.833848417905531	1.0634839326329395
-0.2898357749555076	0.8564363511311042	0.9062901451128116	1.052772549045105
1.0053501279710266	0.8663583434875495	1.0764683267901045	1.054351388654125
2.771945941865471	0.9905684090294575	0.9080613770540906	1.0448161012555728
1.54252417484344	1.0257811917784099	0.8372755941232806	1.031575883429309
0.6264839346838718	1.0008380361694655	0.867611706193063	1.0213335953322469
-0.04358454132343448	0.9369253586997099	0.7749704846030341	1.0062577218964832
0.6172406342862298	0.917753447719716	0.7915953342951605	0.9933841508865413
1.0445980394802512	0.925211841069939	0.788338348504485	0.9813285475395748
0.8093482683234405	0.9185307463579997	0.8594997762776153	0.9743034705483915
0.26312743248596204	0.881448797337701	0.9427954964643983	0.9725211281703379
1.7587705945847785	0.9301686138443024	0.7235950172038039	0.9586979129431423
0.29465152134587735	0.8955183704907337	0.8324885407462397	0.9518167475113133
0.5891587171315888	0.8791131651517454	0.6530323307633983	0.935817211810537
0.11216470925225241	0.8387631194789142	0.795311802140471	0.9284250747765146
0.7529095520896025	0.8343239768521007	0.8058318435031682	0.9220863183821246
0.269676059710948	0.8056236344682903	0.9513861671853756	0.9235756185508543
0.9195493306962734	0.8113178456379344	0.8534273779966393	0.9200694300546761
0.40924352059324187	0.7915504350986668	0.7277628073135174	0.910614824577699
0.6377716950139263	0.7841120367709478	0.9000472433848206	0.9101036348986378
0.41880319015692136	0.7667220704887421	0.6925569077387186	0.8997476054285551
0.5014936263497609	0.7542936910755726	0.7353601101253848	0.8920446389483168
0.7150944512149817	0.7524850275656048	0.6624455948285473	0.8814510772664503
0.5015608838810097	0.7410828922694166	0.6616584570395374	0.871463570789339
0.10950521424417237	0.71281174023312	0.5996011494702518	0.8592941499887568
0.5164576158316392	0.7041520048733534	0.5101644520502435	0.8438963083247808
0.4309471619517451	0.6922772201981799	0.6073707009312332	0.8336158421470832
0.5107679044152367	0.6845004902249987	0.47686276495446145	0.8183307916066676
0.14995529337839364	0.6619203699162632	0.36007932691985056	0.7989734624734774
0.1285422616985099	0.639702307408242	0.4347343685353917	0.7838009427519854
0.1041873728762368	0.617700905748374	0.38668662756249383	0.7674857778539821
0.67422235788603	0.6199919594045318	0.24508040585963453	0.746312881469305
0.005036826212512446	0.5954001099174	0.18196682175127155	0.723744889980048
-0.1311090710087971	0.5667293704727321	0.13384595136733357	0.700465329821224
-0.1683527222835226	0.5380968617731865	0.2583716695627736	0.6832451565835684
0.10358003818148331	0.5213886332914492	0.15982867907761467	0.6631185314657158
0.010579884887065738	0.5019953515760893	0.20124930056314838	0.6455832589687598
-0.1279971445598782	0.47837595545449263	0.1898853939383125	0.6284983320724766
0.12120131454090277	0.46515040205264646	0.19062930955337376	0.6122847871321107
0.0314804647405289	0.44928807445501695	0.1172701347841203	0.5941786511546414
0.09147469173361689	0.43635760364405773	0.194749433972633	0.5797442959327463
0.6069742175789099	0.44244917714852994	0.11425620560747007	0.5631229314744652
-0.1948569030522238	0.4199607118494866	0.11897328891391568	0.5474502654830609
-0.03846663380434612	0.40397228608628155	0.026925857720165425	0.5292961080953515
-0.1583112809003585	0.3845870664206612	0.029414160491616936	0.512062199308621
-0.09017164669685374	0.36840518063326533	0.0494355798532089	0.49629379263140017
-0.17334440469579604	0.3501474471786248	0.04091079435047207	0.4809466750175915
-0.294342479533265	0.3286686128512961	0.03570889046490522	0.46610825672370004
-0.1822341782931005	0.31182883693124674	-0.052165328154771706	0.4490255226504416
0.06450057017956001	0.30376515912787516	-0.15587026368255974	0.429304280076507
-0.4005392686063941	0.2810497847977307	-0.17621852549279204	0.40977476797849044
-0.49823908508805803	0.256183354312596	-0.1968706513666133	0.3904171679810773
-0.4625242160586971	0.2334914202555849	-0.17945023564528262	0.37242458622337593
-0.4151909609917398	0.21322372908874332	-0.15168047958238273	0.35604924578539254
-0.38090798613682864	0.19485169883200748	-0.16383509530794116	0.33997310152764926
-0.2462516963483985	0.1813507550802187	-0.12347636201498813	0.3257881933278377
-0.28935310561564886	0.16708936293253118	-0.16957334318173112	0.3107797134251651
-0.27375908586097486	0.15386614812685662	-0.20017057720501863	0.29545379887882284
-0.3753738456124137	0.13814872680954227	-0.12559026618188907	0.28294956915177205
-0.5427724812401433	0.11812491022538985	-0.17941167357235044	0.2693529266371375
