-1.0	-1.0	-1.0	-1.0
-1.0	-1.0	-1.0	-1.0
-1.0	-1.0	-1.0	-1.0
-0.8170891136781204	-0.9108811680501184	-0.20033689942652577	-0.6103838163513178
-0.5820268020745057	-0.7725280253294802	0.34117579354761096	-0.2100507964237872
0.3636334702275934	-0.35236579246770294	1.500000023552336	0.4223406024423235
-0.8441850108229808	-0.5145264705307591	0.012023419435089444	0.2870523919618362
7.806955619879377	1.9600544854682327	2.3789185524732344	0.9091159971984755
-0.6622504174152212	1.2500529041073611	0.44336142034578896	0.783010584087007
-0.29336490863924813	0.8665469726673038	0.5513259797045051	0.725442076661569
-0.3098631492457393	0.596480007270574	0.8480563572325943	0.7535903475143311
-0.47855236085590447	0.36715387885347317	0.30380375717125907	0.6576418567593372
-0.708903165653854	0.15279168636338936	-0.01614187388555266	0.52341684154582
0.19653851155339108	0.1609657749634681	1.1324300394789697	0.637208671728934
0.26606774698008917	0.1794554395648924	0.9682196165908359	0.6954405496324596
0.6588759910793298	0.2591351926262133	1.5157801312807306	0.8317811382783995
0.4663107979090224	0.2917643800147338	0.8106680742110612	0.8284558801095461
-0.1367364168990377	0.2276371382126572	0.8348163250613831	0.8294078302575558
-0.09001999954388351	0.18235295887084058	0.6730380357074333	0.8071162039392117
-0.2908904859312609	0.11794436340229852	0.4362690260941333	0.7566436346721603
-0.2130663760466054	0.07484612942982061	0.5352565605229875	0.7278187231359425
-0.4761413626478793	0.006086475907381983	0.5952693747091511	0.711277447341043
-0.425289904372101	-0.045599138586732035	0.728368175507059	0.713325340309904
-0.11073865375018777	-0.053104322867100984	0.6038218627595491	0.7007086881672684
-0.1805238464647727	-0.06724287529077222	0.9322574422140604	0.7264023209467034
3.5405244521303	0.31881805442992395	1.4282693798165398	0.8015080325770294
0.7793723860454222	0.3664057740853661	1.4167950679585735	0.8650838370160243
0.02612002236000288	0.3324151367404886	1.1799316621013936	0.8965335233003324
0.1917047635176583	0.31881243903866596	0.8753049179654504	0.894481449166844
0.6368879662232179	0.34860243814476877	0.9210677315951865	0.8969716166156254
-0.18479930816999024	0.30015741842968646	0.7517325453082355	0.8837809079528618
0.3764768840957875	0.3068853504620188	1.0087595336946316	0.8947983962017338
5.4844557581872335	0.7502970384972119	0.919753496234464	0.8969355527513512
0.44943435387954533	0.7252456992129557	0.8992486240206021	0.8971282563020384
0.33021332455195673	0.6932411489577086	1.1046288782267402	0.9139397116265571
0.04852080944337822	0.6423802922577304	0.776516027308837	0.9030988345044064
0.5420608923372745	0.6346692191832706	0.8745820315459898	0.9009071565931259
0.02501080933949762	0.5889764019625823	0.7069144187105965	0.8863680822967968
0.5402289604381576	0.5854120266727945	0.7942345135671043	0.8796312268017565
0.2857152349152017	0.5640185147593182	1.0700002956484909	0.8932202228709456
0.5782113581304529	0.5650079932661065	1.1705137813507656	0.9125543603457078
0.6282538393493959	0.5693177078758265	0.9747050368964953	0.9167894529709286
0.20782971955041085	0.5452321180288686	0.7685190099472416	0.9069103413837465
0.1708499140750941	0.5208293017514305	1.0155704930240192	0.9139932017850787
0.5241556181221976	0.5210417166041414	0.9200836336750735	0.9143820108558787
1.052031520247172	0.5542120163387316	1.1894790550398966	0.9315671719057541
0.3897683944238308	0.5441490512790086	1.2068194240581973	0.9484111434514002
2.5158215485370894	0.6623933076937192	1.2000578724794053	0.9635029340335166
1.2332111993050412	0.6959555335127385	1.4052448822137178	0.9894759803285671
0.966035504315788	0.7115303869531806	1.4581853086522254	1.0165051614098308
1.6697974532174533	0.7657490313704396	1.800697271931249	1.060874822134978
0.8428347176569253	0.770029880645482	1.6150895010065192	1.0916517017072422
1.1591879048591909	0.7912485304055168	1.723593848339405	1.126107836369374
2.467238550252874	0.8809984334998606	1.8884213898235211	1.1669302109213895
0.9596660463910729	0.8851373381879515	1.8064990991282208	1.200578835744011
1.5782812766518677	0.9209758402584991	1.539286579116987	1.2180913538116487
1.3369420694988632	0.942118960374644	1.5628494058993354	1.2356150565750954
1.9597949255136866	0.9929843955285786	1.9172912620161409	1.2696865221479658
2.0375823556199837	1.0443396858379321	1.8108559723200974	1.2962917100867068
2.261353005494456	1.1032074100591949	1.6696455545247582	1.3143510954134023
1.551305632398733	1.1245380494223998	1.896518222607693	1.3420638090442774
1.5167936638680395	1.142919267289276	1.8630923469397263	1.3664793272985984
1.699580754446373	1.168602961534106	1.6906450584888981	1.3814358483015097
1.2779625534664736	1.1735726727284455	1.533295099351652	1.3883368045082718
0.7082888596027264	1.1527455182121544	1.4793840630531343	1.3924125254910429
1.5135367448487993	1.1686579267788102	1.4866229919762493	1.3965674992664572
1.033452185703096	1.162781383967475	1.4296186528608512	1.398004408222894
0.4743132996307773	1.1332839217197708	1.2269913765018678	1.3906772874337192
0.9408271826546191	1.12515444376141	1.2377345181833088	1.3842169879441553
0.8838048798363123	1.1151010492771603	1.3783907464054157	1.3839744285540032
0.5338584279961518	1.0912209054652284	1.325109584581896	1.3815562497062706
1.4733163495282842	1.106707406363073	1.3142312851281308	1.3788277419753414
1.1735610246430972	1.1093808864154964	1.2411220565689165	1.373320941333449
1.6638540945260347	1.1312628908377595	1.3166867720745312	1.3710862799634662
1.3530409227241535	1.1399017601896388	1.175530297772224	1.3634693569479515
0.7850658871605725	1.1262574532558354	1.3436413129768456	1.362706839123188
1.1751950812005827	1.128115137528075	1.2305529798415713	1.3576892522897799
0.5333724580540311	1.105817535651794	1.2164793176777788	1.3523952062756393
0.7854711251761266	1.0939553973599567	1.0732466117624284	1.3420585385175814
0.8562443022470239	1.0852607394563183	1.0157559318955802	1.3301234662075823
0.3604824432836884	1.05906936338401	0.9567841957071581	1.3166317601611617
0.8752787896978034	1.05250662195313	1.10635479800592	1.3091232547627993
0.4381254052328136	1.030827015873066	0.9590224995822179	1.2967691467762266
1.955647187854555	1.063081404204174	1.0409917108649567	1.287848520997207
0.5604262000635511	1.0457518404854684	1.0985229281291868	1.281321138720183
1.3725585719006945	1.0568902498029997	1.1201279304611367	1.2758266027802856
0.690156877095705	1.0445308691681952	0.9706358573702438	1.2655412728005304
0.34258288289300487	1.0211369525814873	0.8825863725817531	1.252778282213697
1.0319399910861016	1.0214928736232824	1.0038310035833593	1.2445726591755033
1.3766783529058086	1.0330725446369549	1.0704495714543496	1.238895578732258
1.15131793908771	1.0368857098281872	1.0595852575922726	1.2331119874163794
1.0386533084002316	1.0369419575785281	1.0372370260728614	1.2268616551744977
0.925192414498119	1.033413373661519	0.8930401474856138	1.2163215489265835
0.6360123214626427	1.0209967384250906	0.7827888037558115	1.2027759936342575
0.8970652032728872	1.0171643386144202	0.7026844338361684	1.1873118413055046
0.5946109096885583	1.0042313839907866	0.7482355193328079	1.1738731821812034
0.5008247302428896	0.9889791796414122	0.7108508155530153	1.1598445254295786
1.3161446909502774	0.9987922354206744	0.6998589604521808	1.14604709929776
0.43512611330573936	0.9820524927828949	0.7549247864304451	1.1344315748260287
0.40466291768271967	0.9650731673048001	0.8293104762479755	1.125458812615849
