-1.0	-1.0	-1.0	-1.0
-1.0	-1.0	-1.0	-1.0
-1.0	-1.0	-1.0	-1.0
-0.8786911596221945	-0.9408952332936255	-0.3658437939446014	-0.6910228924984307
-0.8124911204104388	-0.8868740055289842	-0.14912661867806787	-0.4630403013365203
-0.8197470822070139	-0.8620499184077941	-0.08496573281489728	-0.32322520931891197
0.2958071627811838	-0.4802860200680211	0.14652060125269806	-0.16834259675772423
-0.7971953073122551	-0.5745262456065037	-0.28544454562105237	-0.20316568019203407
-0.9182752637533532	-0.66759792984385	-0.2846077041871685	-0.22521649241664055
-0.8866229819031897	-0.722020921768215	-0.5313342969776941	-0.30128014658353464
-0.9269747859027564	-0.7690719153001678	-0.6091831547148722	-0.3719650637835915
-0.32760172791115616	-0.6748974590990989	-0.1728354880957349	-0.329486782208225
-0.8018849694307593	-0.7001947384206268	-0.5744209225258271	-0.37828029915492556
-0.8776213647520885	-0.733346142378382	-0.44655526579169247	-0.3910371802822804
-0.7639754803198012	-0.7387345405962659	-0.5155959398247345	-0.4129498191583393
-0.7896194073478028	-0.747191637102724	-0.2874694142584473	-0.39209488149992566
-0.8209061530089217	-0.7588013304241822	-0.49320741472244667	-0.40801961932296615
-0.9416922129352171	-0.7861718639148838	-0.7354428856650488	-0.4570201510502314
-0.5606115025192311	-0.7540167281744271	0.32676796173700007	-0.34528592335261354
-0.20508389652673342	-0.6793069793446906	0.9701673447948764	-0.166252761925186
-0.3482364195413423	-0.6362009311893271	0.875238454748771	-0.030648508917709982
0.7134019356362857	-0.46777909172389764	0.6612355300690258	0.05569428714433
-0.14409893920092898	-0.4289970136456167	0.616659853602636	0.12290698417578771
-0.24886079287841434	-0.40824166542213025	0.9832662281757893	0.22203745945429287
1.2800659091173956	-0.22090310774796673	0.7313441969881691	0.2785514249170422
-0.11113122714746204	-0.20915642068399598	0.824334705109746	0.33695509952871694
0.26646737296365575	-0.1600118438907101	1.464187911357211	0.45342807805639285
5.184277797839166	0.37382126169580765	2.0591708794859453	0.6138233146928338
3.445709810532808	0.6707878996225831	1.8553708350692655	0.7338466732684832
4.37210176263464	1.0174404661199379	1.7269298800825044	0.8268556148809121
0.36386827768734564	0.958081012490853	1.4392153690624694	0.8824719636262635
0.4670938756152496	0.9147974641271568	1.0954153524382892	0.9012440215600672
1.2400229535387353	0.9426499328905107	1.4105013761149139	0.9448571336299825
0.8118814417286171	0.9317615736318612	1.0988365645546843	0.9576784119620871
0.1717918190730512	0.870190523102641	0.951485203080007	0.9571767685872492
0.15721945149109895	0.813945472535355	0.6225832026468996	0.9307814149486404
-0.28990292004559837	0.7290948777755986	0.7397333902854686	0.9160963445809942
1.3973052847168446	0.779177015989525	1.0435487352758144	0.9256493056413526
0.9009361567974168	0.7880804449789931	1.2981827038997396	0.9528900235735707
0.1910348661128094	0.745461413986682	0.8783307580965729	0.9475679372894545
0.14667136274768744	0.7037108696539509	0.9993875362932272	0.951181243476424
1.1496643558458581	0.7340989269294722	1.6231398719000656	0.9969697057791136
0.8829525964322056	0.7440169458840684	1.3397591415959007	1.01980948645406
0.5899345726510956	0.7339735996355625	1.2488857581238721	1.034741143527921
0.7898138528450493	0.7375360409993039	1.1699050348745872	1.0433641407788996
0.9332852705142309	0.7497643313870803	1.3590043866601729	1.0630818486899054
0.24850223091106716	0.7190900896849193	1.1517255374286623	1.068506630294546
5.837413732787335	1.0260448686303598	1.4051621464472706	1.088696944235818
0.6337934137128423	1.0029819076011757	1.3618355012616412	1.1047564933266552
2.1369994461952406	1.0683770283417364	1.380925920710315	1.1206824618956905
0.5124464408073459	1.0369230387666013	1.4016550553217075	1.136579824527154
0.9836658081545755	1.0339659562178323	1.3157463759909191	1.146529793134214
3.7893098267805163	1.184196909125061	1.3657028663535282	1.1584803243752115
1.231582238015967	1.1867349248042434	1.59354264482133	1.1817785575086162
1.116491097535881	1.183039047957148	1.8372233969060727	1.2162619202241642
3.3508754552913356	1.2951258852452319	1.636300794358764	1.2379796793837743
3.5981056448905857	1.412183574507571	1.6550632604316942	1.2591795607012948
0.7199410364899452	1.3775837866794594	1.5613043341264676	1.2742803059129364
0.4545300958084384	1.3322036701397524	1.3881707140487602	1.2798797122250147
0.6967570988962115	1.3014668173237167	1.5009083926390479	1.2905711429492301
0.8872067963690764	1.2817466320933484	1.4681847551173575	1.2990260298393426
1.0420830597317994	1.27051602150061	1.4594548413000115	1.3065436615708999
1.534950234334186	1.2827167917987032	1.3569265664538666	1.3088682717474298
0.9140341850344615	1.2659634093529046	1.4244831002963787	1.3141215234888204
0.5844816439270839	1.2354584039199858	1.5502163480017437	1.324689527865102
0.6715123099266158	1.210585598152238	1.336496450146409	1.325209998995644
1.8216441473687892	1.2371456906081137	1.39850939054307	1.3283960226308364
1.4041929920621712	1.2443028928233786	1.6766960303799765	1.34331900462653
2.632254466068182	1.302932440674549	1.6994216822778627	1.3583614005559776
1.349327030206696	1.3048653036936821	1.6416255620393234	1.370161183987575
1.1614047156496432	1.2989714423560614	1.5581321797072536	1.3778842143010799
1.0654990268441487	1.289509090768075	1.3303989960091718	1.3759599545085304
1.74228580769157	1.3076160301782767	1.2865998068308397	1.3723868778348685
0.8663985834114898	1.2902042813511043	1.4659286689952244	1.3760788743238734
0.792062923664989	1.2708013237255962	1.2488521196906666	1.3711236792911667
0.6056369629869307	1.2452242281649495	1.371896283814451	1.371153357615786
1.5188054323462534	1.2556108467120484	1.3887021661921257	1.3718195323648907
1.721521735575779	1.2730785305772394	1.4648199784864264	1.3753063158293943
1.0168628336802215	1.2635913794687137	1.2823301087508305	1.3718637125530395
1.6900436958956964	1.2791899903457922	1.521718902092736	1.3773451721427081
1.0473831790557129	1.2708128055548547	1.6103547151074515	1.3857647498317545
1.7335649165912934	1.2873358737413372	1.8822957579760846	1.4034939343608333
3.6946987343520776	1.3722827445542674	2.073699444393182	1.4271426884104326
1.055545181915316	1.3612359439582717	1.9161442412883951	1.4441971350069482
2.9540278460994416	1.4161483562491504	1.6552585845338754	1.4514735183985326
1.6139077578347503	1.42288860254103	1.5198130130912313	1.4538026217756537
1.6536206521548062	1.4306646490341168	1.3898191219571272	1.4516464027748421
0.7207040645915028	1.407003563333252	1.3510214657887913	1.4482923916700243
1.1042872240237704	1.3970254119347572	1.4669084144999722	1.4489055006710077
1.2471593721206307	1.392139042176384	1.4348311260052231	1.4484462493046801
0.9265940332275742	1.3771240977708854	1.4948110948554407	1.4499413892109687
2.1397422428115007	1.4014578802764768	1.5940326573751467	1.4545386928786614
0.8992262818449288	1.3856006560492542	1.5980889754724164	1.4590708255701603
1.4201376236077001	1.3866796546300093	1.6376502143502387	1.4646503376023565
1.0160497613502595	1.3752188126746883	1.717592988362207	1.4724718211345609
4.893037599529321	1.4828884280904195	1.7755923215664486	1.4817493968132052
1.6972644085630058	1.489383595808528	1.92464614140449	1.4951682547310021
2.237561381885606	1.5118252438218343	2.0657715466045885	1.512283561084654
3.064685702237014	1.5579423843392681	2.0620131231758916	1.528609629769798
2.1422320584757637	1.5751247236523795	2.125751230509863	1.5461699040413426
