-1.0	-1.0	-1.0	-1.0
-1.0	-1.0	-1.0	-1.0
-1.0	-1.0	-1.0	-1.0
-0.14251435537444246	-0.5822111911959564	1.175292950394502	0.059858035223444794
0.47528728805686593	-0.13730824693117538	3.195600930784402	1.3791046002385334
7.376837116303696	2.6414862228686657	1.2232914706776743	1.321483315511888
0.7745302196732362	2.0259209239920053	3.522733536978242	2.0472706787994692
8.294970626254162	3.890163886752995	2.8298103712336653	2.2799760348044216
0.5479737840718129	2.985249966782635	1.3312523707534596	2.0231045463483825
-0.08659224406875299	2.2219634874199756	1.6626285708393667	1.9335338950386034
-0.28728548696719225	1.6459184275237657	1.2203459387747593	1.769808005884435
2.4931003266761955	1.8266392993594058	0.8088117178356211	1.5648079526539886
-0.28134994214571774	1.406705119411256	0.7335452549156543	1.3992115602553965
0.0030528496872630484	1.1444387164992795	0.8984346383485007	1.3056435546352212
0.048027987563785235	0.9515563459202985	1.1231693579346733	1.2735419409405089
1.2651659471603312	1.0036781486595405	1.729284866131859	1.349286331677361
0.21843963997033433	0.8800066486513978	1.5713953961435903	1.384267566038031
6.88042851531638	1.7780000842437245	2.0627698364117886	1.4858089724454504
3.2032474918057607	1.981179249433151	1.5235239485698808	1.491185885673728
1.250749727192503	1.8817675729623602	1.8510723291695452	1.5401662873419735
1.7771991639831235	1.8681527278426984	2.264235387187593	1.6344418866493173
4.934577978767054	2.2508230495588895	2.5614983383899346	1.750132730033843
5.671370270934855	2.6606590743459764	2.4157018683821385	1.8298787459983754
3.5473916477153926	2.762828362623116	2.4107616563605117	1.8968081019281606
4.267687852925711	2.9298117441030076	1.8243811582457639	1.8887719007213453
0.18781869535381523	2.6363964369045005	1.6311450661457618	1.8612044323283388
0.8606585263099655	2.452917126038263	1.5387426882672828	1.8278864480777228
0.7238540176593782	2.280203594983202	1.6302349969276055	1.808143366734516
3.30729916650842	2.379495612222706	1.4039969615683243	1.7690738339747187
0.5928799679215548	2.212167700384323	1.3921775647737422	1.7337754115715818
0.753082315448331	2.0796493823738604	1.2539491757971422	1.6901964952997037
1.7385487510855717	2.0495798092347277	1.1437016312818837	1.6420200980195871
1.7627213730066185	2.025013543290206	1.2204323219829778	1.6059153836402182
0.5996606943559413	1.9063311321687535	1.4573308762019663	1.5935434675312727
1.902550306196595	1.9060249452449618	1.3385016227213549	1.5728806265491175
0.9461838846495239	1.8303046534126661	1.6454287159016436	1.5786040036262277
4.298989851171219	2.0200683507334873	1.5575741531670304	1.5769876992559615
0.5546930432425625	1.9102406664747638	1.325375228587066	1.5581299863270206
0.5149431972321079	1.8082128489116096	1.1451307539873383	1.5279303929379613
2.0564199866766297	1.8259307135894591	1.2774156014893912	1.5100477766116551
0.685810735834953	1.746435910404649	1.2495850719968122	1.4918871255196677
0.92139727974294	1.6902162257839284	1.0804642329040326	1.4638519990281842
1.1344489890883618	1.6531861780482289	1.0915371445620794	1.4390452010106252
0.1945569820632016	1.5581100744239027	0.9089180754414028	1.4044906173218674
0.8396511775399718	1.5122753050644193	0.8125453748596627	1.366726934985881
0.03151661314244292	1.4197751205325893	0.7662495326225873	1.3292164431902806
0.3408605944420813	1.3537518053580566	0.7394283110717661	1.293124947874622
0.2858358251491695	1.2897076353011854	0.6660938941934536	1.2555213381469152
0.2779777528894556	1.230221875923391	0.628923959989085	1.2186800443656733
0.3221463601939305	1.1778564637066	0.615134151480089	1.1838758017989472
0.1780603679466779	1.1212888805125303	0.6074531644746397	1.1512623591851905
0.18835666360728487	1.0694812612191305	0.5427847400014683	1.1174724120219017
-0.06282751799383623	1.0077445104003924	0.49729414080298273	1.0836587329914815
0.4515881251598608	0.9779625597427992	0.5064104223861146	1.0527473181752915
0.00701016041554281	0.926879604949969	0.6184398462468572	1.029897873932438
0.32184835655882305	0.8955965841356632	0.6364500007843685	1.0095546637883266
1.7843592384085678	0.9407712870456348	0.7613765816367895	0.9969400717776364
1.485166480167055	0.9679810970785894	0.9158179651391505	0.9928852634987448
0.44526651567485653	0.9422830153125026	0.81903463649793	0.9843384919428715
0.8354504356450607	0.9371154619041981	0.7836825514699313	0.9746326441779909
0.5245393680406529	0.917475738385152	0.9360513958261272	0.9727963437067191
0.8881576551453512	0.9161018376434658	0.8689268204126728	0.967928978343811
0.7082413394037386	0.9065112005575191	0.91655459015763	0.9655584751205368
0.41230796539707093	0.8840544580730414	0.9216472269055345	0.963563246534513
1.0336907094799632	0.8907523262400152	1.047191814821419	0.9673064394628297
0.841889725693995	0.8885974566856853	1.0174711851250402	0.9695191495004623
3.2188305845814504	0.9898825741086072	1.0324814909078053	0.972255829244034
0.9604906719573199	0.9886235425090251	1.0220862416389158	0.97439108637142
1.4401027302296256	1.0076949155029977	0.9160544717915868	0.9719269029197524
1.3057086749677893	1.0201091836494522	0.9313417902292296	0.9702366506846491
1.0077075493441292	1.0195997534828103	0.9493868052630796	0.9693801234855015
1.047895123916732	1.020746962243578	0.907601541652435	0.9668766101498074
0.8745387894153047	1.0149002341137652	1.035912179309725	0.9696374405989387
0.5886549606336313	0.998079328467461	0.889594509005531	0.9664790588260181
1.4583083905919194	1.0160063190606676	0.7707267258872563	0.9588545037604972
0.6052148536101309	1.0002103966966298	0.7608021987251286	0.9512388777428187
0.5971161459529235	0.9849066267300923	0.8201161732678823	0.9462606944956302
1.1207105686187284	0.9899980743246293	0.8037781747543198	0.9409188270655546
0.6802480680283334	0.9785283962801314	0.7244332210646687	0.9329025960087087
0.3726167927149677	0.9563660507087852	0.6347312222962025	0.921996551234487
0.5192312166455875	0.9405690690107682	0.4853822821122509	0.9062183900503
0.32589972527596944	0.918621200100507	0.6143714001601221	0.8957973650341868
0.7465652958041789	0.912549548249949	0.6348742029436689	0.8865899133294641
0.44607792524242806	0.8962805739928843	0.6244000595090944	0.8774455432212291
1.2880568497858276	0.9097869630180027	0.5942283703368529	0.8676811921860219
0.39814081549129	0.8923479730295658	0.5382859268072979	0.856454039798225
0.36977494250369713	0.8747364177353112	0.530894644133028	0.8454820433958439
0.6921386506984584	0.8686506059372552	0.6163061743174933	0.8378439507832143
0.6577780642750521	0.8616999295470635	0.7613000528273222	0.8353208264737044
0.7670227608959277	0.8586130148558067	0.7531029892570578	0.8326401187984989
0.37467679629168527	0.8430050281782377	0.6811716356099626	0.8277548800775942
0.7199254929091685	0.839077318940793	0.6223189478626154	0.8211992795945251
1.2052402441405197	0.8506381276913333	0.613839037874027	0.8146521506974838
0.46366245210452206	0.8385470664141508	0.6010129179532011	0.8079768637026159
0.7587984787782898	0.8360809475696167	0.7101172308420793	0.8049507108786473
0.49952666603253837	0.8257798614119876	0.6271658885520557	0.7995090545593722
0.25390927668413443	0.8084534697405359	0.7154426272094012	0.7969620989162685
2.4257798190576105	0.8569647093964723	0.6813727054594054	0.7934948215118625
1.0825247186591564	0.8636636004106635	0.6196966356323483	0.7883335156283882
0.4286589796698903	0.8508714168138922	0.6354609206647426	0.7838379675158345
