-1.0	-1.0	-1.0	-1.0
-1.0	-1.0	-1.0	-1.0
-1.0	-1.0	-1.0	-1.0
-1.0	-1.0	-1.0	-1.0
-0.880911940626163	-0.9498981651828033	-0.3026344695322861	-0.7066096063836264
-0.7639533428542489	-0.8811342034963198	-0.5000327723763924	-0.6302157820749166
-0.9777420713237477	-0.9129873613769975	-0.8120652602458255	-0.6901744460966339
-0.7086338955893909	-0.8522182410314335	-0.121539016437483	-0.5210778595691017
-0.9033761345940029	-0.8660694918547972	-0.2964076747185932	-0.460247390075047
-0.9836252064938265	-0.8952795476361145	-0.9039718181080083	-0.5705033264169701
-0.9746289919827672	-0.913495695838934	-0.7597685130704861	-0.6139526955188686
-0.8583555175496141	-0.9017331839581615	-0.6610331700977045	-0.6239959242104494
-0.5174586169688229	-0.8251815060500349	-0.5349342429897468	-0.6062538433600198
-0.9219509676163844	-0.8432624711543677	-0.7480018201242177	-0.6327388644286689
-0.8690201115449832	-0.8477938017722756	-0.3824266994664841	-0.5887036418657053
-0.6952508815739664	-0.8224410732141674	0.051166659453415475	-0.4823567923846601
-0.4947523322804951	-0.7708315584611791	0.003789270913903353	-0.40579094902108204
-0.49743426317004913	-0.7299162793748868	0.17706457267417441	-0.31856368874055563
-0.35327330552062775	-0.6762232924259597	0.42198797626326745	-0.21299306728211287
-0.6418485329515495	-0.6715449542797017	0.08489426616702844	-0.17245078287142335
-0.1149083895367139	-0.599069592313463	0.8351289144237675	-0.041261569436468526
1.1865800128467532	-0.3762319454104781	1.429804681880586	0.14231813708026486
0.725216807310946	-0.2442609320534339	2.5717258622936088	0.43339965667745384
5.1583977747438725	0.37823037202625964	1.8445596340770063	0.5959928313689304
1.2745059683692994	0.4776832881901527	2.5882470602358736	0.8170580724222298
2.382624292050534	0.6815279164552817	2.428396748718728	0.989484861859282
2.0901450463099103	0.827075158713352	2.169680433888676	1.111430242844376
3.0570349522629074	1.0498229571018043	2.6172392902685857	1.2618436513011724
3.217981792250761	1.2594243452548954	2.4859600812259637	1.3801822321316313
2.207474795329303	1.3482156427441296	2.58049539228655	1.4925995952668507
1.5251606526065284	1.3642866942469487	2.00406654815355	1.5390530242659848
0.9497561699055477	1.327743588877218	1.9426332435307945	1.5746313524444573
1.2183526337579669	1.318375558082789	2.0910305855193707	1.6188566740001318
1.3607532823241795	1.3219046897033575	2.306662187915396	1.6761277548371183
1.4521071449538252	1.3324539019742732	1.9715365670520866	1.7000617355573278
1.9132558765108025	1.3782730301106216	2.416197877989616	1.7565572647345382
0.6773798644167099	1.3243970716844964	1.9045386871922991	1.7679330062681804
3.497183714698994	1.4872452522971504	2.192273496868646	1.7997373018691776
1.131066106251891	1.461200502521855	2.0259412534282424	1.8162779348704192
0.7020840250575615	1.4070121262145956	2.053046183793697	1.8331792037652415
2.1457251698367474	1.4585189151867168	2.0555756365239954	1.8486858054582598
2.3841646229168414	1.5215941269729072	2.4128079896646732	1.887126121205633
1.9477285756483282	1.5499871597716401	2.358669235838502	1.9185447044735269
3.3013853548701553	1.664146649869486	2.3219726679363104	1.9448409696035385
1.5231613493790306	1.65515231138827	2.331350099832372	1.9694987637462136
1.7758126186072807	1.662689691559729	2.155293514158164	1.9811049682634603
1.3606106459294898	1.6442043670949338	1.9909455714484712	1.9817074196308386
0.9812566488119212	1.6044465110589123	1.7290746782055613	1.9665567458857152
1.1501905637685015	1.5777380284782483	1.6415997267489844	1.9474505958501194
1.7064169552039656	1.5851586275346365	1.529720197301144	1.923361689110763
1.4731400894809679	1.5788212846771668	1.772509024566848	1.9148272128647381
1.0037413138405644	1.5468863502906323	1.7949619916701876	1.9081715010067453
0.9736878167211627	1.5156340093333505	1.5543131035240316	1.8888783253707722
0.9553769277693949	1.48563280618903	1.5757668951934893	1.872111982396453
1.934064157471103	1.5092253460140221	1.5458247170169899	1.8549456632358883
1.468977248452581	1.507144145586369	1.6426778515585547	1.8439702361934769
1.1167644414244995	1.4873017730186042	1.901406568060692	1.8468898561070755
1.4988676492837611	1.4878797770114924	2.209285302230098	1.8650030331501934
2.285433232935911	1.5270903784312218	1.8535425837449901	1.8644399092144037
3.1703980926280186	1.606578087422856	1.989050203478246	1.870467310878308
1.8500986286516596	1.6181707128541372	2.1704077107384148	1.8847457330403445
2.4774411939816354	1.658435664084144	1.9747137457217518	1.8889613694328027
2.38590874665015	1.6920011517397207	1.7949153688891122	1.8846225257997768
1.0458664201383585	1.6626404119542735	1.8007766932647802	1.880812435427956
1.7151521426155099	1.6649912876688453	1.5675044893474985	1.8667882643169702
1.5427378907231013	1.6595993601426962	1.5652767872882087	1.8534902319471467
1.7867113984757137	1.6651247620242184	1.6808247367266707	1.8459855854367073
0.9825946411167303	1.6358817614264503	1.799907266185539	1.8440113673112073
1.3586510519904915	1.6241714254891244	1.8385558408238953	1.8437813850614297
1.3413147383652113	1.6123889153787827	1.8739230177696404	1.8450369269493954
1.6387588664309698	1.6134727571796046	1.8916616600314722	1.8469529771755941
1.5140574764027943	1.6094434524291965	1.9739853605875597	1.8521015889310437
1.4185327888249342	1.6018094723688563	1.6971651190629498	1.8459062659563101
1.636241400677143	1.6031684735531981	1.9885555489785403	1.8515359593988956
1.6815920234899142	1.6062236568317356	1.9601837628684105	1.85576847053381
0.9877282762629387	1.5824413085658393	1.7328031231425713	1.8510404482293734
1.0411772801240704	1.5618916913203549	1.6327186285969648	1.8427515126515548
1.465878398985891	1.5582922134239539	1.5040705206680354	1.8300541132701666
2.4831866765285087	1.5925393675980875	1.597653478299236	1.8214483625468043
1.053951618781722	1.5728394621600836	1.6285003604265467	1.8143910100066294
0.7024444073046971	1.5413859155306793	1.5899869019387292	1.8062811778941952
1.1579917413257395	1.52769587308955	1.4137560098159505	1.792265056864156
0.9137121646992599	1.5060299102216548	1.4034908590386577	1.778545831167143
1.1400941170921883	1.4932671592507165	1.572859008140874	1.7713719472593095
0.6066090490719642	1.462698562345036	1.3228641863744843	1.7559086671456203
1.2195626596479974	1.454411078609279	1.5772640586376854	1.7498192350800639
0.9616267920105763	1.4378036625382564	1.4632381086057484	1.7401610996520676
1.6879012756203786	1.4461381164046259	1.5000486517562086	1.732158453928963
1.2860381384794595	1.4408611399975912	1.5200067343089407	1.7251658196779278
1.3011568414805796	1.4363062994047744	1.4257611662483543	1.715404340259275
1.3043192358845657	1.432049306131303	1.414867879097503	1.70571127909498
1.3321434439396653	1.4288610696601056	1.6569223351645022	1.704154086178395
2.1061928569806945	1.450246571963954	1.6088876414067683	1.7011461808670227
1.4030333559231072	1.4487712802662367	1.5706135544339759	1.6970676128660749
0.9204807283570742	1.4324352814011125	1.4705140043838334	1.6900620435475986
1.2856524759750072	1.4279424657988695	1.4309884878950574	1.6821323369738908
1.2338333348578683	1.4220614306316777	1.5198120810352078	1.677214443118213
1.153731106256327	1.4140126718422326	1.509397738152999	1.6721805502050096
1.1233652908438172	1.4053810193544547	1.417399894838454	1.664614069131264
1.261849828375178	1.4011600257616883	1.4882833402863	1.6594285234240709
