38.54904624728883	33.53051327843433	19.512584919578575	16.909662890772644
2.6912364072600483	11.874871619612053	15.45595517264957	15.88885485367971
5.1309216361019585	7.983197864103973	12.029622617252326	13.66184025813071
5.934244026041899	6.984896123961889	8.891459128232542	11.337590251689054
7.833825268502501	7.342051903043229	7.759370914771402	9.832189177360796
1.9121819275774175	5.334039040877114	5.089619112938272	8.078345325467895
0.3743973368144673	3.698765794533829	3.8642370089048237	6.688886366925514
2.855201876867827	3.447912827278369	5.130027237208144	6.225324072272539
2.1505954098565523	3.096657881026319	5.070259799985105	5.912584774738499
40.42922311488281	12.372993739760995	6.090861610773228	5.956882706304584
0.49122541266219044	9.645311777670244	3.937673285596537	5.493335129077787
9.647178079535546	9.645708596161866	3.438277397791083	5.05494917192146
1.969966813671737	8.116618132431382	3.3368964284123344	4.712694821643455
1.5530941531637428	6.890252127932935	2.8366796318372605	4.362169909976595
2.715919866528842	6.1558971687969555	4.675131721027039	4.417225795405501
3.6038499978030005	5.731744589804034	4.7496105621580345	4.472467604369699
8.989368280632814	6.244804046040238	5.244850201481499	4.594113384566988
6.709838322242085	6.314399891235169	4.494154375746292	4.579154840277126
5.382361012306212	6.181532165850226	4.900637801358402	4.624984956122988
11.371129193005727	6.88783571251928	3.936059203724999	4.531221631721608
14.374250032052192	7.862585035897245	3.5576981350264134	4.404467297069093
2.3345256489147315	7.172719357571346	3.2893777518227107	4.265311662806115
5.760025096968046	7.003456535125755	3.312370260260499	4.151134403688891
2.160019604366897	6.445399481468609	2.900457032333185	4.007032834373933
3.4242538490298244	6.110167241773326	2.6627724626290066	3.85787136083459
6.825593491261849	6.186725520013688	2.7136064476039796	3.73542655015007
3.3078013715833743	5.889259319251263	2.5660012978618347	3.6145957137719087
1.2767920911736041	5.428526711318717	2.6284369153296177	3.5160896210330854
1.0151160300345974	5.0018724426843875	2.1640243935434036	3.3853825526244963
2.4259633042086937	4.7606216710860485	2.454822084242337	3.298229361828298
1.7489570610543042	4.487092976926707	2.475045840660024	3.2234652098231944
3.648146012961252	4.413134664705192	2.784452414888463	3.1847634984793007
3.706953479728039	4.352656512335106	2.525990352173732	3.128345454189926
2.6574313646849763	4.211503975092094	2.41281263152984	3.06876722598445
1.8900865144737549	4.023428220144663	2.319440263358491	3.0080589503076265
2.614418735364678	3.912274204725745	2.437141887646976	2.963020752962631
0.8682545570166349	3.6782864218298608	1.8370845618065719	2.8764726566382275
1.4240731646656712	3.5093366660374743	2.1711496240399817	2.823610255898851
4.97083205257535	3.6162047974753015	2.354318933870763	2.789294303246957
2.170389838319491	3.5129974614707065	2.274475101660324	2.7525446391853228
3.063553193226764	3.4816598517935713	2.254614851112578	2.7178263951000083
2.2042503860766836	3.3946153442987974	2.1524790917825967	2.679303138827751
2.9823942297419244	3.367150139371705	1.9537534125327216	2.630960976792461
0.8991205064872481	3.206279604918614	1.8755537860411287	2.5817224620812604
1.3514844565243571	3.0879510599347846	1.8403112242139477	2.534423640112999
1.0873943492618605	2.9629802458142778	2.040748221897574	2.5035851552814163
1.9744491216122046	2.9024879857718533	1.799540496443512	2.46050184463205
2.284510417911831	2.865427251858892	1.8810463412284921	2.425751302578299
5.026314005243355	2.9924799985516457	2.2306631398550576	2.414281079904578
0.9796315964713915	2.876406366459573	1.837951990734076	2.3810465441465047
0.9673051220163069	2.7683911489950375	1.8780698261681676	2.352588763108787
1.3681032893265983	2.690630344874381	1.8075970929872338	2.322324388574775
1.3296900880999183	2.6164283627773566	2.019713998344481	2.3058260253741487
0.8585568185514514	2.5222944523333295	1.8337992041567595	2.280549322870946
3.008682864958695	2.547883691912504	1.9922569937049728	2.265381758454861
2.12468896676397	2.526002553328292	2.0441828774533564	2.2539447380271036
1.9580842445945743	2.497135804240113	1.6460514342077364	2.2230461260758188
1.3070055838304135	2.437650699357211	1.6437108864601506	2.1940898473656603
1.556396798441011	2.394325238471541	1.6423256753773465	2.1669631342765476
1.948953749552715	2.372782393371029	1.703577727299411	2.1445489405829345
1.7432172491367943	2.3428126989706937	1.522418961491168	2.114933213216317
2.1157928876058096	2.3321747085231963	1.6615652437274084	2.093688578076407
0.3553496310673705	2.2409653296216328	1.6004594028537031	2.070930979224896
1.1289572740041671	2.190435250895074	1.376760428691047	2.0393876468872247
0.8903006339174875	2.132238222814971	1.2727366265404543	2.0050707858651466
1.032985548650676	2.083756150825233	1.3218310537631028	1.974936799009297
1.2714150018195833	2.048447455479378	1.3617078697513412	1.9482826616026747
1.7562987630818423	2.0359302374554646	1.2123567306074783	1.916751826765462
0.9311984666447928	1.9892647194050395	1.3097079511371326	1.891109611828068
0.9093422785500518	1.9442801105358156	1.3665751881676775	1.8692598726711527
1.21735080935668	1.9144146260324755	1.420938060745522	1.8508409998547188
1.662741167648543	1.9042144062957287	1.422258436932235	1.8334706500460363
0.8182892509505717	1.860788793686175	1.4779274164703389	1.8192529554634596
2.3277306043363	1.879216779154187	1.4060370572137773	1.802946387882935
1.1213367149204982	1.8496965173792579	1.2279385502659101	1.7805492807440317
0.6762456486855366	1.8045746233880395	1.3302237529242973	1.7632331725094765
1.6284291708932037	1.7978867005197334	1.5018472268003267	1.7533090561097144
0.989928135497357	1.7675952121676404	1.375583454688912	1.739147539305827
1.1411486648517348	1.7443984788249285	1.3877934817448332	1.7261370570826107
0.9988559055651618	1.7171285966283913	1.4335615370442145	1.7154354159506515
1.2724004704307053	1.7010573153875743	1.5384250449463686	1.709038513085937
1.8755363047727056	1.7072866399384625	1.6125950344259108	1.7055941947527562
1.1195298423821343	1.6865463421739317	1.560823691055861	1.7004853082841058
1.3100306797093708	1.6734141574732977	1.508508226858852	1.693789112574883
4.675180712188888	1.7769010007711188	1.6236859029464785	1.691371768060646
1.4805769834255682	1.7668008859742126	1.5633732637271311	1.6870088552872033
1.1896891861295669	1.7473511963940398	1.490356838666583	1.680381047464877
0.9269459053866103	1.7200097161029713	1.4808089093968855	1.6737299535905992
2.431623546066428	1.7434644075002947	1.6274225042534187	1.6722031831476096
1.6381617243422295	1.7400310850607479	1.5696782007354675	1.668860425673505
1.3584781401779091	1.7277248292457719	1.5476066051280886	1.6649493145226106
1.549482658998497	1.7220371080669308	1.5617504755994283	1.661656151483962
0.8343534167182318	1.6940098323197117	1.5534659846403382	1.6582399018962963
1.5187167105081416	1.6885327277673108	1.4083359320047744	1.6504316325048416
1.3019643421972966	1.676578649291529	1.313886055172199	1.64002437642272
1.2160836000840614	1.6624842375159554	1.233202649269515	1.627572739862578
1.2747199560427798	1.6507359208004888	1.3287101737310225	1.6185179562025285
1.3108289060619227	1.6405402232065383	1.2858459161596962	1.6085392734804036
0.5940364205856816	1.6094611421400207	1.2123809217082537	1.5967741792894636
1.011737861745587	1.5918837975591251	1.216578194092211	1.585593633474145
