-1.0	-1.0	-1.0	-1.0
-1.0	-1.0	-1.0	-1.0
-1.0	-1.0	-1.0	-1.0
-0.942025798474666	-0.9717534908451892	-0.6354499986114742	-0.8223819443704197
-0.779763211982137	-0.890980773617474	-0.3885854064914175	-0.6398783020988172
-0.8401365565152157	-0.8721781641861478	-0.21097748371535063	-0.4812671899140376
-0.8097183813798546	-0.8515841886167093	-0.47273050727653854	-0.4784525490637569
-0.8677687986456517	-0.8563970614093381	-0.3325020840487214	-0.4350509161834718
-0.7369818513519582	-0.8240648279482131	-0.38312615419709684	-0.4209920481077689
-0.8074990243646876	-0.8199485824425998	-0.09071971862367534	-0.3389265037994479
-0.7051029767818533	-0.7935836258389013	-0.10134310495523746	-0.28438478879065865
-0.7146218574699276	-0.7767395175993712	-0.048995146157303715	-0.23417153091515897
-0.20037052732860394	-0.6619205107027293	0.14168868138206947	-0.15929600526898757
0.22590915705189207	-0.49603320909912585	0.7851869395967634	0.01717677897938308
-0.566234694698828	-0.5083831896272747	0.2840263545814712	0.06412122755326433
-0.5665434617527512	-0.5180495010128081	-0.07156346492309151	0.04157026530267949
-0.5063394910191551	-0.5162052409648317	0.056086071591383346	0.043856409941528174
0.1450769013002775	-0.41724113077641223	0.29270438008839106	0.08109768489023361
-0.4601855651137168	-0.42336318742928714	0.38851247332907923	0.12492160410868003
0.16479135800019784	-0.3433153810756142	0.8050286411397873	0.21748410554807074
0.37252873995005853	-0.2501107837749257	0.6733054078587117	0.2768331934404542
2.0309837384656664	0.0345553840952042	0.8438359736327847	0.34759169263701284
0.9181905517858495	0.14042919538431908	0.6768698903698158	0.38704477627207834
-0.16920284190525647	0.10475368020319542	0.6915589820189838	0.42213086668411304
-0.0499828505221106	0.08758400156840551	0.7960732708107996	0.4636247758836387
0.30463023249745924	0.11080982861926736	0.6737392249149732	0.48610887675491843
-0.0025558315954269384	0.09909645507870257	0.5985472118459749	0.4977270615421592
-0.2908795883070211	0.060142220479192376	0.3647408457894199	0.4844430618831952
0.015847277203605348	0.0558601106381138	0.41488269867822014	0.47771847996687256
0.011034689234890926	0.05166200578511648	0.4716229901960365	0.4771477241336457
-0.3056560372316055	0.019209281648958187	0.25598399487026	0.4570609491901019
-0.13840425392227018	0.005314812040421613	0.46872307618018083	0.45808920464264125
2.0743112422195438	0.18250567099080262	0.6807352653520244	0.47715689725456856
0.48774692454747304	0.20792188723314364	0.9942168968366507	0.5202103361782195
0.652470605957701	0.24393838244817578	1.1344241903127785	0.5699727693539847
1.8411155730390432	0.36993745653489474	0.7370493009573345	0.5831532902980312
0.40524887313426095	0.37265212632524203	0.6112725968943689	0.5853151668262744
-0.27458009553284635	0.3241430477560998	0.5086041708461118	0.579565980301227
0.23247888030014074	0.3174403481020993	0.6072951159170377	0.5815936399636195
1.0379851817303227	0.3688752828328117	0.7444279550922634	0.5932172865464607
0.7491119596583324	0.3953873041617084	1.063241487467662	0.6259897468876106
1.4244507304475884	0.4655094716794286	1.0394197528861633	0.6541615154339053
0.43970250341521155	0.4637900264787109	1.1138991263396822	0.6847934545914263
1.7570182382494046	0.5480854517348945	1.0462880662478402	0.7083566490721511
0.5310522810787428	0.5469990538457958	0.9519601059470073	0.7238979456167958
0.4307270245288697	0.5397355972542208	1.0014487331392439	0.7412358311101046
0.7884790267335182	0.5549573823532479	1.1440275283144623	0.7658845183828915
0.4253746316540321	0.5471862185821177	0.9062600091621806	0.7743031609080218
0.3363855469733805	0.5347921363079136	0.8437003483432723	0.7783837804846578
0.48876016692978563	0.5321380954142358	0.8677222555485791	0.7835361923529738
0.2046469614454136	0.5136089846805054	0.8394124942865069	0.7866977300593212
0.5269858056734893	0.5143519457395902	1.0103449014810821	0.7991174851306013
0.6043649739166765	0.5192600984665536	0.9411054563955585	0.8068595488442474
1.453201339405985	0.5692735151617563	1.0083530378043264	0.8176501898346751
1.084357746403731	0.5963727853090721	1.1734535135046729	0.8363695086000966
0.6398621258629085	0.598621162260458	1.0657448091153605	0.848228990023606
0.2974289627051345	0.5833118188676145	0.9562602742463506	0.8537199143853824
1.044575922113704	0.6063667010978169	1.0052301761942966	0.8612926521935462
0.62695906184623	0.6073791794218	1.0435227380369039	0.8702517753622903
0.9602703174930336	0.6244484824194731	0.96739622739096	0.874950451405436
1.1922265527653995	0.6514764335906229	0.9216557705961368	0.8771736730905166
0.5250830737479042	0.645553640573516	0.8320827724855164	0.8750606914642733
0.8607525820944755	0.6554828278966964	0.9188226790142813	0.8770799129143985
1.4077389883129512	0.6896661203794943	0.9921853564555645	0.8823107019855987
0.7083143357055559	0.6905007045369465	1.0125154475830516	0.888138815253148
0.8744187518246056	0.6986123025581867	1.0601721023742687	0.8957262374902071
0.9031955008763293	0.7075047768923981	1.053498840246407	0.9025840676179409
0.6218819015174111	0.7038364943426558	0.9908139265873133	0.9063645585346587
0.9381135082931464	0.7137327919563836	0.8176064332253985	0.9026152678160582
0.6040896669728697	0.7091657069836304	0.8218246349884608	0.8992500623231128
0.5187272482124674	0.7013417199818446	0.7632196323504086	0.8936614541760233
0.40157408286007557	0.6891924029742074	0.8133390789686192	0.8904063231634025
0.49865299945688224	0.6815731196897006	0.7546924941844846	0.8849795614595275
1.0759126122652796	0.6971353373964768	0.7649155130684118	0.8802414513835792
0.9275523337085605	0.706110446693285	0.7348033100099609	0.8745764501366231
0.6958237640401388	0.7057147951109994	0.766706967833509	0.8704285146349116
1.4277018430320059	0.7331254875981599	0.7703663634384852	0.8666295503350514
0.649773085605609	0.7300005516560144	0.7666229476362996	0.8628802307217771
0.9423475354908089	0.7378632974454935	0.6588717345318	0.8553259453843816
0.24624752412619344	0.7198813334955805	0.6248094177551633	0.8468942362617748
0.335508695615087	0.7059911717373695	0.6625191394627454	0.8402312522811755
0.5308990948866656	0.69973896116588	0.5601261525120265	0.8302293829158984
0.15481248049252638	0.6805101799106734	0.6137345384888298	0.8225897721217648
0.18404913337932172	0.663195114532084	0.4876812959179566	0.8109090114510789
0.45974324661579646	0.656180730678595	0.5813903716667577	0.8029959378387781
0.45491971268661047	0.6493208025520751	0.6470139972872275	0.7976792831669406
0.37704269687156367	0.6401445760007196	0.7296628888941679	0.7953868765406953
0.42539816298907085	0.6329876870238429	0.5924292819929675	0.7886228621354803
0.17229600463490513	0.6178027397504693	0.49618481848122853	0.7789836029756803
0.260774375786595	0.6061625406257871	0.41876868187990124	0.767239491574649
0.23381677523303268	0.5941534862125317	0.37192519838082005	0.7544896390849587
0.4483478392964677	0.5895009306955847	0.48771334548616463	0.745977027866789
0.1654020378745713	0.5761107779616423	0.5318459739813126	0.7392162408943395
0.9949981806785055	0.5891986761687564	0.5667045042935899	0.7338262167316982
0.5111560938970716	0.5867856104751226	0.6899588555710854	0.7324699539115449
0.6023627187327938	0.5872619441124409	0.7470709188148663	0.7329163716124529
0.6675115360220556	0.5896930482530858	0.8280944192151116	0.7357997483023688
1.715616402132151	0.6234646608207479	0.7347731741831229	0.7357687063504286
0.9287190188025538	0.6325300768490556	0.6030785410740915	0.731828038932159
0.26772361323042704	0.6218021623707473	0.5617593282151143	0.7268267490910765
