-1.0	-1.0	-1.0	-1.0
-1.0	-1.0	-1.0	-1.0
-1.0	-1.0	-1.0	-1.0
-1.0	-1.0	-1.0	-1.0
-0.9496976519727696	-0.9788371710456497	-0.6158244845621097	-0.8383725404376703
-0.9603496984633149	-0.9720003478516486	-0.6327604303296435	-0.7623354438265594
-0.7158267954119908	-0.8875358597789267	0.24238973339733239	-0.43106161307641366
-0.8273633935084443	-0.8696422290946817	-0.24720402521039442	-0.37638746721526606
-0.4633850610614354	-0.7596462269349221	0.2920197690267128	-0.19541317212728448
-0.4030386275172776	-0.6710369307118085	0.6223122946606863	0.007773972645938709
-0.22293864462579616	-0.5681677015120921	0.9704328734230887	0.22877004515066424
-0.3500653637108776	-0.5216421140065082	0.46898486247090054	0.28001260134356465
-0.4016627883774766	-0.4977408468518971	0.34506337515691676	0.2929716192133436
-0.28614774784584684	-0.45820548936113703	0.24016571131339481	0.2831052243717955
-0.5238169340834344	-0.4697479919027622	0.21506574536608225	0.27113550974127176
0.4013606098494611	-0.3249693451665685	0.4584322972207828	0.30226416230094366
-0.45307897956982024	-0.3451459984334977	0.38563530397464296	0.31539483510386623
-0.39689261361760797	-0.352890078386073	0.4788966656345346	0.33986384241244116
1.0739250109789977	-0.1494880232035758	1.2937801004521683	0.4758510253732742
1.063214798309502	0.015560687254406735	1.631570975666199	0.6331442868986334
1.5688577006133397	0.21780329635293993	1.3504938013015946	0.7265447124673965
1.367114747927955	0.3612302566575609	0.9847729480201151	0.7587702169616273
0.532985768707863	0.3818094849595062	1.0452244167072355	0.7930922232174544
1.5131154691071007	0.512157623418831	0.875277876366316	0.8025614627768143
2.471284533468487	0.7295471221735363	1.0725908977985603	0.8325247911477882
0.6822104702192986	0.7244821208372778	0.913646916244059	0.8412059828565488
0.47676779125720237	0.6988869860031373	0.9264460182993892	0.8500137310603351
0.060832685778013484	0.635152688460165	1.009508932206424	0.8659454709971754
0.7141974501735	0.6427942430456206	1.0815538252604968	0.8867889611075874
1.5313213996389354	0.726010470333857	0.9934205765873061	0.8967756189817606
0.8013683303593111	0.7328548033830198	1.0927090648412623	0.9145710128191491
0.6548191977893378	0.7259753678293546	0.8885019348137579	0.9122727164275677
0.41408641051182093	0.6992650903619799	0.8781527148475068	0.9093508769095886
0.2791092143536864	0.6642808749455105	0.8003503828917715	0.900275181345487
0.08806910653311739	0.6175975224942643	0.7776769432255137	0.8903426821583462
0.46230014301445777	0.605346517171901	0.7196553634964173	0.876877617810232
0.762327875863813	0.6174134716843311	0.751106489617176	0.8672099140292568
0.7986433554672505	0.6309966696931892	0.6876345614737349	0.8537512344325104
0.12115445396658364	0.5937157068782217	0.6432520459474405	0.8383590374668559
-0.256728721235467	0.5330080023507215	0.43722616560377725	0.8097246792289123
-0.16729054930113496	0.48417970127327603	0.4480018403914059	0.7845036000747263
0.36907128085876484	0.47633614297623117	0.574837800813814	0.7702167454589974
0.5336843900193045	0.48015718551435316	0.5691833493922132	0.7568220706818911
-0.120173105888837	0.44102663811420517	0.4581426635439989	0.7373537499920395
0.8139261730609446	0.4648162838878924	0.5566468997300136	0.7258254050652595
0.17287049184582526	0.4465790117585293	0.6219924768287379	0.7193392265919796
0.4015800525851161	0.44382533061810236	0.5423447798779601	0.7085081672980411
0.15737695309272448	0.4266468024759025	0.46615655514788035	0.6939742326797065
0.3115919383865464	0.41988218287511136	0.6270097010987461	0.6900371947793136
1.0728842895839592	0.45753856207487464	0.5892068989225219	0.6842227083452146
0.23368287233823093	0.44487344951809793	0.4781368557945247	0.6725630891684917
0.005926123001993799	0.42049795268917656	0.5043863594474458	0.6632241423669198
0.7586191803688749	0.43893352149417453	0.6883199787354883	0.6645925931711116
0.4742669650811242	0.4408257109893612	0.6754915941356177	0.6651763274884324
0.26438931201551696	0.43154313704889136	0.6245291719323267	0.6630377708461279
0.3301259653767896	0.4262992827054888	0.7714243676249759	0.6686417006761358
0.8226429772039161	0.44644458303469103	0.6926800973496281	0.6698632067889729
0.49162244574750824	0.44870269329695955	0.6057008912769111	0.6666562679704866
0.8847862138003466	0.47014190338351547	0.642462032520104	0.6654667741044127
0.435940685762356	0.468487369050564	0.6163125245743877	0.663088927185526
1.284178281646664	0.5073169746658186	0.5435722968504202	0.6573996087299379
0.40848460270378606	0.5026858001091117	0.6252822130947977	0.6558946982137792
0.8074703700865742	0.5167482037417528	0.69629398671612	0.6577585772258043
0.3004629311083804	0.506920200549072	0.5991403513730482	0.6550950632476866
1.4758834566135257	0.5502937550044678	0.7850668829687992	0.6609131285748264
0.9669255528334149	0.5686691569336857	0.7564740181870822	0.6651278255855544
0.8351093881231058	0.5802501941412064	0.7706905491215355	0.6697162118346709
0.8750920779552362	0.5928828624092881	0.6761824557761291	0.6699934068886793
1.2095581338248023	0.6189324706111587	0.6347579384247435	0.6685050943010862
0.5925654835682348	0.6178341287880027	0.6945831019375017	0.6695913662262689
0.48742913887965655	0.6124767255631687	0.7649202960531698	0.6735082840757929
1.3984290713191436	0.6443314766644328	0.8752636115992403	0.6816855189649487
2.045805275298115	0.7003763327045214	0.8750924334976535	0.6894199596794992
0.3319717466155425	0.6858379895472999	0.7597854640521209	0.692197244758123
1.4115284395669723	0.714105039703627	0.6314371507332983	0.6898307838453137
0.3769337816455829	0.7011398969397318	0.6070623660404448	0.686647981915647
0.11730163058711152	0.6789741149582196	0.4490507551626106	0.6776274949893766
0.2128185427166318	0.661497325858498	0.4471621397069807	0.6689870321677378
0.4616842508041952	0.6540984968586698	0.37337173128786527	0.6580407841747309
0.13181371834753697	0.634994947286579	0.40141254040468466	0.64865423312086
0.5713411364131185	0.6326943455234149	0.3326300297490403	0.6372338744218737
0.34173836866398943	0.6223050471128069	0.38756773122183596	0.6283188848775312
0.5534451977861958	0.6198750796508765	0.49708481050178976	0.6236879474054573
0.6558283389980466	0.6211287933456529	0.4329350773304934	0.6170349896058234
0.5433776186557244	0.618447976550971	0.3580304406512762	0.6081053771564431
0.20468149789019585	0.6043448501158466	0.3143164855564837	0.5980915405056204
0.2457194473952773	0.5922586619912651	0.36233519972454475	0.5901461726114492
0.6162796773872659	0.5930589788955718	0.38945634009363794	0.5834576269867393
0.3249219293687742	0.58422074172561	0.40578678641388466	0.5776012014969734
0.7756906590331094	0.5904630873409797	0.41200874259514997	0.5722024298353294
0.21447758059126176	0.5783366993928993	0.4204265177113764	0.5673072423018837
0.8916984449562035	0.5883355608815042	0.42587423946891945	0.5627941000476511
0.41087364084642086	0.5827324406845882	0.4530543646968854	0.5593291850799658
-0.06009072002463878	0.5626475856645532	0.36442503778518054	0.5532391988716883
0.40038854165919413	0.5576301288278707	0.293255986412017	0.5451998786880594
0.46487783957878115	0.554791285663587	0.26073353103939256	0.5364932534430134
0.1882148694803376	0.543684610804668	0.26904782135794414	0.5283900204141965
0.13741318730598762	0.5314984369026712	0.22492987316424484	0.5192876579278369
-0.03307258891149889	0.5147318288796148	0.24491940275944724	0.5111395119062843
0.07463420962002121	0.5017897681085011	0.18515906878822874	0.5015532740960778
