-1.0	-1.0	-1.0	-1.0
-1.0	-1.0	-1.0	-1.0
-1.0	-1.0	-1.0	-1.0
-0.9398000329351681	-0.9706690361143374	-0.5915182978757951	-0.8009772656510591
-0.20898943147983773	-0.6502209233832138	0.3701920160095018	-0.30825174507372655
-0.5368603024974866	-0.6082992778341059	0.5717465926494567	0.01717890286708612
-0.3289278157569271	-0.5161860193597242	-0.1137844861289744	-0.02600180097940019
-0.9004390265834197	-0.6304524013091901	-0.4246630933821198	-0.1445528848743033
-0.9331578103322172	-0.7124113361502196	-0.44702949260362934	-0.22644989185573672
-0.2730266284473617	-0.6032337427707355	-0.6226454156198425	-0.32489592726479
-0.7990849299957732	-0.6481950476996894	-0.3077192282634489	-0.3209527178348569
-0.9179947952871079	-0.7057487929550372	-0.4139148917650848	-0.3407834137595964
-0.5836814603630941	-0.6814316567511751	-0.17760978788639792	-0.3082774550794152
-0.7339660919637268	-0.6912474953297288	-0.20779389197877318	-0.28950254527710273
0.1751320908393723	-0.5388329494154565	0.4907679247711585	-0.15223648424070002
-0.03658789147464936	-0.4553595214838564	0.9888505017633398	0.037412861271035824
0.8660521791015614	-0.24724328510263505	0.6594173210851535	0.13537562534114467
0.5125255729904474	-0.13354004440623368	1.26402150776922	0.30428317329921506
0.9308209094481064	0.018191951145076768	1.4761949096255078	0.4713473203634295
0.9615316937207656	0.146580230726568	1.7363958835574334	0.6435200626762381
1.3735819000586562	0.3063389423480998	1.7763735936703298	0.7910205522298341
0.8818065739612904	0.37815360131086173	1.9632412912321655	0.9373061440925721
1.3390289353456089	0.49328182828398237	2.04857843748923	1.0704543707851064
3.3177719157773495	0.8187188846788298	2.013208172801393	1.1790786666170243
0.2821571684422466	0.7591810022904528	1.4227139226643617	1.206113336880398
0.34657915020231456	0.7150295090610861	1.3977128919432689	1.226616534759562
1.282538576241866	0.7736682725035859	1.2155630400577735	1.2254747601353841
0.5558058022475012	0.7519063648902773	1.832616545699362	1.2861213466066128
1.490589358729086	0.8233163253354832	1.8163433760245131	1.3373788918449812
6.372937005594819	1.3430746692956226	1.5720321594302065	1.3593558144981301
2.8546294895828006	1.4803592468934328	1.6970513476574496	1.390026731851346
0.623742755712499	1.4048436749994169	1.8099540489321146	1.4270462666356019
0.8459502094349036	1.3569796184012008	1.1395845453464468	1.4024278798366714
0.005789814756952394	1.2444724960920217	1.1014488066615393	1.3773669611080428
1.1525452746346905	1.2370250943787569	1.0773857987946807	1.3530634629375178
0.39623918075566444	1.1706970559509968	1.2968496359059367	1.3486293249887558
1.1702486126060934	1.1706631901178821	1.0455788063458145	1.325334965728374
0.48579055831773776	1.1193330796118977	0.9294816774934629	1.2956665095750797
0.3690433663481052	1.064469761356654	0.7796162788162	1.257931347762975
0.14424464087908517	0.9987808908657625	0.7131772366667426	1.2190448675764918
0.08996319479105863	0.9354135213834041	0.6752074769417671	1.1811257388977565
0.7067961760759058	0.9198352569524257	0.7450497443583628	1.151410853694089
-0.281592967438161	0.8397853345022552	0.4983037894072484	1.1078951101897303
0.8922759725891631	0.84320668225528	0.8654752804832355	1.0920936477215246
0.15131976250558887	0.7990669808626107	0.6675845209473068	1.065011654362078
1.1946577370825304	0.8237788794553047	0.7856255979170943	1.047558955537132
0.4126473528647332	0.7986201080004307	0.8480008473853813	1.0353473301782685
-0.02942356112857647	0.7489613451039807	0.6095174276181119	1.009810006791089
1.0330948537924183	0.7656675597092399	0.6506671714371508	0.9886938759171915
0.17754457646578126	0.7317526945992936	0.6971368893450236	0.9718809737598113
0.42704262394751846	0.7145126936366515	0.9022890492618794	0.96794384440104
0.44766403394064413	0.6996942373390562	0.7337062746709084	0.9549363929735526
0.3568790268272293	0.6810031886147749	0.7452666413609699	0.9435049309528101
0.6374213120543857	0.678669606415653	0.8194016957206725	0.9368594496060045
0.5493214656902441	0.6718643678423375	0.7815229932725056	0.9286869231140296
0.27007345595428855	0.651089948598899	0.8287538498840938	0.9235199591073322
0.12669063146570037	0.6244352153678763	0.6421162331031343	0.9092163188189892
0.6257091135469104	0.6244986983891867	0.8764645025045577	0.9075790962132371
0.7077692368589534	0.6285924724667324	0.9317169821913662	0.9087657133370559
0.5975050948218084	0.6270888001407322	0.7157340755916395	0.8994286998065495
1.4105264755136964	0.6643831862670129	0.8147525717841602	0.89539801272729
0.5304069762828898	0.6581051805115634	0.8062631711434851	0.8912212809264872
0.9447504788935162	0.6713310591501622	0.7498276738595417	0.8846977474166189
0.3241461239631791	0.6555550136649722	0.8002450029093446	0.880860450821531
0.21385970679193522	0.635783488441368	0.9070662382974017	0.8820333208650502
2.0747370507661396	0.6992479051639038	0.9482198286731447	0.8849524204420882
0.8859638026169818	0.7073636447408731	1.1288992450112736	0.8955557418826927
1.2142346773923265	0.7290806680189987	0.8699030736969942	0.8944567643874681
0.734027458446523	0.7292897611827605	0.8182146169140627	0.8912362966354808
0.14459897705280822	0.704934415941334	0.7418344175848788	0.8850131454738481
0.0908123393944551	0.6797034188704547	0.8190813354138249	0.8823046450707723
0.8158143481582842	0.6852203162430139	0.7930545649184106	0.8786876628256564
1.4067412031450086	0.7140743567448433	0.8372340797321389	0.8770303859277653
0.3645528731862906	0.7002813076481524	1.0046414681497358	0.8820669827775869
1.0883494326124774	0.7153971894503786	0.88314021772453	0.8821088414506923
0.5075012595003736	0.7074032346207237	0.8641636693378953	0.8814189502210132
0.6274883271730551	0.7043693172483896	0.8399811607553174	0.8798458574660148
0.28767090297900766	0.6887465639430741	0.7825899633491089	0.8761993409294446
0.4419367851118772	0.6796074239503986	0.8409659488220467	0.8748945414983946
0.8074324500524179	0.6842827882852796	0.7067064282881921	0.8687425902250272
0.8248696946239971	0.6893629870918583	0.7793579607177208	0.8655123985313793
0.3867616723291789	0.6785577199743131	0.8443420950708993	0.8647559267694196
0.38765175362840765	0.6682923852798877	0.7238674466581849	0.8597841402682889
0.704627644541965	0.6695593306055965	0.7101800427665823	0.8545661845060495
0.4731698922941674	0.6627885162152096	0.7194743293893178	0.8499086187925018
1.421317619767117	0.6886417018073303	0.7401556675511316	0.8461674173308222
0.17798871127025384	0.671431983544927	0.7823148549430095	0.844015327017047
1.3566436511539854	0.6942678830136608	1.0287365674832167	0.8501714823289364
1.0918224138993016	0.7073714088859535	0.9555491959827214	0.8536446717515067
4.73232319268193	0.8385949853739516	1.0215418406354777	0.8591185621055168
0.6966856628237466	0.8340182586649536	0.865018932117434	0.8593090124509957
1.2738937570096511	0.8480539923738901	0.8210286725515832	0.8580873147945678
0.5747862964387189	0.839425781900571	0.8500346120797517	0.8578327488388875
0.6865795457786614	0.8346500265545242	0.8512513100388468	0.8576269357749018
0.3798861125916744	0.8205875260749123	0.6764165063788068	0.852023338404976
0.18342846594276585	0.8010860370482071	0.6866378130369233	0.846961388353344
0.8918735678058909	0.8038366402091506	0.7434769668132748	0.8438259746766106
1.0797451269027039	0.8121126164010144	0.7400643766290216	0.8407137501303554
0.5371312131039427	0.8039462828925745	0.7440243778138276	0.8378423485217419
0.21916902741429567	0.7867498348348729	0.7565666174459573	0.8354523669611471
