-1.0	-1.0	-1.0	-1.0
-1.0	-1.0	-1.0	-1.0
-1.0	-1.0	-1.0	-1.0
-1.0	-1.0	-1.0	-1.0
-0.8908828318229376	-0.954093039412374	-0.3479252240747308	-0.7256639671035838
-0.8500251377767996	-0.9156078590284685	-0.25200530640947916	-0.5505010427925181
-0.9060779668132937	-0.9124656966605699	-0.5782497518326046	-0.5596502165726607
-0.5386766588509684	-0.8013111149071811	0.04045167593889687	-0.38119647078127583
-0.7871946822379505	-0.7974890202098227	-0.34210299267467204	-0.37061171514113067
-0.5332746303216893	-0.7318374725457426	-0.1739172911240643	-0.3217374357484093
-0.08618450539973144	-0.5836157935778711	0.19802417669350314	-0.20241647496236237
-0.17465776853680803	-0.49637677712310146	0.4706594092167229	-0.05883577951527119
-0.1483280731577319	-0.427041650455105	0.5655026652862991	0.06553930266345276
-0.20630266147120047	-0.38579758998958824	0.5080452825842929	0.1482195087210636
1.3060102180827853	-0.08817287755077652	0.9963797605776306	0.2974286182502832
0.38035001200565755	-0.010304200330123803	0.9221129485759756	0.40125137605221006
-0.3661413861419833	-0.06634694563317134	0.5405950979922465	0.42319740445511767
-0.06795031341920066	-0.06658703884190253	0.4481854191742791	0.4269367658688217
0.7052609313994762	0.043444984793469255	0.8041348394065162	0.480708815157993
-0.08197370184281982	0.026375406064275353	0.7457711154716156	0.5167836649665303
0.02162201815623055	0.02575668353514171	0.7588430064268101	0.5483006272983155
0.8581399311950577	0.1296328295679834	0.7627588126060083	0.5750637322108743
0.11225179171853594	0.1275504263554621	0.6447411057342056	0.5834123506913911
-0.08153549745165856	0.10345980108622244	0.4472051892296036	0.5677188343591784
0.6651720461074935	0.16578874135468258	0.6227003525032044	0.5738198097293552
0.10898813011099606	0.15971094716708212	0.6212251253521386	0.5788930543715931
-0.24560133617243818	0.11783181151662014	0.4006034551931281	0.5604713755630848
0.10203758313631872	0.11625400392860619	0.753435924447049	0.5797460866708743
0.4925051993975649	0.15262711977888754	0.9055925542341512	0.6112464822233672
0.6826046705985855	0.20226299585827423	0.8637689605318093	0.6348968940835544
0.3475013935643816	0.21545426659066558	1.1552053931310415	0.68215334581468
0.37092512460382276	0.2291600958310296	0.8368527978564861	0.6957912219597089
2.127464718241264	0.39173267358527375	0.6899777556266893	0.6952933910698111
0.029268058579204892	0.36155209772275754	0.726804144475671	0.6979173886096472
0.7986041295490713	0.39696139417950227	0.7474169861712765	0.7019280094881326
-0.20070861239481685	0.34981216791371295	0.5189848982547702	0.6874960172529212
0.3493011962435568	0.34977314355240385	0.6930310163097115	0.6879217998867746
-0.06119713610781252	0.3189716616461544	0.7722299267261536	0.6942409209882716
0.18585966749436245	0.3092382349089884	1.0168345723128698	0.7178299375862653
1.3789006305010694	0.38559447836906324	1.145910748052224	0.7483878770635863
1.977983149874647	0.49662366853143114	1.3755670777755675	0.7921178448889112
1.9917309870586037	0.5985033860419942	1.3332245125539237	0.828990094306459
0.8447829807228127	0.6149129314865274	1.2712526493633778	0.8584578340467115
1.8143131687315943	0.6930920933142672	1.428868691350352	0.8956382970597327
0.9483390665048388	0.7093762386538691	1.1431096199904696	0.9114264215034724
0.462545595112861	0.6939572932683682	1.140048387963024	0.9257082011481037
0.6888756757092738	0.6936463102141266	1.0843343821321656	0.9354152067249057
0.7750250697671142	0.6985267588549815	1.0752101432636225	0.9437989638929247
0.9050894741698847	0.7106724474025508	1.1250356308457672	0.9544556367500756
1.679979847067516	0.7665696921637677	1.2487030418935068	0.9714244408162913
0.43968579348011927	0.748075077549708	1.1502756493604274	0.981544002942973
1.4136340882567096	0.7850351654457493	1.2606697116238545	0.9970446213164221
2.733889227757206	0.8912931455130351	1.2407487569272568	1.0103323839362894
2.8480613081782558	0.9960785205417335	1.143258248772891	1.0174507375567425
0.736279124319879	0.9824102047519521	1.110546208785959	1.0223486413996858
0.6106621255812421	0.963189105148254	1.068839379533764	1.0247524173768272
1.2106368607607951	0.9757663925563604	1.0731500324687286	1.0272122421895626
1.7820289798463498	1.0160646463760568	1.0585639965786449	1.0287789439297712
1.2308521071372471	1.0266239585860801	1.0370491324979532	1.0291852423853096
1.0108619688652318	1.0258618351258537	0.9680974121112709	1.026230673625284
0.757693101633963	1.0130961542065244	1.0557430010872766	1.0276355741820655
1.5738954232935716	1.039375124419589	1.1439250212245105	1.0330848997818483
0.7654834652982658	1.0267379544239605	0.9824484898226284	1.0307485513932022
1.108647912434869	1.030459921733684	0.8909354127044413	1.0243953218538087
1.4633055212525057	1.0498355870456075	0.9548342081187462	1.0212818913814399
0.40737920302989283	1.0215005173037648	0.9108549380500017	1.016411838510419
0.6816757717437583	1.0067300589674857	0.8929958905917446	1.011047767102915
0.9179553594106677	1.0029265930575209	0.6985691724769783	0.9976596969347777
0.6150210413929884	0.9865408835977689	0.8447994301106616	0.9912027419231231
1.0726693117453379	0.9901285601895959	0.7617027651626063	0.9816428109955584
0.2575824552327324	0.9600321717352829	0.6925813278816708	0.9697670522265565
0.3543277657741606	0.9354832467225613	0.7005889550720019	0.958857595252919
0.42649587502297814	0.9151290837326449	0.8067319320858966	0.9527742874693155
1.444581516044602	0.936023505391008	0.8172043285655146	0.947424346444171
0.9101954412381339	0.935017531508356	0.8418139082881892	0.9433107299657026
0.6440322361140385	0.9238284918184618	0.8401064558661848	0.9393422959906288
0.5993664680573962	0.9115099964396183	0.7988829128847545	0.9340095802988262
0.8101688239430143	0.9077105240182115	0.7423990742165749	0.9268257966997573
2.063511010063204	0.9505078802341724	0.6975937967474526	0.9183374924029228
0.384368425612027	0.9297999932199736	0.6685477202088201	0.9092007578590848
1.2499853510816323	0.9413701876340865	0.7192920334245567	0.9023379288364057
0.7224219112382202	0.9335521325740064	0.6592078774373289	0.8936564319239118
0.31784999850834916	0.9118258541491975	0.611742987799119	0.8837083720425536
0.27089195696355417	0.8894721023497942	0.5438073861380102	0.8718535144714352
0.4299212877448517	0.8736284680277095	0.6311722199046477	0.8635555085571427
0.3711228633548356	0.8565010417039294	0.5835907378777963	0.8540131637184316
0.5693440002543593	0.846823429806852	0.6523368966248779	0.8472163480540837
1.1298907092744068	0.8562570003941834	0.5939262805029049	0.8387748820773577
0.1369457918316519	0.832547839256806	0.5684261208327936	0.8298637598373875
0.17411149619264754	0.8110810153789907	0.5703089199577285	0.821401422213186
0.3098444677078651	0.7949149339909432	0.5665217822205617	0.8131808166561916
1.3099349634928097	0.8113486448756686	0.5541738926483202	0.8049161109722867
0.3492164771173816	0.7967576386952007	0.5433589291323697	0.7966579023803992
1.5542953534179467	0.8204260097311398	0.5362171362232202	0.7885203100999181
0.1512074683572764	0.7997320936974621	0.4646045332513522	0.7785039591415994
0.39316744349292354	0.7872885686826459	0.5303127068959725	0.7709077750011748
0.4680413403916184	0.7776159521121948	0.43019604587242477	0.7605848331889054
0.26644300208665883	0.7622833291960107	0.4970430925266436	0.7526798898315936
0.2846672660812999	0.7480988683911103	0.4386451499836459	0.7433534476096855
0.2765554462233226	0.7342322233686327	0.5414216397456102	0.737415256110848
