-1.0	-1.0	-1.0	-1.0
-1.0	-1.0	-1.0	-1.0
-0.8209199460905308	-0.8966598073673386	0.061499582137267916	-0.38744952939868216
-0.8691223806990027	-0.8832428803107539	-0.3553284803886878	-0.3717993727967378
1.2928931875772105	0.032284891037005714	2.4599276390690594	0.8195437531002161
0.09176216110782276	0.054279994031521284	0.24027533788050293	0.6053252078194808
-0.7574111669836562	-0.21334759639313639	0.631743840288983	0.6140356919455285
1.0139825800408362	0.15162677203014918	2.268814799836942	1.1061216171857606
2.367163530105208	0.7514935469756943	4.090782536605243	1.9142322396977414
6.694885719212644	2.228298137875023	4.71724104178441	2.6107193987064914
1.588659092404559	2.0814570091146836	4.2641844836251925	2.990303116901476
0.47017155275539446	1.7377372241986033	2.6998693836961936	2.9283477731708545
1.2700227437466838	1.6445638827722346	2.5331884057364897	2.849628436381755
1.0476874039167252	1.5330403345425072	3.0008614067539456	2.8778861847006825
10.18807919559773	3.0556451785636334	3.1036334710190623	2.9175992936440154
0.35395117084898176	2.606621679667406	2.863176801920014	2.9085538783320612
2.407821702332629	2.575311185056695	2.348776480868694	2.820391073263516
3.246810772380739	2.6758040308426208	2.4194295409562825	2.7603848512597406
1.3959993394449972	2.493359773405255	3.565053273097827	2.875096507655604
0.5624573003902948	2.2305636241143554	3.0682585310402937	2.9013855610189796
3.7130907869762853	2.4235925488509786	2.6703941163426106	2.8713104806336145
0.8240808922766176	2.223984066319554	2.221673998485436	2.790240392620663
2.480309679294299	2.2546962417016365	2.7394815952639444	2.784159057544225
1.7993293380624644	2.2022295751011813	2.5282671000745514	2.754675866652751
1.2149963012138905	2.092684294502927	2.560563413222275	2.733137212818601
2.9118147823972698	2.1803389694554265	3.008898044284959	2.762646927313856
1.8192753635768568	2.1430321422840684	2.687989035285089	2.754933370876406
5.309931825942097	2.4593687680107235	2.8225813106697264	2.761690448876697
1.3216899630355519	2.349387070058484	2.2050805547874335	2.7078820945061173
3.882490252962943	2.492971842457027	3.0875070707187877	2.7434361935849303
1.9005390141852332	2.439165687546035	3.176960823827052	2.782810821937946
1.7708614502965672	2.380250756292782	3.0236306663599404	2.8040406027220737
2.952421891431344	2.4292523295109376	3.1388258327180614	2.8327122502175475
2.972819140941338	2.474512587199032	3.001955702312256	2.846804363991516
1.7016299525083518	2.4118955354346077	2.6753290867322064	2.832912135054755
2.615533323383059	2.427961148088536	2.98049397296076	2.844555672583285
4.301011076390869	2.5719394999160277	2.948901565214627	2.8525769106866607
2.1507968228551704	2.5403762846603506	2.8707735452799095	2.8539417740915716
1.788939117272542	2.485428952407243	2.8797658646641566	2.8558297182830383
2.6344327266419967	2.49606539949835	3.5009132792890414	2.9018780555254566
1.3540631675274768	2.4164394050716536	2.5302023263022404	2.8759631617291537
10.77565682690362	2.9860524936227995	2.781372850593363	2.869517671345054
2.1461594539723103	2.930091583039531	2.873840623278958	2.8698061286936873
1.851038828426831	2.859756987970765	3.446078262916326	2.9073687179972056
4.188975953747639	2.944556536105516	4.034752205952978	2.9792919179202415
5.035176282445912	3.0751539107417365	3.9788430374857695	3.0417321774582646
4.588192980233427	3.167743962599231	3.4389730729884116	3.0660415588368384
2.17938929800479	3.1084710768399466	3.006079449374888	3.062445709291355
2.4913659302280555	3.07218799619445	2.9640541037750237	3.0566611590858246
3.004099121676976	3.068262422685181	2.612537029645649	3.0310508748025526
2.6610826518566304	3.045225766482189	3.1584314222733223	3.0382593683878323
8.124195804674114	3.3272712713971195	3.4791018620751286	3.0627400726772107
4.926996008246686	3.4144941255439782	3.5615540448110883	3.0899376579777496
8.275547758464143	3.674805230981093	3.094409057245098	3.090177684582268
3.88801113047884	3.68602213683708	3.272981032643905	3.099795089966415
2.6032284947793816	3.630036876015838	2.8880725806236796	3.088848241613505
1.6375485544375952	3.528760796610489	2.805803760505199	3.0744609331598705
2.0674513328883264	3.455721338606013	2.5652867107096817	3.049011163873981
2.6885265686864277	3.4180033545391826	2.84800793603397	3.039128932749218
4.203526055843998	3.4559997831559874	2.934032011095243	3.034045486486322
2.523466164209785	3.4116087402655015	3.276953598197081	3.0456093827621187
3.237795916517234	3.403463649379135	3.0401421801184094	3.045352945287963
5.164510223028529	3.4847167989046754	3.54719281338114	3.068507319018871
4.462298996434354	3.529138701871423	3.4737494267751803	3.0869217972937033
2.5595254034555435	3.48573647011671	3.215488504695367	3.092676955532066
4.35442825033394	3.5240509387984327	3.0985945522561096	3.092938844335608
2.927229716297675	3.4981097116747746	2.7469772515685027	3.0779014003946266
2.199587100426127	3.442474733372979	2.7141282876447965	3.062315805232191
3.3308111909112847	3.437758252467325	3.0712981803220307	3.0626956024039034
2.577367328557584	3.4019191075650497	2.919549597697553	3.0567336186330465
2.8788527905759644	3.3804288431859195	2.494015629294891	3.0336142774864703
3.1886953713640667	3.372658036264391	2.1428670959516634	2.9975124277350957
1.2200495723930924	3.2865757666061155	2.014082981623145	2.958185391914169
1.9815745963118583	3.2350761672482538	1.8625589595550287	2.914948486098158
2.6938909269821507	3.213997126062739	2.1313170432440756	2.8844256711338208
1.3969918042029001	3.1441293296982753	2.074755183587165	2.853292227471773
1.932317121966447	3.098121549290906	1.8052773482687656	2.813503147700107
1.6885303291899287	3.045274053369848	1.866702333064075	2.7780062525160822
1.1101396137593404	2.973618821786929	1.7450565788839891	2.7397576660162297
1.5587301325808922	2.921866421459996	1.884480239451141	2.708474287926232
1.1243531422885762	2.8569102503219024	2.0678200214468805	2.685323038666232
1.8018731717725869	2.819237565381135	2.042284523030669	2.662361323191543
1.3727901044193187	2.7681967677225643	1.975517625464967	2.638124222792557
1.6834991654531217	2.7303659291115343	2.312946977774589	2.6267826305721713
1.5943616595916295	2.6912011676340453	2.358357016542708	2.6175281456702426
2.884452599288855	2.6977876317445406	2.5362682293016094	2.6147581903724593
2.120198726879861	2.678321665887902	2.602066931479418	2.614329842663483
3.0056564529328718	2.6892303659161523	2.4404493179371434	2.6085346837727332
1.9166678559690618	2.66376582940715	2.4642574348679065	2.603778788252693
2.483023640022213	2.6578731348418083	2.476520106982808	2.599629790163628
2.55119595978593	2.654431799756177	2.432423484990504	2.594236293507793
2.550685387197186	2.6511208290484465	2.4770783480957723	2.59049738482352
1.8534502200422316	2.625935524504331	2.391056946672051	2.584200081935217
2.567155627028416	2.6240988427645444	2.0941334187175342	2.5688881150748872
1.3677823946159209	2.585250647334477	1.9892581868388173	2.5509647132814353
1.4323899664407747	2.5499649019030484	1.9686410953073152	2.5331413097752415
1.7815624652506417	2.526683748014731	1.9593012372871685	2.5157549628430127
1.511155487604944	2.496222946067791	1.8940944213127255	2.497108185526137
3.4755309650647215	2.5253066909122746	1.8295636228415444	2.47728356953437
1.803473410429222	2.5040795057555347	1.9247441194296724	2.4610347859583186
