2.7329030994460832	2.25922040852085	22.136597091849854	19.200703692702525
4.982603930286936	4.1716070183672755	8.518478915593706	11.699541198847076
6.722219657207653	5.64346674222434	7.817839651310319	9.459560314080402
4.762307377657448	5.214143990807128	2.2726598837141467	5.957920047862881
8.27077800917098	6.500107717936301	3.989843748900486	5.129925409761647
0.5887928438578498	4.314052518480734	2.577404285581553	4.185980649995496
1.276245254357078	3.3124387960374655	2.1197634406998493	3.5047156999953293
4.0423297205947755	3.52948756620106	2.1847208744622693	3.1121846687890375
1.1346337788768932	2.8810694449239906	3.296018724214332	3.161958521649777
0.7976363308765402	2.3633812376689285	1.6934645718976822	2.7970693669698017
-0.018528582681942463	1.8165692213169513	1.2460599885193235	2.441005906225175
1.9677167587478883	1.8488120147942668	1.405998126088345	2.220217765914453
1.6077988776334569	1.8007996139136746	1.162988955148489	2.009606382405416
1.1380067796934012	1.6769597024881313	1.68303606907886	1.9485882309693796
-0.1807769221039469	1.3501438965564265	1.0958262226557767	1.7985687454343795
0.24790037432045509	1.1669503206150997	1.161701996642745	1.6927211360313565
0.603407358508129	1.0781949207395667	1.3776185406107295	1.6430940120307516
2.294782596863399	1.2602634575096436	1.5000701482211913	1.6216898784124232
-0.17963984849810388	1.0549956382685726	0.8673606007415366	1.5141551893684029
0.3050743016709865	0.9529311076462639	0.8197247507891356	1.4196429130992354
0.7252293570883506	0.9232838923732711	0.8120587349342536	1.3405341796052945
-0.11352074316399952	0.7938974500536531	0.6066997106837086	1.2489564814192997
0.05281953261468031	0.7051047075601415	0.6927878710662334	1.1823187980235748
-0.12689779868032758	0.6092421215805663	0.6788551432319831	1.1243104133491304
0.7826897409276468	0.6284886023459257	0.7458915604726601	1.0823205626133188
0.12282521328330409	0.5743785167534667	0.8673933347673779	1.05932163282087
0.16265475060001977	0.5318370018147618	0.6217157043708879	1.0141059117545184
-0.030906282621483427	0.47562545091880915	0.5772358038730834	0.9704676717818499
0.05196715471905011	0.43466928009701467	0.6465926442725594	0.9391576782786082
1.8935383750535535	0.5713019719620773	0.9451194485711121	0.9397161256748701
0.05230205177413838	0.5241647094677899	1.043935874025836	0.9491814918480406
1.3850694837100024	0.6000587844913705	0.9948698265839386	0.9532093626998941
0.7746361113116524	0.6150100258563844	1.0669750978882964	0.9629526916342974
1.1973673070636681	0.6635002946715458	1.3417792089154856	0.9944959197288086
0.4543529853681254	0.6465558841760104	1.1683802652462107	1.0085840388817622
2.0537143626804695	0.7575646584783096	1.260916682335857	1.0284903008978583
0.6159190222580073	0.7466769247530722	1.1722066053399085	1.039537913014807
0.7832772203937506	0.7494201309453756	1.2862128714035084	1.0580259471897517
0.43570389959177813	0.7264802673016582	1.1953131822519936	1.068064583145186
0.4261139689538975	0.7050391389254356	1.1808348066225505	1.0761145851591003
0.7935785825654151	0.711212618864201	1.066451412289052	1.0754408954191748
0.553200881977433	0.7004455040197346	0.9468398696196068	1.0666779081749111
0.5350402584624803	0.6894247207546749	1.0798502610499834	1.0675555786598867
1.4115037395646475	0.7364913009051945	0.9966484027873952	1.062933824931469
0.5800360935812365	0.7265102631772717	1.0858929714416763	1.0643988069371466
0.406539392360485	0.7065222995196354	0.9915496129559265	1.0598481068102812
0.42945437082243254	0.6895675036259572	0.9193625069297953	1.0512514452243384
3.2489365612120737	0.843056641195367	0.915932658733688	1.0431362727304472
0.1032120303405677	0.7995566516808397	0.9979647938642671	1.0404806825983872
0.6758884178425051	0.7924252601445607	1.34358277522165	1.0579596764361376
0.5360601617941654	0.7779205449897604	1.3107239423082078	1.072261186495536
1.4564582151475656	0.8156015250168809	1.351369414931812	1.0877609909971242
4.1981519135530805	1.0000301937029428	1.2600571363669455	1.0971557905739995
0.9881269086661109	0.999392958915698	1.368089082894865	1.111664511367772
0.9132200118456197	0.9948590911050097	1.2303042682750656	1.1179060452198226
0.9765532159122452	0.9939124116628923	1.2186674547922984	1.123115671909639
0.570241166699083	0.9723777301292302	1.1182951034409392	1.122870656910155
0.6654908846140071	0.9570389877654599	1.3020966595421077	1.131828892724116
1.9361716942588427	1.0051758040170862	1.2940217428434257	1.139802461685088
1.684309076354705	1.0380256786359285	1.3681841669234887	1.1508492294300163
1.018016186769553	1.0370730460449082	1.3335659896081942	1.1595470022320744
0.8001990886075989	1.0259733462090197	1.2455000607682276	1.1635749513084463
0.6232351466904875	1.007391467132908	1.1211120046605965	1.1616159390402183
0.40176763323707565	0.9798716267532326	0.8426872966395582	1.1471236630444377
0.8912884232849239	0.9759064327626856	1.0360583267421917	1.1421521123425813
0.565975612617373	0.9578267529837845	1.2623804276300095	1.1474549541726864
1.3066973290387525	0.9729908469645332	1.186522377058444	1.149153233952144
1.1271560623114278	0.9795964843683713	1.417028350399126	1.1606308309024311
1.3498203908529227	0.9952354324813115	1.446090792829788	1.1726891978623764
1.3526452152656585	1.0101236659334867	1.411418707600613	1.1826337677463084
0.740858434578642	0.9990610838494738	1.3705897781270062	1.1903561625530572
1.1107127240934078	1.0035868078418724	1.4697588119146054	1.201680913035816
0.9257415489445255	1.000473874015296	1.3715472406786549	1.208473929438321
2.166103044762947	1.046474335006375	1.4057260545923502	1.2162584839112753
1.9970353282698374	1.0835004213916495	1.490562083862017	1.2269432971033996
1.387582395853805	1.0951930190640438	1.601320882558673	1.2413389163206854
0.9610429879480868	1.0901000344070826	1.5497989629425946	1.2530499656413903
3.1935813322507727	1.1689626394921628	1.556235747994656	1.2644170250776958
1.605491739337857	1.185126345503181	1.5365709895583994	1.274494161419971
1.709071877578174	1.2042906375334255	1.5639411854388987	1.2850811705494598
1.9017858790537039	1.2294950533071605	1.4474684917766907	1.2909487052515072
1.5727232457894558	1.241750250987097	1.6473380501112587	1.3036738336890137
1.14608092699021	1.2383742877446533	1.5494598599222376	1.312346650322743
1.4183737179459435	1.244651457019001	1.4401479132847328	1.3168033289995238
1.6261116802957942	1.2578019408953591	1.5180373417339785	1.323740419327231
0.9736686965165371	1.2481172515875176	1.5421598080425407	1.331184656954226
1.4772396991470145	1.2558387966509579	1.6073757146809529	1.3404924608916549
1.9302119706201166	1.278313620445524	1.7597612003911207	1.3544654621801953
2.1988008654294924	1.3086529624447887	1.6855666444303998	1.365378327449879
1.9817035272536776	1.3305956174101317	1.5887221962722813	1.3726594804679557
1.2895389837354534	1.3292712274507297	1.5505901808433196	1.3783978514663398
1.1513898420765636	1.3235950849299174	1.4566920751560741	1.3808960038650975
1.5462107606384685	1.3306233601703363	1.5510668999611004	1.386268427696455
2.494296186283003	1.3669812426063	1.5837615027347987	1.3924386906185595
1.767616754729731	1.3793695320169466	1.4859767687067484	1.395330825825833
1.9580091600866942	1.3970798565906613	1.4673387387845809	1.3975347174284516
1.1222268884614275	1.3887524929621522	1.4131524284164558	1.3980080021568453
1.1264492624385345	1.3808845007825012	1.3362423818084794	1.3961551016796245
1.259021061355746	1.3772652476735887	1.374204359082452	1.3955030512707025
1.6478902110632703	1.3852234285197724	1.3674939553063137	1.3946793257136054
