-1.0	-1.0	-1.0	-1.0
-1.0	-1.0	-1.0	-1.0
-1.0	-1.0	-1.0	-1.0
-1.0	-1.0	-1.0	-1.0
-1.0	-1.0	-1.0	-1.0
-0.9465753847255476	-0.9802431195734567	-0.4397586498880778	-0.7928179490426865
-0.04641285807529383	-0.6723443927838031	2.790648684678477	0.38870812944623245
-0.3124883922351972	-0.56533306804471	0.9687300158979764	0.5611907150132305
-0.36837856826989457	-0.5120066699309187	0.3140243088029162	0.4942692926270307
-0.8225417963868042	-0.5891679623708739	-0.1391596329408954	0.33687578080564173
-0.9389307090020059	-0.6694625320180907	-0.6410761871793954	0.11236865159534837
-0.7458500635077703	-0.6857575714003246	-0.24033669649902678	0.03712936358071528
-0.8395400903649511	-0.7163927242303567	-0.3485839340662912	-0.03970894808742975
-0.05270090703446306	-0.592384705064585	0.8072192256736692	0.11853604197250567
0.370158720337312	-0.42305277074981007	-0.011391924945394538	0.09567888221129639
-0.5583852723640109	-0.4455451917256714	0.04701556557906583	0.0875908457469261
-0.7172820150887533	-0.4883425133190785	0.08601638266480083	0.087342889398079
-0.6837665197236324	-0.5175886470783604	0.041289243110805396	0.08045087056877875
-0.6748789773240778	-0.5400114659834574	0.12476664398285142	0.08676825969952162
-0.727736785231077	-0.5655609147451006	0.017781942858908772	0.07737916504091791
-0.5052154099365024	-0.5577038215891759	0.5422756515570766	0.13790962933647544
-0.1908477334441422	-0.5119225093382502	0.40831049589329216	0.1716539969848072
-0.4723151184147433	-0.5071768680943396	0.5923209026805305	0.2220566618386477
0.531704038527552	-0.3874775470187577	1.1381917011865297	0.32761334740370285
0.35518770492519836	-0.3050695611428128	1.9607937730554017	0.5088351117180803
0.2892334975312323	-0.24147408367125944	0.9631650022876537	0.5574524238425842
0.42734649482177645	-0.17236729359442415	1.0745058593067123	0.6108778502106884
1.2452822787902846	-0.030760543607118218	2.0729202210151194	0.756918870649091
1.2663283261315392	0.09463175390316425	2.0867368161986657	0.8854750879672468
2.0794271617430553	0.2805207825354139	2.0155008716595346	0.9913093922086575
0.6959856399085207	0.31825465601323844	1.4677698856887496	1.0345831133294858
0.8245207435550821	0.3628850683713545	1.183254800406707	1.0476894655633457
0.9030639689020885	0.40914624066729566	1.3303078825944357	1.0718928758651218
0.6184096392153169	0.42657063091039693	1.1772450626913686	1.0806650728811182
1.0703109955185033	0.47872504913608727	1.9430382561340491	1.1505326339104331
-0.06971612606139921	0.4354593745445172	1.427108858514523	1.1723513766707625
0.05527779263031585	0.40623563256769546	0.7414786573143732	1.1392311721625559
0.5105070165063763	0.4140507984008961	1.2457291622263287	1.1472133006538
1.1945495072340275	0.4711231293438425	1.5906728664277257	1.1796404837528223
0.12790745921095548	0.4466233332568361	0.8555144275807456	1.156503445615038
0.25486401031771067	0.4332527714921268	0.8638440763483213	1.1360975585625912
0.02187637667360054	0.4052207296722883	0.790353518047676	1.112537771226263
0.6004716479706986	0.41823003951978577	1.1362575208606511	1.114118103623703
0.5083700856793869	0.4241055551600963	0.8612293233141619	1.0976343685962484
0.8599395693506497	0.45191016399774586	1.3316666368223102	1.1125648088392852
1.1013762189091465	0.4924810630394141	1.3534579131013982	1.1276128815757644
0.09210440748435778	0.46798026149185823	1.2027343588841193	1.1322098678941717
0.5912476345323567	0.47537284993706197	1.2847152571262517	1.1413559322290556
0.6460325521396724	0.48540725524650963	1.44568656517123	1.1592498164187517
0.49871414085558863	0.48617487953306826	1.3498073788346474	1.1702390109008736
0.687709861214999	0.49757775284077965	1.3580887356221538	1.1808676593118288
2.1281149076064363	0.5881253774252806	1.295014199878064	1.1872067897559293
0.645809558827634	0.591270860380881	1.4426716754737186	1.201136063810941
0.46104985441275836	0.5842977469642383	1.7461887749825773	1.230324111719709
0.6238391144638735	0.5863780516422834	1.5863827617202566	1.2490567535433255
0.785932113372104	0.5966960799424013	1.2572625205295505	1.2494812343582273
0.8877214850255994	0.6114885873084233	1.2729578571296605	1.250674575478321
0.2060443975605002	0.5912234275898878	1.3210228577243166	1.2541903256411717
0.4161083008708648	0.5826140623380063	1.6803157451389903	1.2751397083953742
1.1183055543777063	0.6085256194944504	1.5404786807754234	1.2879741118348802
1.6344047998692326	0.657360564968452	1.917561209890152	1.317944252919979
0.6458423627109724	0.656820775626515	1.8614896112023867	1.3434145925970844
2.5122178628462764	0.7424271969621881	1.7543963937622071	1.3623768469702289
0.7069758915165418	0.740816274874248	1.8525948767202745	1.3846525911249845
0.8875059819155344	0.7473827989309261	1.9269212262025142	1.4089264191995663
1.8800072317494942	0.7973368113707333	2.436536199829985	1.4542488167468166
3.104243503261001	0.8976087764415712	2.49206769248239	1.4993589154476332
2.094907733447868	0.9489075084656484	2.831837559560354	1.556449529612817
3.9600784916076037	1.0761044689109078	3.411731624978078	1.6348196939964046
3.053232192738415	1.1584629464074085	3.263537680213025	1.7026650682035056
3.082686433233439	1.23751950210311	3.461497725397198	1.7749265404496608
2.018670345016831	1.2691799290128447	2.999913774713969	1.824575775678409
5.127691005883148	1.423480824637514	3.0547379329437723	1.8737696164226048
2.4435907092836855	1.4637389156165712	3.1137313257905594	1.9227040277396727
2.192141104730531	1.492111227681245	3.1682408833849403	1.9712194858985828
4.112062854608272	1.5928539781575668	3.2388201072068767	2.019961333883875
3.039952265093002	1.647794277556085	3.011344271157064	2.0576000814889093
3.2773035318273642	1.708886271918356	3.002456426017182	2.09302358321737
2.9437928612370383	1.7546135815171104	3.064206296745396	2.1289855846483206
3.596091185231943	1.8219694869446172	3.0996886988022316	2.164491040313127
2.2332225139936055	1.8368302166208257	3.0570223735424538	2.196743397227471
4.37771379030067	1.9275545625092065	2.889408158028049	2.2214747264633163
4.921974145126002	2.03321667291288	2.7490382002372815	2.2400901425865722
2.68305334612057	2.055879646397929	2.314422589337991	2.242681686588427
1.749519576453142	2.0453174044951576	2.647294110893936	2.256630605661604
3.1895205527821	2.0843156297656753	2.4744642841682087	2.2640545807778394
2.5712553620361294	2.100725595234079	2.64403301163418	2.276859817287251
2.518199575393279	2.1146380705981866	2.6745232325443706	2.2901120432659146
3.19865283185963	2.1503678565741207	2.485968209959343	2.2965675335533855
2.545573636737688	2.16325195478381	2.4471339748715195	2.3014757929448426
2.3558383143247656	2.1694629617094607	2.2926527631796483	2.301190942738403
2.114510168148675	2.1677089607577313	2.5359857874267604	2.308682435349193
1.4700523855852476	2.1456817385995177	2.3600770128409576	2.310305186171964
2.134798449036669	2.145341507930281	2.59831669207911	2.3193037211574867
1.8454372000132166	2.1360679608474586	2.2938471214297818	2.3185167863216583
3.7349595526978234	2.1850048342671915	2.131451069922145	2.312791084002203
2.2872510939381674	2.188102816701137	2.1801354751343642	2.3087720410512738
1.5320305115739994	2.1684237950745753	2.1968114435327855	2.3054135724615183
2.242916885200491	2.170636362965191	2.1568930125368166	2.3010030670595856
1.7909638570798574	2.1594711916050895	2.1532772053598577	2.2966587154421148
