-1.0	-1.0	-1.0	-1.0
-1.0	-1.0	-1.0	-1.0
-1.0	-1.0	-1.0	-1.0
-0.93215111686361	-0.9669422990914953	-0.5197781582464003	-0.7660237091521506
-1.0	-0.980850088148523	-1.0	-0.8644604669431464
-1.0	-0.9879318898447098	-1.0	-0.914584149106642
-0.9540675737935319	-0.9767662850701242	-0.652713939232472	-0.8282413665116007
-1.0	-0.9836753583894504	-1.0	-0.8793177008636539
-1.0	-0.988095332894819	-1.0	-0.9119930084236806
-0.5926977384318795	-0.8898475955581782	-0.11274418753999349	-0.7133969928819897
-0.6494940474673454	-0.8346699876627824	-0.408099262697451	-0.6433102615101478
-0.8541476343253793	-0.8388249674787208	-0.3736208765772734	-0.5857800713959174
-0.6478071299189343	-0.8007721095248266	-0.19431436490429532	-0.5077957795052676
-0.5021970048305548	-0.7449846242881939	0.16417238611126295	-0.3822413923576087
-0.7385249898110822	-0.7438482523797485	-0.1848443837835282	-0.34751508166754586
-0.6167881406708067	-0.722730838436826	-0.06474161469796691	-0.30051809289885134
-0.5832506835826696	-0.7007633809020144	0.4391547301423986	-0.18402308856778626
-0.06437259888858804	-0.6055243482729269	0.8602883403393937	-0.02773671674120326
-0.44390804516935	-0.5824848091331771	0.6229912252339098	0.06502905699419559
0.5526252759008614	-0.4279963244785412	0.30543931832842564	0.09774882115475014
-0.5517558327896315	-0.4441100989997012	0.14451323198501775	0.10383760710379897
-0.46447134523948064	-0.44665101314343036	0.12251329411890555	0.10616828944225865
-0.3287769144134429	-0.43252778324595076	0.36617388144266694	0.13732116829193175
0.1836154761196187	-0.36153603736810846	0.534500537368596	0.18308407923885106
-0.1674145732569725	-0.3399957455070345	0.25079890577510633	0.1905980838000363
-0.05216889832133764	-0.30919567116987245	0.660587116949495	0.24089118881707217
0.5871243508271784	-0.21658220104992465	0.47727648070038664	0.26531625007282744
-0.5531733218886103	-0.25020380457077973	0.19449231131504363	0.25824171028061826
-0.4240514802173364	-0.26701006141447226	0.14870193867685022	0.24765223265048109
-0.03385700394475477	-0.24517371527632092	0.4223203135002054	0.264011104272154
0.07154433639859015	-0.2164085548264678	0.4520179530282462	0.2810862674080614
0.09744418897659224	-0.18874041179255796	1.1156961622507326	0.35466239415805645
0.6447892854521056	-0.117356113177006	0.7118361765131611	0.3852511493302688
0.3701175721040144	-0.07676620485457286	0.959941599702457	0.4331033030638325
1.2616235479608533	0.03166744340263539	0.8355622252208921	0.46570980749543534
1.0417238996650067	0.11134915512459087	0.9129803174028541	0.5009941914096687
0.21577965433034696	0.11937672009884737	0.8402249649218114	0.5270705126396993
2.50958378617201	0.2985198218025058	0.950912495035551	0.5588370790748476
0.9604412742016004	0.34692109840817986	1.1172930060786164	0.5996726722418049
0.20703593763769534	0.3369354223289538	0.9901533778274254	0.6275462084298127
1.1473903045231166	0.3934444400267245	1.3621608372062743	0.6787672660908157
1.515452233911545	0.4699001405596046	1.4260142414044688	0.729686057654334
0.4907745852311711	0.4712912156252065	1.1707197633511188	0.759072040070035
4.584192405469942	0.7393775876977868	1.0594352446744852	0.7786502124807317
0.6780186049678829	0.7354634107204578	0.9178331089284144	0.7875298858454896
0.16072723484740692	0.6995608075104749	1.0221474629935843	0.8021862529818646
0.3044996201618595	0.6753852747783107	1.1334560751558818	0.8224580628501934
0.6648933553478176	0.6747563580992251	1.1297563067015273	0.8408875509969125
1.0191549826463877	0.6950059527002335	1.0125880075603702	0.8509831210786163
1.0576802438355721	0.715920489813604	1.0528594389322743	0.8626250058573293
0.45977025384389014	0.7014277709436201	1.081132526211987	0.8749880522356
0.9277206917329464	0.7139947861600187	1.0417431825325667	0.8842488372571446
1.810216578566135	0.7737647153058864	1.113438098407061	0.8967453418654359
0.6134970541580487	0.7651824703907837	1.030011536661263	0.9038818827508177
0.25253274739107123	0.7382113440834761	0.9097902736279986	0.9041926933066387
0.5972439851448643	0.7309226035776428	0.9625820033424417	0.9072115952984097
1.2522397357520099	0.7574203072317267	1.2270581534866158	0.9234687999550542
1.098342396168134	0.7744603154858121	1.2919636905894833	0.9418869553463669
0.7203820125433236	0.7718014922516439	1.3596027083307445	0.9624229574116097
2.0510735230112416	0.8336809247381511	1.3465390093072331	0.981003081631165
1.0201662266026137	0.8425581856792421	1.2656833853746887	0.9945547364431699
1.3061483739853719	0.8642818852549605	1.6330314188112918	1.0244735754511805
1.5439737609448168	0.8956424206489417	1.4826809884745558	1.045614987462439
2.4474953892657343	0.9661596326046225	1.7409736586471563	1.0772126346020001
1.3873195624111387	0.9850116968461069	1.7836390729748395	1.1088339386825519
0.9349782014568231	0.9828050350320876	1.665083923127217	1.1333671809238228
1.4023633419320207	1.0010417223289934	2.0128074327924916	1.171593025000825
2.5632473999164165	1.0679753346746477	2.1344533549431204	1.2128475746032206
2.922693473152428	1.1463219969042515	2.000275262201726	1.2461099567080423
2.340520655473029	1.1960672140044961	1.876313450185803	1.2723616936289521
4.215987643610056	1.3201413350521407	1.9748038434886004	1.3012219651375654
1.801150308999523	1.3396364616288583	2.035108956413071	1.3309662179732085
2.1536843882303165	1.3721903292345337	1.8060659068920368	1.349965590686919
2.0641723590860113	1.3994990175464777	1.7595141733435211	1.3661283388430308
1.6818300680249578	1.4104969542742434	1.8468760879089419	1.3848549411632538
2.1765910814025538	1.4399552948395655	1.7193418904104374	1.3977169674686594
1.5414919606970399	1.4438098957698027	1.8161637870308946	1.4136032494679123
1.8126909395922537	1.457639516817172	1.7210094792809194	1.425128107278503
1.9510796157982293	1.4759110572446592	1.736766173858129	1.436667764458305
1.7066706156933993	1.484351259803717	1.557242220653892	1.4410777263009424
4.744848033221013	1.6021728648667986	1.6941899939689584	1.4502235383217434
1.150072273622765	1.5860293994155268	1.407408711485712	1.4486941975361787
2.021896876996728	1.6014091203250476	1.4330735893804967	1.4481425443780314
2.4262898753239885	1.6301776722578007	1.548865667278267	1.451655153765134
1.049357788187434	1.6101531236338449	1.5942341010001035	1.4565701566413392
1.952810191458973	1.621831808108765	1.3996164508908415	1.4546285857182553
1.5928691259335626	1.6208554668291257	1.2912929118427852	1.4491237502127396
1.0020572073249499	1.6002324085805775	1.2661127800508338	1.4430240248473618
1.126367057610857	1.584613037841383	1.347971473683876	1.43989053361596
0.8031141637371029	1.5591341245292432	1.1886101023600677	1.4316980506322565
1.2697617342757193	1.5498013827900667	1.324917436602877	1.4282542678581027
1.3611137268812725	1.5437800245846063	1.521350306099523	1.4312243154503843
1.9243248373928483	1.5557949234631114	1.385815974269064	1.429790524618372
2.9171001315739695	1.5983280607831656	1.4563808490189043	1.430621292507562
1.5443068238293916	1.596657228449721	1.4428557489601292	1.4309992591713345
1.1267692818923591	1.5822752219359582	1.3093004460690758	1.4272742388196145
0.7940864660093594	1.5583948110952344	1.312717292751823	1.4238034245015534
1.6215506337581718	1.5602894193238246	1.305412679011734	1.420252523732843
0.8329849438431081	1.5386897966694426	1.2296076720647693	1.4145906105404462
0.8185338026521218	1.5175122435998647	1.2757492082247182	1.4105077488169502
