-1.0	-1.0	-1.0	-1.0
-1.0	-1.0	-1.0	-1.0
1.021589098210693	0.16658112407764603	3.6741441178282264	1.6972683538426336
3.2207318878481033	1.6546413882253983	3.731179028453141	2.688241764973474
-0.12487176300636527	0.9059778421507769	2.3856096189880915	2.5609203879434093
3.553977853931367	1.8852304537067277	3.5511291874326085	2.9271075867672685
20.459022616204603	8.009309503260173	2.649584345785199	2.83560415990921
1.4782081410487407	6.067137901697391	2.998251027111516	2.883970683415629
0.03492732794816811	4.433888017800625	1.277226737401751	2.4489368249056986
0.30428006996826906	3.407769595729664	1.3892906630185862	2.1856375295168156
-0.5343488129415761	2.502782628993217	0.5064574637212675	1.8001502153716502
-0.41601983818732824	1.8801429626914485	0.35764900222195295	1.492435471850368
-0.07025640484343876	1.4916023659498268	0.5875351746114983	1.312169602454182
-0.642908934772582	1.09277805142756	0.22341487640334567	1.1087403617350877
-0.5538844350929302	0.8030948378618326	-0.06305344520848533	0.9025966962282095
-0.43080547090575894	0.5980196892607086	0.27581663508425636	0.7984252416686772
-0.04199204240049037	0.49722072654322647	0.2813295443007806	0.7169850010383665
-0.3171064168275376	0.37535256414614504	-0.07891559023474104	0.5978744466507311
-0.5305889487790172	0.2462046471322341	0.08290830086155299	0.5244627777814201
-0.5050590156280405	0.14395750927934614	-0.020092297760669675	0.45034862631429373
-0.2973861179046493	0.08649362790826909	0.18326507394347025	0.41557380155731116
0.3490373594516827	0.11925761181749417	0.4236966230999053	0.4165877209621307
0.5039262131295781	0.16534704898977792	0.42171147934798436	0.4172017190337953
-0.40098147855105504	0.10009518275538509	0.42602362608773325	0.4182184810716991
-0.041608698102913455	0.08437157130962447	0.5638776892367314	0.4343814175019107
0.526705900930172	0.13170537593314702	0.5581163109776432	0.44762249203427285
0.2674427593504889	0.14573075154352932	0.6001157330750382	0.46337923014685134
-0.05235946236844913	0.1259437226865654	0.43437693593758486	0.460482096072083
0.14707883695708257	0.12798697467487474	0.41278627868897155	0.4558713238427494
0.16050354113648369	0.13103250779094044	0.23866143493249004	0.4355283633593834
0.3248045087864262	0.1486314027458644	0.24563781932294648	0.4182818538539188
0.8804851286182183	0.21314875415025547	0.48102186390735957	0.4238128365321723
0.4856228841286645	0.23648380369936706	0.8069776144843195	0.4566275583943249
0.2193929894612905	0.23506104000652872	0.9688088524738949	0.4992749808312025
0.16128268113872846	0.22908380118346394	0.7266723717517358	0.517698417023017
1.0246755848309639	0.2918471060565069	0.9861599067843843	0.5546549007842485
0.8522509829624141	0.33492486113149966	1.2525143559044278	0.6082987296448026
0.7882424375428596	0.3689005825660947	1.0936257533582272	0.6446735473811611
0.3265273709112122	0.365801996764179	0.9642396601669072	0.6680408452545563
0.21445327320111973	0.35499830520989706	0.8292078022579141	0.6795456472037282
0.05680218556468186	0.33420663599313416	0.8954195115463328	0.6945975680549208
0.36478356559171643	0.3362900949053331	0.6219368809426413	0.6896461998866943
0.227162039179996	0.3290190311769594	0.8068470280829068	0.6974552242499026
0.46663902861858064	0.3379894653800941	1.0874950221324147	0.7228788948758256
1.0099796179231406	0.3808598651122146	1.1740547991935588	0.751662184949166
1.171440473846042	0.43024611867635243	1.2483382766268227	0.7826887558837552
1.2470329646019782	0.4802291912286849	1.4115377098827326	0.8211711152813044
0.7546182417217955	0.4966850685285853	1.329563669869163	0.8516606356590786
0.4496710919205589	0.4939210172927686	1.2390434683319818	0.8744376447041082
0.8777049217015631	0.5160527075955375	1.2598405599251206	0.8966627439421251
2.0501615951902794	0.6028519909614445	1.4060234917985657	0.9254824823130701
1.0612044857661296	0.6283053474331279	1.5068418874662162	0.95776668839473
0.24338564536962903	0.6073187591883442	1.085543127294756	0.964734165307644
1.279363054194977	0.6433071977995553	1.029245302365068	0.9681891122457089
0.12515443308190988	0.6160463729159276	1.002799807585541	0.970009663226838
1.0377915952115595	0.6378525308278118	0.9930576032990508	0.9712013313419172
0.8643351868279594	0.6493642781723499	0.9710972185162432	0.9711959471367047
0.30387765154727187	0.6320958958959377	0.8873679773837029	0.967005706318044
0.6226753921860144	0.6316327192690814	0.9772631648034198	0.9675099528340771
0.8676921606151711	0.643050864625742	1.1271001620188286	0.9752292066696642
0.2160268224183668	0.6227233222472104	1.1282985821282452	0.9825161169885497
2.4586482282533786	0.7087545407461462	1.3970697434637924	1.0019421209584425
1.6577162495338618	0.7525387490909559	1.5904972514605267	1.0290974528399532
3.4450101934366986	0.874886571677234	1.6764295483165932	1.0585129158315172
2.3586807684092195	0.9413053472943751	1.5127880755506626	1.0788476879714004
1.5999107176915706	0.9703527391586746	1.4188730052244023	1.093844244907975
0.947157046267517	0.9693447658833108	1.2445543678217357	1.1003952428509582
0.840042376896946	0.9638049728927538	1.1699031561023001	1.1033735083268255
0.8473679329142325	0.958886409430521	1.1959219430072427	1.1072828586759238
0.8756373154154691	0.9554189008094061	1.051142543283829	1.1049446002832664
0.8992370912194849	0.953110916439893	1.1100752070357132	1.105155660976557
1.0480848789386337	0.9569602959084038	1.1282458413794338	1.1060915961444233
1.0541878282594732	0.9608488430200814	1.119605470908167	1.1066324666195873
1.3410709620447605	0.9758540264550193	1.151287300162219	1.1083948777929002
0.9400694445189626	0.9744603716053637	1.379397841967981	1.1189510935947244
0.9966915162230534	0.9753150798001478	1.548718615322478	1.1354764620690303
1.1827202282134492	0.9831890505443186	1.5981172416438625	1.1530405721402173
1.7788625277268935	1.0130198671337962	1.4727724714479011	1.1650277271721539
1.2968535381397692	1.0235297166558741	1.4445943905352125	1.175379568350182
1.2595318674710962	1.0321616985604125	1.3285947650991479	1.1809834286300647
0.8786846125533394	1.0266151744753955	1.337747889536245	1.1866478922101913
1.4688334881651395	1.0424046547080539	1.31927963947403	1.1913831390728462
0.7511523306829428	1.0321272500798484	1.294538790871572	1.1950230247801126
1.0577246586110474	1.0330196339761786	1.1260124394937008	1.1926158080122073
0.7085827712272874	1.0218340808021988	1.0219574416073525	1.1867318019968924
1.5497798676910373	1.0398284717851611	1.1304123086494595	1.1848121077971943
1.2478240978690085	1.0468379276049795	1.2031400098776905	1.1854295468585438
1.1850821265605664	1.051444652778427	1.331267776621318	1.1902893225448699
0.9235643901804462	1.0472295838199503	1.3992575964545764	1.1971769971720172
3.1205206167679895	1.1148237784964192	1.5305492337957713	1.2080455903141467
2.072566353554924	1.1457122547791445	1.5201754558818377	1.218111863450344
1.513510379894194	1.157448290883973	1.5261897647076594	1.2279422856204247
1.005488109912552	1.152650254653258	1.3442635985380629	1.2316147325716895
0.843460249098752	1.1429898426912666	1.2321640538864824	1.2316319556348923
1.377999083345912	1.150256804598253	1.235105250218551	1.2317392778918688
1.3613570846925165	1.1567177567861489	1.2526605293122555	1.2323794416079705
1.874953300974708	1.1784787703253414	1.4661789416726307	1.2394630828745248
1.1324766943901587	1.1770988818631136	1.3951240227489587	1.2441320572754608
1.2591872883503181	1.179536576612103	1.3023428949033158	1.24586063202845
1.574331540992418	1.1911463534546765	1.27906919131815	1.2468372516023827
