-1.0	-1.0	-1.0	-1.0
-1.0	-1.0	-1.0	-1.0
-1.0	-1.0	-1.0	-1.0
-0.9447462397287993	-0.9730789578165798	-0.5156506090696925	-0.7640126152365245
-1.0	-0.9844049776422971	-1.0	-0.8632954654412006
-0.7680694147296061	-0.9044022707481301	-0.3011243914516849	-0.655399900620216
-0.26513212068620473	-0.6936246191622104	0.40108383513391344	-0.307060205449048
-0.19604904868821826	-0.545659274225241	0.5008279532627096	-0.06681641215827616
-0.022581569816860436	-0.4040335549648575	2.2783710305291938	0.5681540559945297
3.769202299713518	0.6329252176517965	1.9531104910869463	0.9122856990942341
0.3097702452026885	0.5587389292245846	3.477410485392247	1.5011579113753393
1.0819536032490404	0.670351295799634	2.4115193417717338	1.6953565724882256
0.930997401995096	0.7222745843155516	1.9254021307859541	1.7411837821140206
0.12885019715168156	0.6113957993063213	1.7240947263897004	1.7379908104537476
-0.09226269127822229	0.48760718991809804	1.8775666159409137	1.7625451442327775
0.7411954052827476	0.5297534797783787	1.7936105443471426	1.7677078446212162
0.39269015084057934	0.5081666165325922	1.9030477490874098	1.789023256294744
2.886770574307381	0.8641368970754943	2.290700654239134	1.8641020750655564
1.5515861991659206	0.9621373598784415	2.1439690800368836	1.9039989629894896
-0.04803621094676258	0.8246525908753972	1.8684370792692726	1.8991588631002716
0.9449317751255315	0.8403133522498674	2.54855631947679	1.9837121006960863
3.257657246207078	1.1419825933986996	3.0406448216672537	2.1156108407660374
0.6225657033443781	1.079748615001014	2.1853106905717614	2.12396261300484
0.8889474558855042	1.0577648272531253	2.7375069589223178	2.1946551687928
4.837511465982394	1.4771750071846879	2.6478544243230853	2.244943868788242
0.8742283360481338	1.4126552739413616	2.7297314283167418	2.2968210465174965
2.25639441233154	1.4998357031025575	1.9930220540661878	2.26543098261095
2.571164909930921	1.606848701929064	3.4296246255320204	2.381719955168301
7.779021047396808	2.20352631957514	2.668822047633528	2.40947468672839
2.4443313221699543	2.226079245165659	2.963598738157342	2.461371970955331
3.985335944975036	2.3858608333003595	3.443296784810184	2.5505538392546914
2.0774594288520465	2.3586740052400708	3.4455835197664593	2.629456869051601
4.113078196905718	2.5089223717321256	3.5806488282654536	2.7109174612671234
4.085723944353181	2.640215410686764	3.4685457683642813	2.774001775071449
4.457514861641234	2.7874496046256376	3.487144114973308	2.831779439544306
1.7071636586707402	2.702227790597814	2.3913242923122016	2.797032993261456
1.5513514361765726	2.613762582828036	2.7753562231055042	2.795367505095748
1.7854410642700547	2.551681311205472	2.4884647003340494	2.772365931535842
3.587981107110231	2.627458183958625	2.7323548714014234	2.769440145589004
1.0927833906456295	2.5179079541467257	2.5141998772674543	2.7512204343573496
0.9656998177986524	2.4096803012558494	2.2837805895285417	2.718628337465928
0.8003771746338173	2.300019498429461	2.169426675307099	2.6812049662556863
1.0021388209137392	2.213542845395093	2.187410054014999	2.6483036874781227
1.7535328582532026	2.183558553925407	2.3054417946400867	2.6259553287707154
1.7670172107303936	2.156984950042823	2.405360358276702	2.6118823918002425
14.117740237740293	2.904153713208032	2.4525642167221218	2.601930506241861
1.1232727730288206	2.795173837152732	2.326295986064909	2.5850631961723938
1.8109411440482721	2.7361486294484516	2.5983172339228604	2.585858835621923
2.329820820589762	2.7122582713385235	3.132415883447737	2.6179946970759764
3.469603873472199	2.7559327261439464	3.714853478351788	2.681247733559568
9.695663206001008	3.148579077604678	3.738627407371202	2.741074346406245
4.007668927706635	3.1962865987018336	3.7571952465123744	2.7975021110140545
2.673508076760287	3.1677840935439487	3.5706765371482057	2.8396592092618507
4.270355710401754	3.2268275437852276	3.2880089253965226	2.863668905251145
3.6867378246259817	3.251024081343288	3.179862326009691	2.880304317637168
2.7413472513509327	3.2246710401096195	3.3182436809599585	2.9029473474251346
4.519399535357053	3.29047965606419	3.7316821083418192	2.945070195309378
3.8454661135706996	3.318218946753835	4.146343913752353	3.005112270803286
3.6717754002290546	3.335600330636435	4.013960593436161	3.0547098310181546
4.046002152162767	3.3699635918688333	3.6739733244416506	3.084664624298541
6.761873961749411	3.53142951254107	3.617375387861106	3.110023401978392
4.558670953628404	3.579565339785079	3.7569099325195525	3.140335947492506
3.819667708798267	3.5906439954879072	3.5862000846773974	3.1609082666215613
3.770424678869529	3.59881309511129	3.457019727718648	3.1743635066291747
3.5130003515332993	3.5949725367871714	3.4441393096879676	3.186439996492669
3.412659666141024	3.586931695116382	3.342829980085795	3.1933375069476995
3.5267522047800863	3.5843156510131715	3.1391664030546087	3.190982647270859
2.8363723895079893	3.5522703042225565	3.1077229253503083	3.187415689846337
3.9178235881439694	3.567711842120901	3.399874239154488	3.196390239530281
2.8002824280669607	3.5357448156481395	3.2600263043846596	3.199041601208715
3.1230928517583374	3.51879129277191	3.1533304457277698	3.197163828233534
3.044611878872476	3.499572694335831	3.3199157885308033	3.2021388338974326
3.943655187099437	3.517332440380331	3.369749096186024	3.208842402242407
4.595622434388426	3.55988609366105	3.2942441336582684	3.212212862638756
2.160308403204011	3.5053712392745133	2.9348751553475068	3.201411079989823
4.252248580029309	3.5340896345956905	3.0219973012097743	3.194511655929939
3.34663742449254	3.526973171538467	2.9583851849813136	3.1855472147417734
3.8387255731370047	3.538661288050939	2.917576962596308	3.175500760528685
3.200647443207375	3.526144478921455	2.692924443915169	3.157631084072311
5.056209517159378	3.5821098825058932	2.7436762476770626	3.142489764237115
1.9861951822217514	3.5244383978664198	2.750670759366961	3.1283300940267376
2.7611756817929285	3.497184411090977	2.7068030718455707	3.113278319714544
3.3668622945733118	3.492585152933219	2.6667905708416586	3.097522749478059
3.4989684227865725	3.4928068532178056	2.5472909769475875	3.0783319024717324
1.6982993434918336	3.4309397609897747	2.458033620169206	3.0569463855117425
2.3119584298675844	3.392799785970867	2.411605685547155	3.0349499653628724
3.40766704282671	3.393300642132284	2.150636036197873	3.0051474299875327
1.5792230475965034	3.332842978491711	2.305884102257687	2.981842890775245
1.6108788890519223	3.2760853394575227	2.1682375460389216	2.955025255885049
2.357596484028248	3.2461401361300837	2.1577723255798666	2.929032657342795
1.9056935694000616	3.202907605833004	2.178924010153531	2.9048396886623222
1.9956335051941818	3.164384545296268	2.1602652838532386	2.881080914191415
2.068066850708214	3.129770408273946	2.241229436084237	2.8608788939558125
2.708874870278182	3.1166196468886236	2.2051287168891487	2.8403902534436236
3.844534552675718	3.139128483209225	2.435497790448937	2.8278699880562903
2.101018711965031	3.1073548532050435	2.379550859367421	2.814148016012952
2.373199047875059	3.085110935115832	2.3158012013421465	2.799048612399528
3.126838717371345	3.086362692387527	2.295694570670017	2.7839506457194685
1.578967204098722	3.0415963295517727	2.1828266465112494	2.7660988345490027
1.7386042719889994	3.0032793555689468	2.3323126285805476	2.75334255287642
