-1.0	-1.0	-1.0	-1.0
-1.0	-1.0	-1.0	-1.0
-0.9652286170292687	-0.9799347759967252	-0.5589054198056381	-0.7454613304946671
-1.0	-0.9897110630806819	-1.0	-0.8694790392751108
-0.8945550750267935	-0.9496777422644809	-0.28113242164600605	-0.6219542158165207
-0.7003279006360781	-0.8574660753749509	-0.22692554812857935	-0.4758693384158671
-0.9106294790482774	-0.874994903841781	-0.4188115110032613	-0.45705648185421255
-0.6797899837911399	-0.816946346560945	-0.01899046863548326	-0.3267877882546941
-0.6916265421807408	-0.7830154451087714	0.26925150454046753	-0.16540744431747845
-0.5199292595019269	-0.7176442534159171	0.33635265762508415	-0.04073101509219468
-0.336774117511351	-0.6302083892157782	0.8160163013269077	0.15595136256956077
-0.1629411567493667	-0.5305307748586735	0.8519163763771707	0.3044149096303195
0.3940249157196358	-0.3463494022380774	1.2172512883844062	0.48626160473231383
0.99198008698858	-0.09628830835295932	0.8443532935400293	0.5531694689115554
-0.28332049414951754	-0.12919142770527525	0.5915392479570545	0.5599191956706064
-0.2787137677087953	-0.1540422658384618	0.4849041282314466	0.5474513853582079
7.689069416225431	1.0812109349412276	0.48074991430420955	0.5369459397215945
-0.022856427758970455	0.9159816286412705	0.4209069730363144	0.5195799463708695
0.23486539488968017	0.8188839173051328	0.5233172291030421	0.5201126529941711
0.056241005288795165	0.7150881418157333	0.28739558736671045	0.4884398411240989
2.294864853930051	0.920778782700036	0.24143610919785718	0.45627951705642933
-0.42068775764187993	0.7533724687419698	0.14440046405124063	0.41735903367198324
-0.7416294111555497	0.5742477835637891	-0.17851096530054478	0.34596451987688104
-0.16814848480260147	0.488709421601931	0.15651574397546897	0.3241364156227835
-0.4923085110092842	0.3798535753826622	-0.024839916802658735	0.28541337065510497
-0.5688155570574202	0.2783382978522271	-0.23713143344668197	0.2294969178321018
-0.5342716129409166	0.19437473575166275	-0.11808867961001723	0.19358255296899585
0.585456908287818	0.23343945504081764	0.21151459626758662	0.19537383533321506
0.13279092577375895	0.2237095946869263	0.231321163357737	0.1988490091718258
0.36874873489139337	0.2372935423340763	0.14605798948957438	0.19390486354973024
0.25793077893769056	0.239168025268798	0.261819823146227	0.20007325470758386
0.4684573390475566	0.2593813661475006	0.22680489790942948	0.2024299132501861
-0.14826089018671318	0.2244706228839748	0.2521237701502683	0.2066858923317465
-0.43898294784448055	0.16922806290842374	0.2862718100405297	0.21331285622273577
-0.13992017315250715	0.14418166110884956	0.05431754043063153	0.20043155064186724
-0.09879065862955394	0.12501412734296014	-0.01906100117995768	0.18311631688821262
0.016100383821192832	0.11664227713676545	0.2520778283072771	0.18841744072889366
-0.31475260796935434	0.08430994086818577	0.20265565780522343	0.18948479168823384
0.7454610083423163	0.1326550307483907	0.08297271254697214	0.18169634154335368
-0.5247427330757919	0.08572771537205548	0.010165292743576693	0.16945185580972355
-0.549200395040893	0.04145733571168719	-0.10459600963355786	0.1503438561448902
-0.5550147942499812	0.0008125898774422602	-0.05539798040740207	0.13632420122525257
-0.329250162492816	-0.02117914167055579	-0.005837608533409533	0.12685213970465314
-0.4931529597483739	-0.0519432476744055	-0.10799919136878167	0.11154413499997862
-0.4197319644437011	-0.07540669666563904	-0.0939364266959739	0.09843536842852596
0.1991798873418984	-0.05825362708798543	0.009158186746422547	0.09285850111574256
-0.17781997475011924	-0.06557029198793152	0.013178023667832717	0.08798265409778128
-0.2195253669897559	-0.07480313119487492	-0.10953487384264948	0.07613732232886017
-0.5541588995025322	-0.10298743172072966	-0.1518387353776829	0.06273330108639419
-0.343362712341734	-0.11684893538967522	-0.16793263146532467	0.04943172531677553
0.13865440692099562	-0.10239259081878238	-0.08857466833365257	0.041623578711829756
-0.5042201299777498	-0.12470683758000312	-0.12891045513544375	0.03215361332674038
-0.4764224247540898	-0.143883350828381	-0.0885538425763911	0.02557245713288392
-0.050202180675887	-0.1388667605267525	0.053243295627763976	0.027054184522620206
-0.05948807296877101	-0.1346907171155345	0.09199139906319087	0.030470418992116555
-0.32024678017896135	-0.14428478272300782	0.12050092051012773	0.03512547670867128
0.16358867599732552	-0.1286360306108092	0.17285967324973583	0.042126258938185224
-0.18264569032850952	-0.13133548573639864	0.08995839134572647	0.044517090115545166
-0.28186495450975835	-0.13873598409613053	0.13242843977067387	0.04883909879086379
-0.3170443644406923	-0.14736083953004675	0.057951258474455036	0.04927990862949638
-0.17648341782370514	-0.14874722647372718	0.08457083297859769	0.05095979372985715
-0.18835589761357052	-0.1506031634872801	0.016539073963715456	0.04934699264950382
-0.2553515881936357	-0.15543615774987052	0.08244678870294786	0.05087421613471621
-0.07756712641485819	-0.151897662365566	0.01627884144319025	0.0493022844809603
-0.154102696408285	-0.1519963513867164	0.005889627070411407	0.04735903888983661
0.06946163155440876	-0.14222883505746298	-0.0315549901311053	0.0438787503871132
-0.3473709291814302	-0.15114547168187842	-0.008408041271359412	0.04160607479813061
-0.2821492860785567	-0.1567581973857799	0.037455926543402907	0.04142845432470699
0.1363122042538596	-0.14437831232878695	-0.03294219074024052	0.03828695693088435
-0.3250061496634168	-0.1519023126149025	-0.09979791007446048	0.03253513778040884
-0.30452368974257327	-0.1581727077197227	-0.04455139872209912	0.029368106374457525
-0.46856733411320484	-0.17075290755114125	-0.15813715186256783	0.02176865943435402
-0.12117307760607954	-0.16877020049509828	-0.05026967587372888	0.018887884647236675
-0.3228712324698507	-0.17485147181612837	-0.028290887740979764	0.017026232148810827
-0.14053226567286026	-0.17351463497083286	-0.03370266016050283	0.015050327781920503
-0.4528765047961496	-0.1842567532878363	-0.04197013732534072	0.012857723117047914
0.07209002289689215	-0.17452453610579877	-0.013706747930516516	0.011849031277528788
-0.2353689463346853	-0.17680565103025914	-0.004057963484927374	0.011252684030901516
0.11238015170028826	-0.16609764325758658	0.02471061525326812	0.011750889009793708
0.037728249203276	-0.15864228154550575	0.07284706700489796	0.013985601779145984
-0.15259395243890328	-0.15842379848134247	0.12080343117258097	0.017845527131177485
-0.21410126131235085	-0.16041201936789906	0.008614637855984597	0.01751570521456247
-0.20045224900460268	-0.16182494269559622	0.02304196217584531	0.017710657744283154
0.14884608778476882	-0.15098998476424874	0.033450273921584284	0.018259475961931226
0.031693750976387935	-0.14469189759530532	0.07227343843843248	0.020121584731852993
0.05314288258969979	-0.13794907381619215	0.07833617065620246	0.02210558783982819
-0.11010284088297495	-0.13701059576708663	0.13813226322077332	0.026015856458334596
0.42225330078060996	-0.11837227531410144	0.1886915252223369	0.03143718473541268
0.009267959500211198	-0.11416518609897564	0.14657058126891198	0.035232037473135414
0.10987372540185092	-0.1068610880034856	0.13540406500653357	0.03849776171814323
-0.05272728666803872	-0.10511513638568037	0.10679986628046012	0.04070067438750691
-0.07536505379425196	-0.1041659024817112	0.1571653127537529	0.0444168690554918
0.7924160326893501	-0.07585790102086298	0.23704006981884418	0.05049861909353326
0.3032526064428904	-0.0640128438708949	0.23917929757227485	0.05639380876157474
0.34204625283926404	-0.05145645982009284	0.23855484715021769	0.06202672465245529
0.1658798086644795	-0.0448045064584599	0.2541440937554986	0.06790680158419438
0.32048209681212403	-0.033737004514852176	0.2095588874258565	0.07219865043737306
-0.20350497981621196	-0.03882924639978125	0.16088892005660416	0.07485882000105915
0.0011577021294508771	-0.03764165835978028	0.09567660363123665	0.075477126740078
-0.12898537324853865	-0.040327840605961396	0.1173144487430744	0.07670737911310921
