-0.5752098978545496	-0.6291131761751534	2.709825891150466	2.239071566787244
5.665280709003996	3.7908720013981148	9.98889635211584	7.681074726714325
1.0294472283978187	2.197360203725456	6.069459415266864	6.751073592498057
1.984744006921249	2.0937685002172826	6.298836683799744	6.530733037992315
1.453328593854406	1.8243274133631	3.896574356072006	5.42250948445689
0.6654800492188293	1.395775566935284	2.717037983070258	4.4220025794964
9.153466731348617	3.9536098998800995	1.0181973103271558	3.2997133871940285
1.4366363812004161	3.205130006187315	2.386432824095307	3.0281278183236022
-0.2546211102264405	2.268385938010694	0.16242217684630256	2.252224411559504
-0.20420843560322532	1.653999733489171	0.3485293513036969	1.7791974506321515
-0.6727797935127424	1.1198440079922278	0.7198677999685767	1.5360084213802003
1.3638146091320773	1.1718878014360574	2.30409253107748	1.6998562062078793
15.836060676647293	4.093149949464217	1.9293231669654531	1.7455685910485381
0.5493620664013006	3.4310083815724735	1.7061605177644013	1.738205382021552
2.430200295889708	3.2549440991822003	1.8058503981191887	1.7501050095308162
0.79967536732157	2.84687665339144	2.087394624940344	1.8061625646230928
3.235887128814892	2.90814343977948	2.0880318718674604	1.8505552652653714
-0.11894644981335556	2.455124338492668	1.1237721409980481	1.7417884963949386
0.03293425904461533	2.109825195973499	1.4644616524187843	1.7022541568083174
0.0013999424739901123	1.8228680655720053	1.584364433965701	1.6862087483281312
0.8907733315877975	1.7015075806336486	2.619284334700687	1.8076977658891895
13.179907888098379	3.1339388907970296	2.3222132220496476	1.8719063037287635
1.22617708345917	2.905359564096605	2.3153085229728236	1.9250336043347014
0.9404541078135984	2.678964727475188	2.123314895916057	1.9478798620267685
0.21047153337656344	2.4050555120564057	1.425183927794285	1.8898808636756574
0.172800299994204	2.166186151254316	1.3205508387018714	1.8289582181540762
0.6257175868462468	2.007016170344444	1.4561539414120892	1.7904384668865134
0.5734362074015027	1.8638180235240056	1.3192592068308198	1.7433731134779418
1.6281816723999114	1.8410384143159129	1.2453035040282154	1.6952235068462302
1.6030226326917703	1.8187462997709427	1.4867458606245738	1.6756978478994626
0.12876571555184735	1.6652571339021836	1.313758221306352	1.6428254895381853
0.9971620237587551	1.6063607059105718	1.2068021595696008	1.6043875801088152
0.9697028673631916	1.551837191874955	1.2722762083690422	1.5759457640957653
0.456474185162979	1.4606318954995197	0.9805274131849453	1.5263686584835838
1.230458461128026	1.4419838512889567	1.1973904868257645	1.4997156645084093
0.849536952566947	1.395246805591845	1.2102348284277133	1.4768791935586227
1.8527865037844569	1.4304175565994517	1.087730928291117	1.446966474805496
1.9280503671723972	1.4677153408813224	1.2704330842509703	1.4337362219116598
0.7320534022102645	1.4139220150184681	1.3086314015523226	1.4245885040072785
1.6790476841878625	1.432847472085315	1.415143601765533	1.4239141827399413
1.3472057090316425	1.4268758854333807	1.2798325114268567	1.4138678783004557
4.54199920380234	1.6391466114057018	1.4455626515867834	1.416027769693177
0.6560807474372552	1.573646032093151	1.4085542756105593	1.415530022741851
1.2325279793157802	1.5514118413480729	1.3148223483952277	1.4089662455893572
2.6962471610590435	1.6244480839812785	1.1676523900532265	1.3935714029375141
1.2452004736937683	1.600757421006866	1.4686422724752486	1.3982612231147624
1.1235346777064925	1.571554410431422	1.4357429766459324	1.400555268286189
2.7228843296100487	1.6406021166009208	1.504037652388865	1.4067618150338506
0.6298387194965827	1.5811729459381891	1.1857052332776945	1.3937645447206783
0.6552041431480209	1.5277756672294696	1.1481369888933672	1.379600165502032
0.9775057818876938	1.496642182987268	1.257220164028599	1.372676384512829
1.9929908741834987	1.5242061142131935	1.2261297946070284	1.3645388189009569
0.4839060856228268	1.4674859219854546	1.1467714684254333	1.3526657312630763
0.9447904357439247	1.4394958386452057	1.0952888210841079	1.3388835006215607
1.0900560785570117	1.4211114155455222	1.1257770906839109	1.3276717349026406
0.9705317030478693	1.39781420903416	1.3010927671532744	1.326297298367904
1.2800910881149319	1.3918302569221632	1.2111624973405686	1.3204449143467158
1.3883991356835388	1.3916587595480645	0.982538596309809	1.3035556466848255
0.5680179141390493	1.3511661166872209	1.104648027371531	1.2937769111071273
1.0133636743475192	1.3348266544260539	1.0620032089342213	1.282566130924467
0.22973271630455905	1.2822206266647038	0.8471780503353947	1.2618402666851574
0.4509373134287187	1.2432666669549968	0.7414308815795843	1.2374537569732098
0.2670584059162082	1.1982251835199165	0.8870266098182302	1.221285333757148
0.40935751276033017	1.1623785594871983	0.8458380829307928	1.2042246989600964
3.7512873552468022	1.2782657236784067	0.7408671744060322	1.1834839715111296
0.38015873769061925	1.2386552115095744	0.7662261567554403	1.165081154013564
0.4826543485309376	1.2057949958501668	0.727765022617773	1.1460727652065494
1.0614120062996584	1.1996091975766356	0.5730650392523149	1.1215224691535957
0.020105834849369897	1.1497849002926421	0.7078066285701887	1.1040464559082954
0.5253574813001971	1.1237745643537318	0.7425977431514488	1.0889906489118606
0.46261923657990245	1.0966112173645732	0.7627990669218312	1.0755893130493632
1.604883122315413	1.117211517497747	0.9897076353744843	1.0721085720545096
0.23064678964963647	1.0817583023204884	0.9050990232530169	1.0654303802248664
0.8833726718823605	1.073929483062035	0.8669481458114037	1.0575977465992388
0.8116438566820539	1.063713116702873	0.6901837752733675	1.043286474538986
1.6725592524259896	1.0871243630208038	0.5938665823039422	1.0260051040253546
-0.1270961026592793	1.0410257596923995	0.6434901902638241	1.0114828879301232
-0.18520878314854083	0.9950526676482216	0.6033179349475044	0.99618029586094
0.6607722950876715	0.9826746483790962	0.5757291763308396	0.9806115002236067
0.1848103969095265	0.9534910959093854	0.5909382741528468	0.9663584398420078
0.05803278269435497	0.9211319590562907	0.6815023480616251	0.9560642261671504
0.6861609997745179	0.9127418437447516	0.6203724015216512	0.9440777198280361
0.5470964899146926	0.8998391880673589	0.6371289063809982	0.9332462503528034
0.896102676528084	0.8997088151609904	0.6747322425122926	0.9242301557136499
0.5188870137921406	0.8865795779284751	0.6034145702837372	0.9131696643151319
0.05447066679192614	0.8582177104929329	0.5829709012768824	0.9019147794625537
0.48161736998221283	0.845525789187973	0.6981399442827811	0.8950472694128615
0.22887845577682753	0.8249748319218932	0.6454351067231787	0.8867283967005319
0.2755289823496656	0.8068644047831528	0.6340579376254472	0.8783997972616067
-0.06400435215998346	0.7784718242621282	0.49538124213115586	0.8659123099831552
0.7126951119985656	0.7763501404539974	0.6168131234020442	0.8578781173537706
0.3745938948000087	0.763530486104752	0.5287599605463598	0.8473762723537039
0.14793066667616506	0.7440939276320868	0.6236023696218109	0.8403108830489343
0.3244735143573605	0.7309829556349394	0.5403422991524507	0.8309383338326177
0.5848992631423167	0.7264657488741602	0.638982477982261	0.8250026518645828
0.25700053185550154	0.712096757631588	0.6372094493633604	0.8192547465296358
0.7614607034060672	0.7135920322746176	0.6554543229347769	0.8142916206565005
0.517520635027922	0.7077109263726966	0.6238105068176047	0.8085781980504585
0.19527669650136326	0.692492487506815	0.6577638219549833	0.8040990979031593
0.7859893117310408	0.695241934108243	0.691772102833808	0.8007958962106112
