-1.0	-1.0	-1.0	-1.0
-1.0	-1.0	-1.0	-1.0
-0.7489270331758605	-0.8551154916707057	0.849785485048898	0.06743973238542766
-0.49228307101520197	-0.6783342757037587	0.497885407659586	0.27716392117468214
-0.2314760977407374	-0.49033535838594033	0.25610857477279936	0.26830580668151915
1.7610597904271206	0.3422493062883418	2.9624260035424133	1.264613741425539
1.8617805389952347	0.843263108689682	3.3329532639396025	1.9465784387374692
1.1431250109050817	0.9324337650029921	2.375576616918806	2.0741506465173254
-0.3903086385936012	0.5742949227678975	1.5346494533914532	1.9280779888247013
-0.12454956562428865	0.4006471201911226	1.2831767622114776	1.7678338487573213
2.5200781165951076	0.8872020064757256	1.4808696023396797	1.7019557837542605
1.97652633907465	1.1195769536857978	2.174880045709815	1.8028401191609928
2.497536582989201	1.3940814007047284	1.5549429036151352	1.7534563185309744
-0.05417476044182834	1.12348099079635	1.3239882166117378	1.6732121609527026
0.5702687307905954	1.0261589491072862	0.9387294650149691	1.5440007306024723
0.141299942116496	0.8790947427702764	0.739107257844783	1.4102268289630593
0.5465065303325618	0.8267135431894441	1.4439799802291216	1.4155427119235133
0.5395612704581665	0.7837396778081003	0.9639320556679425	1.3479568034508174
0.4992945960178441	0.7431900514331826	0.9084310377120735	1.2852993692888282
0.18068786409520166	0.6666334208478961	1.1086438273938795	1.2612564879957255
0.6433860651300176	0.6636065788154819	0.7353734719151237	1.1927853874013832
0.8861709493486372	0.6913811887365635	0.9921148895362684	1.1677430355570109
1.4052351837988537	0.7769121723486114	1.269008319930799	1.179876265968864
0.059696671345331964	0.6942752938968826	0.8839844373044685	1.1457841864085574
0.36009937522167434	0.6571947243553029	1.0917312519252884	1.139786859957375
0.04008096076769796	0.5911588037457811	0.5343008766353532	1.074995342825984
0.4998632362230464	0.5817259927301446	0.7986783899682373	1.0464450987122849
-0.09609286380170035	0.5140195812403645	0.693548759167826	1.0111946361945026
0.08905625228782776	0.4729373651384763	0.6246349865422376	0.9738249634372844
0.13537337617059708	0.44132236132304414	0.6102617500028591	0.9397749863913674
0.14171879783579278	0.4141113417300084	0.5404981962267412	0.9035113019505956
0.37506948432182474	0.41066963452942873	0.8885835172386254	0.9021954175050197
0.5156023355491663	0.41965616313698884	1.09765382087692	0.9189346475215703
3.298019740567736	0.6593242359332008	1.1127081008251345	0.9350693922600917
0.040039413707605664	0.6091510511140665	1.0621178701576919	0.9453624772752975
0.44173293283778325	0.5959437711659588	0.8761217310783929	0.9399002873503193
0.4649812422052211	0.5858772331855047	1.1796551774888018	0.9583302580745607
0.43964668276611363	0.5749175759828393	1.1452895272119017	0.9723427847521688
0.6383026577448998	0.5795524590308576	1.2928370406961474	0.9957781653520426
0.45559157154398733	0.5707035210471769	0.9573484756613058	0.9930346746312639
0.5634387743412756	0.5701971148099394	0.810914163669932	0.9803364666846746
0.22070034431243424	0.5463819408963744	0.7690404139960576	0.9659386388329365
-0.04245126229645446	0.5071485710558095	0.8341010784925995	0.9571544544491548
2.2728511258460946	0.6222408475979873	0.6097794963513401	0.9345121599103012
-0.104192106057169	0.5758972297772038	0.6247483393739841	0.9147504788479639
0.09757034106128004	0.5460171079418044	0.8596902907746204	0.9113111344509168
0.7276220769399437	0.55713043477596	0.9753628568368253	0.9152308850323789
0.8012649443859683	0.5717717097411539	0.8687626969800084	0.9124443158968083
4.002678932178687	0.7734970035022575	1.021802707532553	0.918874366743933
1.1690718352096514	0.7963088326857468	1.0864303972983445	0.9285371404895313
0.7849725466782829	0.7956676302706087	1.202220866484212	0.9440221806850275
1.8259128578972694	0.8528797425372594	1.0109663914378304	0.9477400320943477
0.9970950319651584	0.8607429889524019	0.9632211558463213	0.9485842908016526
1.9230351306671012	0.9176294378333425	1.1029113523433622	0.9568489663741657
0.8574849034166758	0.9144649439459298	1.0179134657876423	0.9600614027164929
0.26201116697343463	0.8807300385692294	0.9638909494076346	0.9602593567690265
1.1421649305991042	0.8940184350222613	0.9563115839129694	0.9600586805294316
0.8591687429737771	0.8922762853561241	1.0486379665495198	0.9644857401974791
2.9052664474499563	0.9912416349900111	1.068901516581374	0.9696193590779949
0.4944003795052325	0.9672091865845744	1.1473055264247818	0.9782142522531243
2.0317238295220545	1.0178832398236204	1.1447692351953433	0.9861426102285293
0.8048533534453626	1.0079006174094909	1.2430667149956647	0.9981819150504003
1.9639072244230222	1.0520102467689347	1.0099135029966497	0.9987233542195546
0.722230360716918	1.0370249535788876	1.115327609283772	1.0040219830063388
1.5722594065131363	1.0609834336451982	0.8819397250978309	0.9985572739093467
0.1956903279480593	1.0228202622924951	0.9277751312666347	0.9954358272788923
0.4238104416564308	0.9967840371250947	1.0657530133999185	0.9984924179909074
0.9943383451510845	0.9966792967788505	0.9227890852102514	0.9952489520763157
1.0094092397903762	0.9972169526787238	0.9533453651452082	0.9934787912649823
0.8318458984631008	0.9903287482448635	0.9260119672036653	0.9906688418717962
0.5928794180139436	0.9739997287081108	0.8725272202893957	0.9858151978082528
1.658136994109039	1.0017281424291782	0.8212342777255419	0.9791449768009797
0.9773355097418948	1.0007528046040672	0.780516707999209	0.9712019826945799
0.48832830777959524	0.9805308240367305	0.7785025323490156	0.9635976108345643
-0.07530475893994415	0.9394046327832353	0.6820778105083469	0.9526322746664591
0.08846451245903353	0.9066838969884556	0.6462481204262043	0.9408508652258902
0.2476026042823507	0.881661450161684	0.7580755883939418	0.9339117212203383
0.4842551096740173	0.8667621538812469	0.792989995365468	0.928628358792541
0.1960794191733568	0.8419276742418804	0.7276076602088282	0.9211847800290878
0.7942475895701497	0.8401838036201561	0.7876077630258718	0.9162990425183997
0.14139198264387987	0.8149316060012517	0.8936806535232191	0.9154813197541565
0.1599608719268759	0.7915445718513561	0.6739269067054598	0.9068558334002528
0.5751796413008361	0.7839096927048559	0.6900010117568842	0.8992036607942373
0.28269435183418823	0.7664289443262426	0.6459619895650541	0.8903713054483284
0.37297769979615936	0.7528642394163672	0.8650062380275672	0.889496541163167
1.8459769331148541	0.7901211342219936	0.828277514344429	0.8874094555531578
1.8402298202598004	0.8255108621434124	0.8556329854425855	0.8863384549218329
0.40735060651164745	0.8115747693071118	0.8891169517152957	0.8864308546527995
0.24574432890810471	0.7929244413219465	0.8213709047840676	0.8842861805828448
0.5266212933776384	0.784242355311378	0.7785361737262557	0.880838539857012
0.16522592955502646	0.7642777608014197	0.8074689134330861	0.878472134724106
0.6452240250527554	0.7604786392956457	0.8856828303447237	0.8787019531448095
0.20908095112625635	0.7430689776563923	0.7887180276301924	0.8758604851986747
0.7623290341103368	0.7436708427896117	0.9060342259362133	0.8768033498518739
1.0563189662388592	0.7533386397259494	0.9828760765404323	0.8800833429191364
1.3406065751019343	0.7713129044354534	1.1308652153423218	0.8877588197252222
1.6065429566225937	0.7966182081004283	1.2265471195291417	0.8980230610067317
1.1013601409514102	0.8057589694089846	1.223331976028443	0.9077807303427838
1.6236222871709591	0.8300478371236015	1.2159486984399788	0.9169326597376559
0.914227072898453	0.8325231535804118	1.1660212522139148	0.9242574377400812
