-1.0	-1.0	-1.0	-1.0
-1.0	-1.0	-1.0	-1.0
-0.7201106889335411	-0.838486682356544	1.0600387852831301	0.18876886515422986
-0.850141135912591	-0.8441650240946681	0.2511055630825343	0.21914092394134688
-0.7729666040193383	-0.8142109322263196	0.6786590017762371	0.4124661175090172
-0.7551153165579456	-0.7923568949355606	-0.09738001161223353	0.2239205401968425
-0.5630855318636874	-0.716762479132192	0.5833519671783041	0.3424307546322163
-0.3024925892279309	-0.5935699437943383	1.6432276759347189	0.7292521611189537
4.8184369390492305	0.8717567018641876	2.3872957879013983	1.1781753698871977
4.386210582077066	1.7450227922120356	3.623072879436788	1.7856797767102304
3.5524326613144614	2.159947372914627	3.915310710406522	2.2745762123782036
0.645874540341628	1.8369649328217714	2.263768544343672	2.2722706079209343
2.8488681977893253	2.0385473928545297	2.848213395904596	2.3870050314403386
0.6955559924673	1.787615381254767	2.4575939958829003	2.400194636692589
1.7511087393900757	1.781193075292867	2.1855446695256826	2.362433104033505
1.6193787998480609	1.754299130477159	2.5143213235865898	2.3876766227736845
0.5197196906216466	1.5598584763158705	1.8328633035550959	2.3002961089778586
1.2264295314282339	1.509959141586143	1.087742773074471	2.1188314325961404
-0.12895356336855157	1.2763213291520086	0.711464114724395	1.9182020646142455
-0.28420178703274845	1.0639338684178061	1.0649039752443232	1.8020678102224612
-0.25665430582550086	0.8919904324456507	0.8774042746953139	1.6816746637971978
1.0599664186369213	0.912952887937954	1.2689664536604797	1.6301715172197908
0.35943325716508046	0.8466326140543561	0.9414076859121314	1.5476468946951099
-0.3064431871075489	0.7137761448987014	0.6799173467931907	1.4476680528309966
-0.09158889708490492	0.6244111139380748	0.7667472302380325	1.372111679912495
-0.11633609016001434	0.5451452739738785	0.2906114015062389	1.2563825520036
-0.14526365524011753	0.4738082377706705	1.0087517909028967	1.230796159343721
-0.24043866406258863	0.4024630898705721	0.6817225107419895	1.1759498208829244
0.25770631891176654	0.3884692033694026	0.3643061632400779	1.0974864843005143
2.134647500976535	0.5520106002558989	0.6880696765723531	1.0591421936888334
-0.2481562399336118	0.4793370209020038	0.737039416418928	1.0298878933815763
0.5873290647759803	0.4888571160730728	0.7647948598818468	1.0065183183774682
-0.14948151072329297	0.4341891770637085	0.7634388297239936	0.9857006732058957
0.48156127400985005	0.43813403957880626	1.0167202921101266	0.9882840903173182
0.415142032129171	0.4362714689503404	1.1580349447171958	1.0020372343762696
1.881247000441538	0.5502638190916882	0.916849927594152	0.9953172072022074
0.15930665101269015	0.5202117845932628	0.8160146888794486	0.9815347375315249
0.097295487408672	0.4885151282662312	0.929676889861567	0.9776486680623602
0.07312879021029306	0.4581408894137684	0.9887467121268225	0.9784600020228931
-0.04992225850215115	0.4218734975394165	0.5492343611170265	0.947820239663328
0.1629494245495302	0.40382010423203374	0.6460234003729024	0.9267775805787104
0.25427985434476996	0.39363035439650607	0.901774636336824	0.9250741439301384
0.7352590045204523	0.4163927240358092	1.0380733543020586	0.932603154424716
-6.765910990957913e-5	0.3892470272107431	0.8830410200535037	0.9293725341440744
1.543975038084223	0.462914334565969	0.9677484368096041	0.9318208137567998
0.4861792168948822	0.46436791331603344	0.9962562410234883	0.9358463327779025
-0.08539837466077527	0.4307254323714451	0.5225641377262666	0.9105559808250934
0.11775225227276098	0.4119561161460057	0.8676264520340606	0.9079816440704946
0.2705889366741394	0.40364420979613813	0.8085868897997683	0.9021375506213134
0.2673322629153103	0.39578383060859457	0.9780491009504115	0.9065154911974331
0.5081737662455466	0.40214299375133167	1.075342375862144	0.9160678980847254
0.4147298918329545	0.40284206537574874	1.1638623943170168	0.9298285945133726
1.6198407842438662	0.46919687582793923	1.6191790426580632	0.9674143903281731
1.6438766389885453	0.532101779101164	1.7862416244549926	1.0112634025562417
0.6705898471260487	0.5393875061238043	1.2265480134741353	1.0225893883148007
1.0109659796591557	0.5637703119103856	1.1484379245869003	1.0290963616717708
0.9296022923439897	0.5823650475444839	1.1091418618373803	1.0331649173015927
1.0541537674617745	0.605945999455499	1.4183268993307148	1.0524160770181759
1.2420033282310574	0.6372166919417326	1.3846330843929566	1.0687490263652406
0.6061876587581927	0.6357158248795791	1.3274060560654197	1.0812604659601153
0.5471078165017251	0.6314978944440766	1.259098757782731	1.0897262833944459
1.0485577597501416	0.6510411371311071	1.2953028924945857	1.099359452184539
0.7390894909155006	0.6551035165998431	1.1602423165140534	1.102168411992781
0.49118363970263723	0.6476548918778928	1.3086919624438638	1.1115528978859426
2.120434296090695	0.7135798980478978	1.2506613122581376	1.1177794683701747
0.9701034169089928	0.7248940678679281	1.4896280276025977	1.1341800825057669
0.42911902255995327	0.7120382159567122	1.2426173187115306	1.1388937111521389
1.544111702012355	0.747688782570469	1.1912381309059006	1.1411367305613083
0.8945519734635283	0.7538926605472871	1.1233604523812244	1.1403859536093712
0.9079861506598861	0.7603117255831269	1.1200922764112242	1.13954088706447
0.5950175860108047	0.7535207267914033	1.2211164335565035	1.1428925599868167
1.5766478536007824	0.7868821502619734	1.269627873874899	1.1480292300070682
1.220700539517508	0.8042305128271556	1.2697724057285202	1.1528977752149472
0.7254334290069264	0.801120889579364	1.2023542385869677	1.1548495258031246
0.23245084611443012	0.7789706287681455	1.083896648324035	1.1520862629371385
0.8697921722077704	0.7824629411612161	1.1738401624461718	1.152922771098428
0.27139575542420635	0.7630597904724528	1.069204857586623	1.149744151687698
0.46206010749572046	0.7517747135093154	1.1868012137831414	1.1511331522776573
0.5973540534747301	0.7460565055909958	1.275631058772937	1.1557428073143545
0.7741949447377217	0.7470855178580742	1.3160347656689142	1.161605556087633
0.8317697779078135	0.7501455531666403	1.4345495038621174	1.1714686049717766
0.9435564749065295	0.7570512867834742	1.3533797033142063	1.1779636552596795
0.7469321663531499	0.7566937948889998	1.334002470183051	1.1834691717183543
0.8809242350403483	0.7610261185583618	1.4078944603182526	1.1912958242815632
1.005797111756093	0.7694643086829505	1.4340320221198444	1.1996637667679302
1.1085652371454473	0.7810217339547343	1.4105232668122158	1.2068501387822068
1.0381536100343505	0.7896872879584129	1.4424891741618882	1.2147913418885623
0.9207237103181813	0.7940542877026777	1.4919845689357278	1.224029273239712
1.1684324101354724	0.8063937353088826	1.4445984572443331	1.2312990348513315
1.1058923549121191	0.8161580234680406	1.3050947101441301	1.23370483033134
1.1272094193375564	0.826189757257064	1.3968886017299735	1.238967493422098
0.7896869933987978	0.8250248917530765	1.1975467949203038	1.2376456790857486
0.48092361698171304	0.8141601990245948	1.1464242802089886	1.234765080495099
0.5753081099019317	0.8066972457224073	1.267160563367013	1.2357770294963282
1.2483375716320233	0.8203537470592863	1.1989211011881853	1.2346372847313827
1.2761619429520987	0.8343047352014101	1.2235407699758616	1.234297749515214
1.264567077814792	0.847340680855837	1.2426728147785613	1.2345514198767358
0.691292226364663	0.842659986085782	1.3764261651590446	1.23880690126874
1.3420391504460514	0.8574904077037948	1.4424501761209982	1.2448545427967197
1.767148267692951	0.8842405331293488	1.4649132572023302	1.251325681406216
