-1.0	-1.0	-1.0	-1.0
4.88808634996413	3.134671791689243	4.5989348996145525	2.9316268167639494
-0.162198830869829	1.2321748362986513	2.457870829694852	2.6582404170213514
1.624507920325546	1.4233297716744486	2.850070701601932	2.751705426292741
0.8759227407210584	1.1930287294053734	3.2265621958913773	2.951483520783141
2.347482331917225	1.6199551585928487	2.7035525835200667	2.859796071229321
0.7539319784695795	1.3344134763862145	1.6577294653914714	2.4634555039283277
-0.093792127050916	0.909704006006979	1.5634734784060131	2.1958252021283875
1.3139774399196802	1.019162843634037	2.000804421616385	2.1430222395522662
2.2293847785971277	1.3198767268236984	1.4573477351767377	1.9726468459766875
0.40692463357040887	1.110291545520941	1.5344907383288127	1.8720599718159776
0.13574247733784728	0.9024005224284717	1.19135442115094	1.726851738765288
-0.07936103329847888	0.7068230799287911	1.074839615926582	1.5969640266382643
4.8873358492658685	1.4879339351836873	0.45941896425119233	1.3844185963499585
-0.45122349364695014	1.1467944914702146	0.6932457647087604	1.262826105594316
1.0567064537622062	1.1318218802835607	1.38579609241041	1.283263895347234
0.4511840920947807	1.0246246680132978	0.7481949252246223	1.1989931514163592
0.6383987719509205	0.9668241365100139	1.419685201272765	1.2320209598112744
0.9092447687049803	0.9586158797401807	0.9527352959711948	1.1922069951749035
1.7575284525617492	1.0673476833664006	1.0728256678934662	1.175958973271808
0.8291045439416596	1.0363279472164315	1.0236358081624517	1.1561262094767386
-0.054111164316020255	0.9002483708504765	0.9042816448687387	1.1246979316335004
1.1904828585428051	0.935023210045123	1.4828512396122964	1.167610537516028
0.5159246291343407	0.886735086500833	0.998861710230305	1.1481675889573588
-0.3550324867099085	0.7489458818037675	0.7134381959529377	1.09992924419134
0.18293553676249008	0.6883783414035274	0.9527677084358108	1.084182063088595
4.5967898393703335	1.0922203135175148	0.9833991727200346	1.0737691529174724
-0.2682151166254054	0.9563284087881934	0.6532564283902678	1.0317646997762893
0.01800870446526881	0.8656188862376999	0.7072802988502576	1.0003959876779867
-0.19135764324581717	0.7666261330533368	0.44363087425039716	0.9482512481791965
-0.2831389640576142	0.6712832753031928	0.4902473899268174	0.9066539901611823
0.25730193154405057	0.6347883626229416	0.8260687600106664	0.8995499253511474
1.2060449576377086	0.6837112556353848	0.7569107525691168	0.8873341533294519
0.08113380936523007	0.6335374223446402	0.9386711268515502	0.8916086589152732
0.3811186129415087	0.6130869308170908	0.9500709305056683	0.896345061400537
0.8522778299692317	0.63195624999506	0.839354405304785	0.8918490645537354
1.4990871332080928	0.6986118478744348	0.8035511634254233	0.885062389655404
0.2545956827112379	0.665333682143427	0.8942703592773542	0.8857528788517399
-0.014880111304796273	0.6155946642030066	0.7263391979398603	0.8740961325242433
1.1765437757553445	0.6556370749196039	0.8381805671499969	0.8715323022734853
2.04116076655936	0.7522427925613868	0.8751413043541902	0.8717839693637095
1.6677277855016737	0.8146256557357725	0.9224552854676018	0.8752367988801255
0.7258896770729482	0.8087132797554923	0.8502097585669306	0.8735692884822075
0.627686891636319	0.7969136537201158	1.0386244424193398	0.8843279019834893
0.5889592154316039	0.7836469616497272	0.9534736820412815	0.888739151247592
0.5347535120072495	0.7680990732472852	0.715063240308822	0.8778899715637167
0.22616758306568818	0.7349360168954822	0.5042824753476303	0.8550274132010307
0.003676862016001925	0.6910813930259212	0.6919970989999649	0.845250277937176
0.7008437629395783	0.6916554880680656	0.6389198865654098	0.8331189012048459
-0.03972517759595051	0.6494794665288903	0.5634602733485534	0.8175688343984808
0.5239898687079483	0.6423794400387453	0.5949502865693901	0.8049733354305719
0.24794931262211306	0.6204759254258998	0.594411369449541	0.7932804146898629
0.40859673572137445	0.6089239896724523	0.6552038483326685	0.7857524912913567
0.3097970492667774	0.5929060618528252	0.570974572405275	0.7742515281044542
1.4867046416155825	0.6399296630774391	0.5357731897684139	0.7617047870403748
0.5318229420694731	0.6343398606491477	0.6094987949929012	0.7538348392801855
0.3686476844902613	0.6208349338720942	0.6210150955208924	0.747083632467755
-0.14361797131919796	0.5826258490904428	0.4700291094519584	0.7332356479386499
0.5316523428990818	0.5801199734345559	0.40084891745344	0.7168945971673997
1.5000777916948622	0.6246188760612716	0.5814072555485466	0.7103409724335366
0.21552681904609705	0.6051448716535264	0.394368082594307	0.6952997550737074
1.5147546318835183	0.6477687024356742	0.5111087633653939	0.68666842455599
0.07531472977584097	0.6213561857451562	0.5099712698719003	0.6785158474633284
0.22615722052237186	0.6033980298450221	0.41714746145270754	0.6666389970410944
0.045209570510901465	0.5784121680966676	0.2342884169052426	0.6472859786125653
0.01716779916386768	0.5536586818199443	0.38814334205776224	0.6358565554174902
-0.15458692280752462	0.5228744000921453	0.23282160074865477	0.6183385040015688
-0.10146353117189455	0.4961245615677632	0.28239046969015646	0.6039446989321446
-0.20056652670705166	0.4666951569179354	0.20432647145176097	0.5870642311643568
-0.16500472416015188	0.440381469857005	0.24805604977335305	0.5729427172813677
0.6742984384475816	0.4499921318140212	0.30006215667468683	0.5617315805618972
-0.11272224148894694	0.4271853073785894	0.35011234717727846	0.5531546188196534
0.4040709629911985	0.4262611249058723	0.3162712385678452	0.5436818502263847
0.4769251829956007	0.42826086147958153	0.2927620601898189	0.5337799017011895
0.3012293030032622	0.42331295904380206	0.32770736246945087	0.5257532407292036
-0.1048256277876326	0.40300485859085833	0.35306909985952784	0.5191131803333668
0.3045727999760315	0.3992676081094495	0.318387901609577	0.5114922943633446
0.20476088651464552	0.3919752480039005	0.33256327299446453	0.5047839566827541
0.339287645286833	0.3900240335635021	0.3671071369395882	0.49968570612452456
0.3661436007760679	0.38915057989888235	0.3465837451994891	0.4940856947448873
-0.08041473510113595	0.37218198244449674	0.30514261368478457	0.4872577966790126
0.5949992873799332	0.3801375760922774	0.47951400862754356	0.48698087964701453
0.3449732796601812	0.37889659864188885	0.4104601913444057	0.48428056807602604
0.8576044097926465	0.3955919198941682	0.4443427084587588	0.482887448114093
1.6535379733244238	0.43896015993957893	0.4410641402235529	0.48144540504075417
0.6431589366974093	0.4459196653001536	0.584657185202504	0.4849628829262955
0.6276299547341153	0.4520433826856163	0.4562259736304983	0.4839943001504199
1.2805893262911812	0.47965566124675507	0.29941194673990146	0.4778424699166024
-0.055873527131388157	0.4620041271097488	0.2928431269378582	0.4717445887635774
-0.04248578927331892	0.4455564664037097	0.280136246077048	0.4654976429179931
0.457490097088991	0.4459411614968216	0.3231689401734468	0.46090708122060353
0.08591343633501558	0.4344530711185688	0.31809949308388785	0.45635028097046226
-0.0030946898947039614	0.42063817169810136	0.22220970796394224	0.44895757737090936
0.10233801174980317	0.4106931368232858	0.20527973645694697	0.44134407967605127
0.19087915351620444	0.40389589249212055	0.23816804310729478	0.43506131761451816
0.4339072708671332	0.4048144716081279	0.3062736012559437	0.4311195414712903
0.09190318754439608	0.3953338526217076	0.28488527581277867	0.4266888629342589
0.8934633763257687	0.41027526035688444	0.35248152446754033	0.42446304853453487
0.4175494279653367	0.41049123945477817	0.28067927759147615	0.4201929091627876
0.10537136007938352	0.4015185917305766	0.27725769283499124	0.4159896152628282
