-1.0	-1.0	-1.0	-1.0
-1.0	-1.0	-1.0	-1.0
-0.7981256889429778	-0.8835061339002973	1.0996795532030226	0.2116439553025926
-0.5801428300303255	-0.7356998321468955	2.825540937506666	1.4852009073503196
2.3736104450101356	0.572426237940445	9.265765980046542	4.758582962643411
2.2696237517780857	1.2000641202140558	6.973235953439016	5.577579860569132
7.458139369273065	3.263451586195031	11.910557623203482	7.665663831400488
2.7718116365337457	3.1172506185143805	7.980305206259388	7.759228044963118
1.132944781432101	2.5799904314950894	5.6172455808575	7.17927631514849
3.6513026448447814	2.8461882345956995	6.303653504918338	6.961702748655595
5.986507524277277	3.5671070778938683	5.483392505624346	6.622328918699265
1.0744151468321355	3.0353653147221094	3.8235301399224007	6.02528821639258
3.9821225317557607	3.223969731137048	5.275623595440047	5.875947116546856
5.313546191189137	3.6143985547532536	7.161138672929665	6.116080189862875
8.91513248209973	4.546910165865908	4.411408138756483	5.81619132608396
5.646307175186584	4.7296305197243855	4.826629442238183	5.651725319437907
3.8504958105277947	4.591170070278303	4.095373527159689	5.406606195594454
2.527648958006346	4.2823536934450335	5.535745012998327	5.425932157424012
3.2174035365853433	4.130538235066962	4.3358056602711255	5.270527718409826
6.637113154125631	4.471682903386861	4.571097727281994	5.17533490409154
6.420019670843984	4.725360651469058	6.879245052842366	5.397187776417964
4.493735996861589	4.696456216068911	5.835094517655097	5.451836710677658
4.379457493981147	4.6584758664671595	4.135361458314555	5.294103324793646
5.009910797617443	4.6989683612250115	4.158411438912431	5.163250002627712
3.765014364876574	4.595335556290709	4.042078846532243	5.038843213878251
4.733788190704263	4.610152231599071	3.9653453382008648	4.923971148269562
1.199797268861821	4.257774785842003	3.783006002790639	4.806081423777417
4.523207824780348	4.284288275826652	4.831083174706025	4.808578576494147
9.531593589551925	4.791556749498619	5.040714007490579	4.831019434338445
3.261068613911122	4.648216824105862	4.231604496169503	4.774880607668601
7.8762334101316895	4.941395636741961	4.63925699258538	4.7625631397404415
6.500889593039067	5.078875205186381	5.874679108302872	4.860603605387152
6.993353647419919	5.242834722238434	5.586476676051142	4.922769566555025
2.991196593819858	5.0553523534522595	5.472727805735634	4.968563522005149
3.530603355255897	4.931820551514222	4.121990418155188	4.89997608997366
1.2642822148103172	4.6424941270900675	3.4154458751592083	4.782864029147416
2.8131814110998095	4.501878653922626	3.6459085731161034	4.69546885645555
2.1257484015397647	4.323791459322624	3.3375246408878816	4.593693525715457
6.287357131803466	4.467371874048339	2.837148616712173	4.465250002305601
1.7717677400939187	4.274950445528455	2.7135283339265324	4.340206164767533
2.1471177996242456	4.126587417418497	2.3856249423817744	4.20392310737954
0.809587698051573	3.900560921810176	2.458805889696636	4.085007773308046
1.4738594974761923	3.7388725462944548	2.741866818289211	3.9955161673067616
1.414369006587319	3.5873570123140652	2.0235164676393493	3.8669774674406234
2.941760690128466	3.5461707057649656	2.445376702347008	3.7762849958562725
2.535558266994951	3.483039693470503	2.6720450396263677	3.7073052459644673
1.3294966061569253	3.3512553244630423	2.62293456934887	3.6409483577171633
2.2595251774531873	3.2857831895607097	3.1280770846152706	3.6101913212804764
5.3832157003291305	3.4091056085133786	3.2923734935842113	3.591505475246982
13.589487117543301	3.996174997639131	3.5324248276923624	3.588099350867062
3.589933432038281	3.973190456888549	3.917660428526606	3.6067459355736906
2.6833265535311934	3.90156193522803	3.222091737404594	3.5853856712775345
3.405251799006246	3.8745024169330344	3.4568711700059644	3.5783795176705633
1.6826320137397373	3.7571281486005823	3.2247295625569024	3.5594424109040217
4.28907403178129	3.7851135770169373	3.62330567167296	3.562801573672492
1.899189772373874	3.6876023426613864	3.0614987489292016	3.536881529442039
1.4031234078790842	3.5714848580923304	3.1340967332334557	3.516408074414718
4.061987691669061	3.5960011731895207	3.283077282860373	3.5047456758807662
2.10278790502225	3.522590102439355	2.618205167139316	3.4611605556756793
1.5950960130594312	3.429356255898095	2.5138254879423974	3.415337694395004
2.0956165407354113	3.365866274059843	2.7997529801176633	3.386034282589028
4.016539148420257	3.3963571691773273	2.8124587658443736	3.3591570289416426
2.3587273330251555	3.3484823898098943	2.6416851142208486	3.3260541433491557
0.915725908024551	3.237937122265265	2.2104891866938474	3.275362918951031
1.4943036383322572	3.1598874789713207	2.3741936971238333	3.235024099310496
1.4728704681569251	3.0854821186862385	2.2263947660991077	3.1905387039119653
3.1254325815833823	3.087218311738792	2.7715412991245936	3.1723264411471614
1.7877191492690692	3.0315411801815753	2.3737016028836195	3.1381092545013383
2.5617353006088432	3.0116959969323194	2.649255586399617	3.1174594647946314
1.6089344481739913	2.9532635240452265	2.347421464248589	3.0853833298433475
1.3615536916706326	2.887868268858575	2.4581774565347323	3.059614715947327
1.615397400161196	2.8362953985299884	2.4872820491837913	3.0364185408316056
1.632297713572489	2.788148229327458	2.393046799801916	3.0106908037954696
2.993160362051343	2.7962394554999013	2.3870237102904985	2.9860791026740734
1.914420516225758	2.761891807693597	2.4897534253534404	2.966747078180817
3.279919236245801	2.7818107038000117	2.7728797614002634	2.959292061087006
2.6749702450991037	2.7777543229520893	2.7931976190369756	2.952986058042243
2.0446389445907482	2.750268909281058	3.0690118581452266	2.9573360483626847
4.619251090567776	2.819474883880724	2.7242375366506764	2.948704876680687
1.246733440677935	2.761948629660954	2.576040939303908	2.9350741587594604
2.326743085309324	2.746221191924273	2.618221888574023	2.9236235574059792
3.252919790978125	2.7643131121793414	2.8217932943529176	2.9199870618540187
2.0794643399055777	2.7401468337347943	2.5627555175738297	2.9073812398731946
1.7760733709910435	2.7065232504838055	2.5044627357214164	2.893328697135206
3.8826188866580535	2.7470699737630726	2.693674036563709	2.88644550176516
2.8719054669181188	2.75132475873508	2.6226996077192033	2.877455881101324
3.226633152893246	2.7673431608908206	2.8226544817639736	2.875608974460747
2.24228995236647	2.7498440447319896	2.5007482892568245	2.8631152336176586
2.8568802428550386	2.7533712925439646	2.978826802225976	2.866928404186408
3.5110843358016632	2.778073848809332	2.8023728213069625	2.8648230664542824
3.0931688270306905	2.788235600873011	2.6108699491614216	2.8566319421254724
3.275144546351834	2.80377166997846	2.801035200732906	2.8548572667987475
1.448042137357454	2.760966682464485	2.562304526050216	2.8456200859410576
5.190615747841939	2.836879289126977	2.9013608934907467	2.84736144730991
1.9058931819859515	2.80809087264154	2.831511530880641	2.8468711966426765
2.260580489427624	2.7913332123133294	2.727353951282614	2.843213086826951
3.441121500589599	2.8110204620194885	2.832076743704649	2.8428757346514115
2.611213681570744	2.805027491156663	2.5909526210291416	2.835319536242452
1.811619284792168	2.775525357347281	2.500733753777368	2.825383163379692
1.6917735555421856	2.74365550012795	2.3747105784815314	2.8121302205985828
