-1.0	-1.0	-1.0	-1.0
-1.0	-1.0	-1.0	-1.0
-0.6348837616879913	-0.7893054810301848	1.5344493165406274	0.46253308828620554
0.03845337714608332	-0.38600032855739874	1.1549157464515911	0.7998795151655049
3.256776821064574	1.1465616190325152	2.717435054073105	1.606619116835732
4.849670461869494	2.516002319810516	1.3690375940804915	1.5187591400355975
2.9481872850380118	2.658500933039273	2.673342848656735	1.8994441586628867
7.751566862302413	4.173039489136431	2.4687385490419445	2.068736636532451
3.9726727631117837	4.118788672864161	3.0284532278421636	2.3285840147087895
1.106061251020591	3.370190958244053	3.493308267532452	2.61799274795745
12.59914403591934	5.488867916357028	3.221232294325824	2.756477154255832
0.3160908228537338	4.385409778997946	2.3327732274275537	2.66609235048247
0.47451089449295525	3.6063165515427276	1.8578730349926564	2.5050864823756447
2.0129876367003257	3.308610169921998	1.6269396357705297	2.341008767213391
0.05883973707149659	2.7369058888069735	1.3776190320028934	2.1715277254976795
2.271558370659413	2.6595646935303323	2.3666744707035328	2.203961120245273
0.8116400373613357	2.368524698828546	1.7677006200141165	2.1352517710422982
5.183772670074723	2.7898409688364447	1.2566391479296573	2.003763158129741
0.4383977208227974	2.4546270970544453	1.6092957629710751	1.9475292522475618
1.2707535937507917	2.2935016831972983	1.9588578480056733	1.949070935757811
0.945024846731255	2.117927230059104	1.4592096267008063	1.8852901427359536
1.1562025476026436	1.9979103932650082	1.6674253994292112	1.8581022329952774
0.4133039149343487	1.8080498187860798	1.2520118475708344	1.7854833581338214
1.1462852701089252	1.731801995079341	0.9987702473178544	1.6948390274202696
0.24814350959162068	1.5671722178037673	0.9417606339419509	1.6112761716451192
0.41669366191967283	1.4440619194643909	1.030631615981422	1.5491428868593884
0.7004374356236522	1.367226459305979	1.118301446626766	1.5046260935819067
0.3155382371644868	1.262174782340078	1.1347536316919653	1.4676799197375017
0.4022532445393181	1.179044035443202	1.1730241796477818	1.4391945821915026
2.3116985667236425	1.2851248715054768	0.9923961266323194	1.3973492400895111
0.0668420074253333	1.1744768754327937	0.7476424198954992	1.3383411845934514
0.2926395873507912	1.0967377426860954	0.6358443037655723	1.276411989983679
0.24303543848825293	1.023625985054104	0.6684479298064798	1.2243454994117564
-0.03996341553849647	0.9350658657425654	0.6206756653718823	1.1740806919347753
0.38286681990902904	0.890328215704064	0.5655834604978054	1.1247819275824975
0.053840067555883664	0.8243391158079902	0.49515230927679976	1.0751116649394286
-0.3452731408046712	0.7344332943770076	0.40309476725378857	1.0234551842352682
-0.4749590536222694	0.6437910221591217	0.19975531977240957	0.9617200870961213
-0.13079190022561882	0.587151533758751	0.5344953142152922	0.9304803753906308
0.018872978753088132	0.5465858130053376	0.45967754151222073	0.8968727867758337
-0.1079215409794031	0.5009502189032937	0.2004610622236931	0.8483153907159213
1.5406790640672394	0.5717993141268225	0.16552306085026802	0.8017886353028936
-0.3281060452095661	0.5118396336260296	0.36828630136286944	0.7729050748123814
1.7621195013695115	0.5933357191786395	0.45982744699846245	0.7524983710254567
0.290366463150074	0.5740074512508357	0.5360230645361457	0.7386880911444484
1.81755916406662	0.6516901802985036	0.5724094145313745	0.7283011238275456
0.6085729202190884	0.6490517373189122	0.8244558027141613	0.7341853488757752
0.3785297309539508	0.6328284936886324	0.717947281838587	0.7332119532596715
1.016432671080905	0.6553833424039346	0.6159107722690995	0.7263153263013216
0.1560777216241369	0.6265903223404592	0.6412805828498083	0.7214119174446545
0.19241475999997837	0.6020251965523968	0.5307820844909266	0.7106264559241797
0.46613089905910776	0.5944788094747513	0.48671786032763165	0.6981924505227546
0.2480930585559158	0.5755931447130445	0.5173017973933705	0.6883301670018505
0.21732113677392495	0.5564078833079369	0.42617423301224977	0.6742919682311563
-0.09191177998165301	0.5222990383442556	0.44055286120424486	0.6619946985579412
0.17859856469087654	0.5045278692753579	0.4097166033808828	0.6489504360146021
0.3984370765212044	0.4991352644544731	0.48468073359645825	0.6406006601689738
0.31309830012264883	0.4898368769206478	0.5316985826783152	0.6351576573685129
0.08954792729264671	0.47015729459176314	0.5410241115694223	0.630529594690828
-0.18298294507583057	0.438564548787175	0.4544458953777568	0.6220124114346963
0.07257958662603303	0.4211424463329885	0.3892632125079165	0.6109327500017065
0.3880431149007937	0.4195914745432372	0.43205715957968827	0.6025507342850256
0.12540040002336372	0.40601794529431157	0.46057399611069294	0.5960003217782965
0.6048460640170514	0.4150527557672141	0.5350062695319093	0.593228690592819
0.6256207510552809	0.42447856173745424	0.6071655064712222	0.5938527764781689
0.5646430777885922	0.4306603315552606	0.45829424753474135	0.587873902006969
0.3566404855672607	0.4274430731616834	0.3519496871602319	0.5776193603415669
-0.08919861354114944	0.40530772968077855	0.3542932095012781	0.5680512059612779
1.0164193561066406	0.4311222845914051	0.46135698160185457	0.5635443192454361
0.16972903614502965	0.42023398978450177	0.4391680411477774	0.5583635453416995
0.13466265753729934	0.4085013485057831	0.39428372584174776	0.5516223881643847
0.3299381521377427	0.4053172542926202	0.4027294945567441	0.5455878370781446
0.08194779286055587	0.3923859916334178	0.39274524703298064	0.5394759667332985
0.3494316486370357	0.39069087996883933	0.436026891916929	0.5353935053837373
0.05820852686047817	0.377740387185622	0.35082196120318465	0.5282044051566406
0.2649509220981141	0.37340341918616127	0.38448798589374866	0.5226782297588208
1.1990431439522333	0.40474908741120696	0.42330612790072863	0.51890529268724
0.30131966054665615	0.40087140120831277	0.40053457372742707	0.5144674394446895
0.5765316769330724	0.4073756614855042	0.34862486550499483	0.5083263595958432
-0.16774329847220137	0.3863393605365877	0.25809999397622696	0.4991736687861539
0.04841170391928662	0.37412760917969057	0.30597035217790736	0.4921917196233252
-0.03773198781154774	0.359421410650298	0.28189274355711036	0.4846825204002745
-0.06319717447814244	0.34450842689565286	0.2712149786269771	0.47714969432051
0.29643230914475915	0.3428315532594275	0.3399055106722606	0.47236295223441216
0.41349381519698514	0.3452673507277284	0.46267507307435296	0.4720286135206231
0.41820830302071	0.347753342187477	0.40468628102663207	0.46973318904021677
-0.07811937700707328	0.3334009057799643	0.3998585097851006	0.4673782805123894
0.7823060848888272	0.34836111634032574	0.5136812931073995	0.4689211025433797
0.15825424948292488	0.3420949490572036	0.4926005884189424	0.46970144453214147
1.9883187778505707	0.3957653586381089	0.4728535726204559	0.46980390990339305
0.372650765748304	0.39501964675641377	0.47087098013867656	0.46983809018258693
0.714956976238244	0.4052286146053512	0.39662339815934566	0.46750194774361686
0.042069967826998456	0.393762464860411	0.5826323854416606	0.471136892964116
0.16116356094226725	0.38649499054162795	0.48033441451202585	0.471424191193061
0.41144766886778106	0.38726632801528815	0.4715609830411398	0.47142815112141245
0.4930905765354645	0.39050517732414636	0.5120981686662474	0.4726728279064316
0.43517641742087476	0.3918586633159997	0.3959348929598694	0.4703478761376829
0.4717525839898351	0.3942549210678936	0.4519729101255163	0.4697965665903936
0.6005017676755775	0.40038012171307824	0.4457883988838309	0.4690836395430271
0.26632835349134765	0.39643798804572383	0.36239829954877756	0.46594626262702143
