-1.0	-1.0	-1.0	-1.0
-1.0	-1.0	-1.0	-1.0
-0.6677558073546148	-0.8082746884342396	0.3568928437638865	-0.21698946440382472
-0.5898073274436162	-0.7018318043033003	0.23610496261349945	0.003769756893280629
-0.6530288543792062	-0.681299777614873	1.2113767109890663	0.5118252259558325
-0.8062101902748587	-0.7274927474371332	-0.20729080125266064	0.245889836770524
-0.5451262611270565	-0.6673635515615558	0.7878482523109995	0.42458238354856004
-0.7739467735968295	-0.6990585195237683	0.044614595245911604	0.3115902133517332
-0.15299201103195326	-0.5512084566228599	0.022597755188744406	0.23334407224160358
0.2701705365646294	-0.3471133905705227	1.1315663544677954	0.45653312464130735
4.601722006318409	0.7889842881629561	2.1741022648089317	0.8508332451201825
1.1072145569699083	0.8568693562657146	1.5259644139625892	0.9948525217739352
2.0732651958092543	1.0991882133182451	2.5486063816528226	1.3043766890698927
2.9781155574443017	1.4502576661700193	2.476072760414813	1.5233030180982565
0.22653533104899504	1.234978773264416	1.4829091714087976	1.5161970196269392
1.4616287724957262	1.2726478624078097	1.5925651818441677	1.5288891501022972
0.2496183368839775	1.111525126637063	1.6617001902838338	1.5498058756823934
0.5766742741617858	1.031481916579576	1.504721760068365	1.5430586287788328
0.10931229705686318	0.9000204823186393	0.9230362862823862	1.4546702926854858
-0.28239789177648744	0.7390931902990556	0.8001276813157083	1.365586903814783
-0.30156932955563376	0.6035967092016039	0.5821155669754692	1.2635773377004926
0.053715906682699766	0.5349751738893034	0.74359346052898	1.198686756162818
0.046314404152913324	0.47642605202684996	0.7811204983156137	1.1486559535251253
0.5248462202760429	0.48200514718999976	1.4371413566300535	1.1818952981822517
1.879107648651789	0.6370310747899759	1.792901471114067	1.2496942282983148
1.0636384322659285	0.6826818335670362	1.4904097106417566	1.27545310017535
0.23661200981393482	0.6365915927060317	1.5461524706110104	1.3034240882540709
1.8020547693600997	0.7530075429926535	2.1885384579335887	1.3918363514498675
1.1505786854382234	0.7914418358884014	1.589606249546426	1.4109554482120648
0.7419716992967302	0.7868085525591282	1.6486463419536075	1.4332166155106245
0.37903826889706527	0.7497737302365475	1.8730654673892855	1.4731652978218772
1.7711719571107727	0.8398160862696014	1.8742103940696122	1.50851984273966
2.7135787508695577	1.0002873426025465	1.7127290578255088	1.5260089020131304
2.06298267619204	1.088772977491046	2.123070036250698	1.5757233690773282
0.9506572094950321	1.0775835077379403	1.7627977670232782	1.5908802652927734
0.5113105587504474	1.0329111638907826	1.430465900404676	1.5782255398451732
1.7008836451678389	1.084257481342679	1.6315504951655866	1.5823250320442082
1.4071727639888905	1.1084597966092726	1.6215004859554183	1.5852614560945577
2.4309815003160735	1.2051661053291522	1.786976401163408	1.6000114229821651
2.150027051898963	1.272613260577173	1.4664889866815574	1.5904799255472053
1.5289954837541058	1.2904896726890933	1.7348994091198535	1.6005497458580695
1.9138316717142558	1.33296530359824	1.8312728898360673	1.6162715883936172
0.797571515537415	1.2972926313767421	1.5559391046877682	1.61225182730877
1.6674679503786844	1.3214213737605727	1.7057410631701093	1.618345657816394
2.5389901454575337	1.399097984631534	2.1366483859705334	1.6514117161691164
1.7048473187413342	1.418197618753772	1.8981924128807721	1.666827687283555
0.35989291464820394	1.353435579874294	1.6022473427833175	1.6628761772240952
1.786624840117954	1.3794148049041062	1.653418764216461	1.6623092485265554
0.6094638413390023	1.3341447714599317	1.5747785417195277	1.6571632116832986
3.9431851281926997	1.4845991608594291	1.8729589656404309	1.6696075323493242
0.897993493679601	1.451409827989921	1.8386088334810204	1.6791699821722714
1.8942477849562729	1.4760021533148473	2.0123054078925113	1.6976703186320559
1.7805346787428462	1.492606383737907	2.2093734212763514	1.7255701563722394
3.2839591715683065	1.5885338270607812	1.9680877127960592	1.738557244426374
1.1292895491627046	1.5643723398000353	1.9112811044093498	1.7476443011492924
1.6633951177572106	1.5694923825291909	1.7828024413196135	1.7494622520977856
1.2002117497509586	1.5507225941924747	1.8115398298163408	1.7526179516798641
1.6371513147173617	1.5550422070210321	1.7998493432656129	1.754978382921767
1.2503160160468982	1.5400608274334053	1.8847600528373119	1.7613587602301606
2.6442104206542343	1.5934694738443835	2.088981613406694	1.7772062887232898
1.8308427275649373	1.6047694909419201	2.2874061969253865	1.8014937805617004
2.260848243045096	1.635512958710871	2.320914656254341	1.8258334835913996
1.068228822012761	1.6093388948890475	2.033557183481183	1.8354176745765507
2.260599913661206	1.6389327832538445	1.8755236271390126	1.8372403530113783
2.186783042376933	1.6634565069385645	2.0590057308896927	1.8471676571514832
1.8962822347303039	1.6737252475127153	1.7166076424466246	1.8414094134345382
2.6613310784518625	1.7166524674422652	1.9801604913816422	1.8474405375617486
1.5038104079032855	1.7075336003066846	1.9171012301628392	1.8504255601575386
2.4192553844086775	1.737598548856639	1.9818179094497101	1.8559762771560013
1.3076954320704401	1.7196909284781836	1.8927689684962608	1.8575090721980296
1.0720823321065374	1.693084232856556	1.707103922465791	1.8513300444647132
1.7177351069582087	1.6940837019698152	1.8058138352024393	1.8494856555971362
1.6794087733242988	1.693496717058721	1.9153316299434202	1.8521186716429061
1.5557958868640833	1.6880626137623138	1.8224401914492865	1.8509475498152423
1.570059260558517	1.6834664993124746	1.9710391209076623	1.8556256260836337
2.4777420666492334	1.7140079499673924	2.0189689608691146	1.8619063363552462
1.1996048751092792	1.6944785051968019	2.168480906368049	1.8735459786017286
1.9038988087695965	1.702329582110968	1.9299250251482842	1.8756593386258658
2.0996096849919215	1.7170401539216846	1.7821389239758796	1.8721962762755946
1.2765377904259494	1.7009277645746295	1.8147223907740728	1.8700939689405938
1.2410864034895694	1.6843103159754356	1.5801610835460362	1.8596163874198237
1.5435104021895123	1.6792826441642794	1.7231913441310982	1.8547449136385632
1.3082303396324968	1.6661889689452392	1.6656152076488024	1.848070593289167
1.244897226202148	1.6514954913086202	1.624109921876546	1.8402592627167866
1.089232014708264	1.6321107501168535	1.5412277399912684	1.8299495464880273
2.039615163633567	1.64599996919821	1.7425611613315506	1.8269708497057882
1.8496389128508834	1.6528623109059062	1.6242058737683487	1.8201369513094194
1.9389481626135825	1.6623963713104755	1.6597684398192576	1.814792140052739
1.6305179182784393	1.6613455528935517	1.7876293033974067	1.8138967465831484
1.5299040215687905	1.6570602440593936	1.829095715591412	1.814392287240175
1.3707033534264137	1.6478243636525436	1.8691130113648424	1.8161567934950469
1.533560566799543	1.6441780887858672	1.7808681355374132	1.815030515417333
2.3856638637848926	1.6675892522701607	1.968077213568812	1.8198627534037608
2.7589411756823368	1.7016879167719372	1.9357509023196688	1.82348361899813
2.3663050976901707	1.7222390513856811	1.9271941852443448	1.8266902350010894
1.9633723929245819	1.729619170091269	1.913826631398989	1.829356983453719
1.9662794883421069	1.73678947746295	1.8888792151494997	1.8311603879981542
2.0181676005673004	1.7452295908891746	1.7507384040032212	1.8287483116685541
2.0291281022701306	1.753660615507044	1.7934762823596624	1.8277006156135678
1.4919096463895412	1.745963279483885	1.8098030558431621	1.8271742570213836
