-1.0	-1.0	-1.0	-1.0
-0.6841232825206152	-0.7781882723308254	0.17711995118693258	-0.17341483053853735
-0.394809732086142	-0.5569553063191129	1.423275687770372	0.747973673704154
2.9904244898476877	1.171418302967488	1.2075608725780769	0.9718962468277552
-0.5724938548688516	0.4377325925503879	0.727818521195239	0.8692096459609957
0.4960816294980601	0.45931040020271197	0.9465870447155635	0.8978242548307263
0.7598647329838135	0.5584080267118232	2.192919863870548	1.3248381001085203
-0.4472522213407586	0.25935205564732255	0.6582911064143282	1.1266250963264808
-0.014644906335532504	0.18516601564081192	0.5772227356247424	0.9778716980835356
0.6437295561442518	0.29910903019046864	1.8550761456388076	1.1958378464044737
0.572949854563682	0.36197411468544116	0.6439039433292089	1.0691309088400685
1.1638462135919205	0.5330297643934958	1.447523285874781	1.149849774309324
0.3778484728138336	0.5021160481589635	1.3045283280611328	1.1806635358562994
-0.3711683803225876	0.3389466750714005	0.8552390883086365	1.1198596086097403
0.16591677808710315	0.3085069633907016	1.3107966041609016	1.1534494208887218
1.6487126054610894	0.5312497552107585	1.2599118550524264	1.1711432995533717
2.721680232321309	0.8762322883107652	1.2542514980697637	1.1842322252818387
0.18712090039191276	0.7731032205229398	1.6970672308297834	1.2609802736189097
1.2205347942283455	0.836887875305131	1.5264169110613355	1.2988203797065907
0.672125913955637	0.8144635652016345	2.018387645173433	1.3967532162087615
0.7286551692846424	0.8032911467372377	1.6306400664324956	1.4272058275402757
4.212416861408941	1.2287280221267523	2.2325084877223236	1.527702447747934
1.2205501695538712	1.2277482713033425	2.004188945872108	1.5847931286945083
4.915486136392288	1.6526479596893155	2.9147392143800404	1.7380292849974839
1.4832303761151033	1.633849416434904	2.8447950770383907	1.860839094456984
3.460778422800124	1.829346272364703	2.5495467213719687	1.9345368652271957
0.35967770878458927	1.6774915975212674	1.8395054475828339	1.9247181327230787
1.2627751118628403	1.636066022604994	2.281679746194949	1.9603742668166273
4.067155307277953	1.871084293896581	2.2442551386746397	1.9878172840169013
6.118358412109829	2.268868513642212	2.4467647921496587	2.0308004216766204
3.094177066522204	2.3438254590994214	2.7158241203852462	2.0930162764960425
6.342080347149757	2.69629670648402	2.625834460998281	2.139988022951702
3.5497049245489203	2.76938434726982	3.0015287388335485	2.213772017846746
2.5965967783085566	2.754997799912844	2.331345586755869	2.2235624268588206
4.628301730647428	2.906769682707203	2.092741622088717	2.212964052298483
2.5344578441004315	2.8773989092826247	2.246970149789986	2.2156470604892275
1.1369155683502434	2.743611600717064	2.081499600427917	2.205335983697357
2.3111418813424702	2.711198954560087	2.040090096393178	2.1929513696160576
1.1709636265113583	2.5985730426312794	2.2154828025332085	2.1945991323904632
2.003150056930588	2.55607005449473	1.8389114522375065	2.169209254723255
0.5170863063964759	2.413902016488427	1.647092192509989	2.1328048908966046
8.299808111610512	2.8149795962275737	1.6778766924096185	2.1018054606053154
0.49069859189565657	2.6601151415666107	1.4649115272590714	2.0593700413775085
0.5705035531968328	2.52391040666801	1.4957433859347886	2.022631850929587
1.4225710764951298	2.453649178158756	1.4816042280982886	1.9881163772231356
0.673627406933168	2.3424544248193975	1.299620908318893	1.9451073094985296
2.4881706477752092	2.3513715602700143	1.307037262721075	1.906061109949826
3.3243566755989296	2.4097238889516763	1.4076836618231972	1.8761732991503184
0.6663475735692661	2.3072200299902796	1.2776897021719469	1.8409850848415057
3.565957503644067	2.3798079906142906	1.2885386808217132	1.8091279596418577
1.0926208869465732	2.3069804127947156	1.1325764844707154	1.770849649277554
0.6819575823543891	2.216739721523736	1.2074686982986558	1.7395642547667731
0.7336671546622249	2.135878259111197	1.183471984716117	1.7092446849281617
1.0018405222581461	2.0751507970377467	1.1597321689927131	1.6798186191735316
0.8619438824892456	2.0113225000567043	0.9704500080466014	1.642497841721628
0.10709749253922252	1.9128652136454334	0.9036848978037455	1.6042976946473941
1.3894332559428988	1.886259785069576	0.9789217316599987	1.5725105823132122
0.3657961399507528	1.8102638436867804	0.9030767451430095	1.539050898987536
0.4405419943451214	1.7429238281301638	0.9181713916127525	1.5085262839132332
0.9616805882415793	1.705134504927858	0.9414916949626648	1.4810983672236193
0.6808073629428661	1.6563730862829211	0.934491629194315	1.455077959392721
0.5401372991185411	1.6040663676654154	0.9307873718631656	1.4305096369273786
0.9846509870453433	1.5754869219814966	1.0306822095447443	1.4120618069294362
0.988540584854366	1.5488155746879535	1.053085252503375	1.3957495077371846
0.9140533779503226	1.5204018025449035	1.0889400386471375	1.382015726449486
1.1795008659121553	1.505367002612843	1.2542124795081988	1.3763795307567235
0.8859847385706154	1.478445396723017	1.2571798566563963	1.3711987518144197
1.2426253490843315	1.4683420722016036	1.239796763380272	1.3655692190103963
2.5255020801891286	1.5129991190779783	1.2084752981045237	1.3589337263927397
0.6096842247972034	1.4753713974435425	1.2188324816728615	1.3530980062513236
0.4798667416524587	1.4344712986477228	1.1043090498324393	1.3428767623549014
0.8805184635872472	1.4120198945162437	1.0766802594264542	1.3320881446436106
1.8129850706779513	1.428054770407262	1.0831437037293523	1.322133183523369
0.430579682579852	1.3886907857972535	0.9382709607238284	1.3069847490450068
0.15189312056928594	1.3405158466495162	0.8885912007696279	1.2906879368620703
0.2348706637670992	1.2980011231611783	0.8357070369195561	1.2731926481272096
1.073823302235433	1.2894897584167242	0.9500003953275016	1.260922149363299
1.0159178803565077	1.279232805150457	1.020121011066312	1.2518938124851955
0.2785768996236142	1.2421800233719957	0.8364828476288548	1.2365118637232126
0.6156792478929725	1.2192644870937208	0.8514309611985171	1.2224267950358452
0.4527841193509332	1.19156628925793	0.7870631784937328	1.2066939939438046
0.8228832803300492	1.1784016227890723	0.9117877583566483	1.1961636291277347
0.47610621066073344	1.1536197766176834	0.9697195855749505	1.1881728906519387
0.7415523727725826	1.139248101733319	0.8570930521045776	1.1766257568418101
0.4535877775440651	1.115609264444931	0.9084631220311274	1.167380355311622
1.2239018484065451	1.1192998062084518	0.830461730531243	1.1558964020332771
0.39235325197181425	1.0948005275155461	0.8104560664267915	1.144254221732484
0.7229212510135072	1.0824066099590004	0.9529892371788953	1.137879551869411
0.7725096154435642	1.0721918479747945	1.0493445597180937	1.1349609770206848
0.5056624419883615	1.0537212985745534	1.007061916684362	1.1307907857858397
1.157317685912283	1.057062147730531	0.9454882510625966	1.1248140906662205
0.630131788214358	1.0434392733995752	0.9018884027145739	1.117700814243194
0.49745889891451944	1.0262009462092396	0.7943971992745846	1.1074931158648842
0.6239961092747033	1.0136344264035495	0.765035265610978	1.0967933675967378
0.770978150530186	1.0061308652808143	0.8716115308414485	1.0898301550987695
1.0601286905116947	1.0077834667435979	0.8451303076184542	1.0823405480601629
1.1427108459019526	1.0118713971569369	0.7687528824764023	1.0728394521475728
0.24724844180156658	0.9889365446263436	0.8344663617924688	1.0656894175483171
0.6955397324368506	0.9802232869120833	0.8562121300948109	1.0594684091314583
0.5487463922836886	0.9675348769054526	0.8745069739496074	1.0540292656309038
