-1.0	-1.0	-1.0	-1.0
-1.0	-1.0	-1.0	-1.0
-0.9064253692959796	-0.9460016924906821	-0.26999603453094156	-0.5787428888167007
-1.0	-0.9723110402543905	-1.0	-0.7839900594644865
0.4840115687539941	-0.35961774106611455	1.0819983138647946	0.0010548118265916173
-0.019411360808123668	-0.23380663545779434	1.3456122365461973	0.49828336581757116
5.340047872188169	1.603982088203801	3.1680468483610786	1.3785469077986638
0.28676304805087605	1.2122769477369997	2.1222178252255772	1.599694085237919
5.439647753965952	2.3568571576634363	3.3012065385698905	2.060386302602445
2.4732971585902477	2.385789717388046	3.34136843466118	2.3786823567224595
5.199936304679132	3.0318288577735473	2.551927974749954	2.418453680746054
-0.02212449920411752	2.3803588544852645	1.9492334012254116	2.3183597046772237
1.0006695213169365	2.105509758840377	2.6199239418818316	2.3784344199607323
6.819228838529796	2.986247978180533	2.697240050703412	2.4380018901840073
1.9726135111367329	2.8079275083625466	2.1231348568811605	2.382609552379652
1.1154919995105566	2.5266431922676382	2.819073723214632	2.4551494905792013
2.4003008737662226	2.506745167015575	1.7163402823429412	2.3387906251677424
1.217843230750752	2.3138546942576794	1.562951062928021	2.222682510941436
1.3530889688604022	2.176891256732399	1.3070096534223246	2.0921473598276408
-0.33863989060477406	1.8345272122753529	1.2382243689936803	1.9759283722815217
2.019932197558182	1.8586674364008262	1.6807066225235578	1.9374899369446026
2.005807997507321	1.877030230006533	1.1798406853427865	1.8429406709961809
3.9257147668757355	2.122495770288225	1.0802737516631575	1.7515615972474987
0.38314035396909585	1.9220885627004631	1.3209285142031812	1.701944616135283
2.438627137925316	1.9794051820746303	1.2399454231981801	1.6506803962444074
1.4266492150628216	1.9202560946592429	1.2545257696220382	1.6082889077805809
0.12308838526025467	1.7345621795921287	1.2850333801380325	1.5748885286168366
1.1113808800893237	1.672313378933528	1.3057941953284735	1.5480089366601288
0.23672104036831887	1.5335315183240317	0.6843164857928843	1.464513955416113
-0.16238708459095952	1.3746977899374762	1.1009668731960174	1.4304655525454009
3.7346614859458214	1.5890373101688913	1.3071510554020627	1.4192659373898868
1.391031357726264	1.571582403031671	1.46724640716578	1.4234962099091222
6.426886053799313	1.9873962451759102	1.5479706877197468	1.434156760716096
2.045503366493463	1.9922351529191813	1.592521900964996	1.4473435922876647
1.7309022594576455	1.97106301256084	1.6639886132095225	1.4648961862031964
1.2251065624768747	1.912215920305631	1.3977986255783095	1.4596032713130205
0.55779918671307	1.8081046157903913	1.2909681511132547	1.4466408834097675
0.47865087560368913	1.7084640864901655	0.9293207750805783	1.4078687307734095
-0.3230736436827516	1.5599128088979906	0.6646906466275175	1.3535258301994189
0.11803026577046993	1.4569863950927755	0.7049085227363288	1.3072254741577733
0.5876013268663716	1.3963686519801044	0.8707370998890878	1.2767914893623051
0.018177196257128214	1.302456144808846	0.5232136739528834	1.2254413660527432
1.2636708243392567	1.2998719299706463	0.42530844844288085	1.1721292982122349
1.3488964617576165	1.3030676727958492	0.46710392153509406	1.126174581463082
0.16833419940849503	1.2306760898622824	0.4689181418417909	1.0842442397809062
0.08800141807932982	1.1592953030477138	0.6450265335689886	1.056807166379793
0.11216505461871851	1.095216904587606	0.4641867992981408	1.0205422236732118
-0.06097430878659038	1.0258784759808863	0.5198805393285202	0.9905168066729084
0.4582611750228891	0.9925046620614415	0.5108201274968083	0.9623124060205996
0.3884330642983096	0.9576702551588012	0.664533940790768	0.9451408962787777
0.6123249697597273	0.9381311877577709	0.48109143045748404	0.9188856212606336
0.2756563176516911	0.9013428040717004	0.2084798588980017	0.8794355209840201
0.3277258852637832	0.8700676874487805	0.2617669395659967	0.845758559106256
0.009227204967039215	0.823969785631864	0.3195088507182424	0.8175780705888425
-0.034084324677623346	0.7788265181195608	0.30178777237310683	0.7904416904182914
-0.4616658538501376	0.7146873386254491	0.16822258931725242	0.7582700971468173
0.11014583485793561	0.6839591852946145	0.12795130979832892	0.7262317153737292
-0.25538928407263206	0.6370085541098318	0.16113979223712382	0.697987194648406
-0.28021142111042874	0.5919150931315365	0.012502010923960194	0.6642865356893144
0.36819642577416434	0.5810936004292362	-0.04788904993366827	0.6298381034376239
-0.4390512784105828	0.5325313986031579	0.11047224319975024	0.6051145839190994
0.4254772039483148	0.5275147625069134	0.17255555050363047	0.5848448750577075
1.1251056793206367	0.5550873769359475	0.2616318355543654	0.5699322139576373
0.22970738065860807	0.5403018693247981	0.22935385343775616	0.5544560854649896
0.09153748053231325	0.5202141542075502	0.20054389786339555	0.5386142121469153
0.36911943911853995	0.5135501621485616	0.23022106672957188	0.5250126387344516
-0.36103054513746524	0.47553594465536664	0.1880843233955074	0.5103678683461266
0.1542231389157347	0.46176917526370476	0.37551584643455316	0.5045899888916936
0.7198467354316702	0.47267086504408984	0.4130573358589089	0.500723507140042
1.9396943045377304	0.5337808340632209	0.4716049771063078	0.4995108599407547
0.33114064199493987	0.5254554195364436	0.5104234238895649	0.499959258222302
0.18492177485770478	0.5116538212457622	0.4156563741371295	0.4965427286782793
0.8190006940127355	0.5239445852373978	0.3103815433995365	0.4890982061178457
0.2251776301573356	0.5121543629004621	0.23792574701666447	0.4791862457818661
0.22437843245462674	0.5009451086617909	0.23394597186517463	0.46963381790607817
0.03648884074288761	0.4830855692841647	0.3333895342905633	0.4643947307740912
0.23997296961893233	0.4738556435354022	0.18314735781516434	0.45371699121584164
-0.021170782151567202	0.4552963049260117	0.22078143887577117	0.4449837369478953
-0.07606274845856664	0.435620847294099	0.21317874415458715	0.43640034808200756
-0.1791874112035885	0.4131327715717992	0.24470150690172443	0.4293883480068561
-0.23772505751520878	0.3896127150285904	0.1721038468790561	0.42009056413523505
0.8610468787139045	0.40644575628401625	0.26489515595010293	0.414548900587312
0.2958260957776955	0.40254202553337026	0.2724420451590108	0.40953409955707887
-0.21641268439036176	0.38095498775477465	0.2589851881335894	0.40428331496912695
0.25816505878790497	0.3767216787480978	0.20122489312541392	0.3972826981858921
0.6782221151584809	0.38699773263736725	0.3575271463190106	0.3959274343945418
0.005733157840412728	0.37414863234742457	0.2663707359692826	0.39156116911894734
0.04093567510639451	0.36304356115392533	0.16972564206123497	0.3841679333433192
-0.014156630120583547	0.3506107938474572	0.23527428458957766	0.37926030574246816
0.02676084508976606	0.34005232927248863	0.23134707956825773	0.3744377903740894
-0.2203896765264891	0.3219769532299315	0.24134099725111158	0.37014517848296347
0.9593242151272561	0.34231390471356127	0.2918921743851497	0.36764808714492014
0.3190701122709123	0.3415799493192728	0.3710695922461944	0.367756038162522
0.9949661279074813	0.3619942062167232	0.28240390313177377	0.36508899490684077
0.15618721161777183	0.35563006726147584	0.25866386133261354	0.3617979721946005
-0.05175703183035807	0.34316125724096147	0.14910335594650181	0.3552881145296243
0.35438684357692307	0.34350128310428185	0.15232553800209825	0.3491387129942818
-0.20738111512716084	0.3269776720877473	0.16450113317464732	0.3436006279955601
0.2234212682494232	0.3239020947617455	0.2354101339319412	0.34038742578790293
0.5876435238550319	0.33165798643864064	0.20556499266230976	0.3364227585514752
