-1.0	-1.0	-1.0	-1.0
-1.0	-1.0	-1.0	-1.0
-1.0	-1.0	-1.0	-1.0
-0.9197704813663213	-0.9609101323668674	-0.2524333765392136	-0.6357664752862786
-1.0	-0.9773557295611018	-1.0	-0.7890040837708087
-0.91670576719824	-0.9549268542724525	-0.28088298374400344	-0.6010965513910901
-1.0	-0.969788191784791	-1.0	-0.7326214025840176
-1.0	-0.9787723597793759	-1.0	-0.8121325069916113
-0.43245879517571595	-0.8308553942529553	0.18066317139520405	-0.5433284197993309
-0.505027851780436	-0.749894306719472	1.2099215915127108	-0.10768374780308032
-0.8301054269382175	-0.7683082730083453	-0.3089363333301417	-0.15388505987690715
-0.458599627857477	-0.7022411571550928	0.46263707615094596	-0.0223684285103245
-0.3859719658344991	-0.6392369126909878	1.0903676322243965	0.1993006323259756
-0.27926369085932023	-0.5719773652304896	1.1022437778604601	0.3680119625697609
-0.6918798443944281	-0.5930707881259186	0.20551360519268536	0.3394249858464473
-0.14956856208041902	-0.5193605702788304	1.5758715350242305	0.5449227778934378
0.7655566402598466	-0.3169919495369332	2.1862719417950243	0.8034277845773663
0.44260616927018637	-0.20331418870663298	1.6286132322915297	0.9269211137609892
0.20662438807562977	-0.1448747666882031	2.649434164681848	1.172476663597271
0.22306830097095487	-0.09479781251173991	1.830554002162602	1.262040744027106
0.28252453083500084	-0.045669353947903946	1.8374796645053033	1.3369647360871229
0.011724135746589814	-0.038506972199149	1.3198631653719008	1.3348306788042965
0.8459306198051784	0.06746283198349046	2.3696354094942054	1.4588170662130215
1.8851422881129651	0.27689513765055906	3.0914090933798413	1.646923926568622
1.118192932351064	0.37024809090649224	3.0350165387144585	1.8009510658584946
2.63695145165353	0.6128046436579908	3.1708463173061023	1.947541952440893
2.322355445612885	0.7894459390074766	3.8414644553703754	2.1432337804187687
5.259906908911099	1.2359941792727085	3.958606452413907	2.3245690788493354
8.630962975981797	1.9508823005707203	3.663337784017764	2.4539907862714756
2.7364995243875696	2.02446014150003	3.9367237521092715	2.5928579411510326
2.659443731409537	2.0821317519335083	3.84364196788525	2.7064585823396725
1.5784227120198584	2.037726978066863	3.593609039943958	2.78466646523522
0.9864627135496888	1.9476956140358537	2.9020847450425356	2.7947219714871667
6.968897901110897	2.365788743755644	2.8971581247572313	2.803251960515256
0.6818985767339956	2.229363848555894	2.8502757356105066	2.8070623612195957
1.1548621224023639	2.1445980621911116	3.146229836595234	2.8338188414839793
1.3098369406669539	2.0804318886436404	2.7544916186009405	2.827721692424514
2.2363115485402725	2.0921152356543864	2.2737901362022535	2.7862056595295575
0.8156844536706913	1.9987793813962886	2.051496428077996	2.732481985625755
1.3136584812485128	1.9498732497444533	2.0887808241759696	2.6865325879876822
2.8938401674585523	2.0156912902881206	2.694925631631416	2.687117723224467
3.6266235608707493	2.125463972286792	3.283519884003007	2.727758354313506
3.261047577277683	2.2011271669808585	2.879210340441958	2.737849785934099
2.9039788170716023	2.2469404517463882	2.8070575886245512	2.742360986286627
2.330986620458921	2.2523028540715058	2.4278105765932256	2.7222944609258724
1.1315124119434588	2.1822893368833167	2.1620157688950066	2.687295222747685
0.602298397286031	2.0856029126350384	2.1791249821950207	2.6561982660639085
1.0192249686325034	2.0216511960839507	1.9715441809222023	2.615139282874989
2.75980116593234	2.065052343012043	2.002213365529756	2.579101960234033
1.0876567767412868	2.00869004439501	1.6511165677977009	2.5255891481358583
0.7786562101634686	1.939096221901106	1.8369033053546904	2.4866246314388243
2.241138043642148	1.9558698466283868	1.619141500727948	2.4384519493621943
0.9696787305923127	1.9021000423077563	1.5914847067605806	2.392273181976828
0.5192069475824608	1.828046217974669	1.6257402969451547	2.3512256416062574
1.1786801033577654	1.7938823987681785	1.6459597851743024	2.314120891349971
1.1579156648757283	1.7610000379534076	1.7013623612634445	2.282438515775742
1.3429402443451601	1.739750628294364	1.8990676675210856	2.2629523155783944
1.5070642276424953	1.7281202668049613	1.8766450704499227	2.2436436319364566
0.5117763933107702	1.6683207713998387	2.022216974133609	2.2327572204039594
4.211887865716142	1.7913538875728934	2.2359036218978896	2.232908914875794
1.164067833750038	1.761493364454068	2.1355616984678942	2.2282753320604947
6.430783440765635	1.9802962412307092	2.348637614540345	2.233915888693222
1.9068060447656654	1.9769056012964974	2.198598919575681	2.23228654602093
2.4712735300147193	1.9993699297147227	2.635863640786949	2.250625296407581
1.4285309223590308	1.9738177084506763	2.4154219923720963	2.258002021765815
1.9342164780419804	1.972070972308201	2.5240408022002465	2.269735386218586
1.85622186657843	1.9670359479541508	2.296448014537723	2.2708969713128435
1.3972651879549178	1.9426244737642873	2.2985086992029253	2.2720804864713937
3.605961717546066	2.012887130687723	2.453936114174234	2.2797626130490536
3.4951438491217326	2.0746310444787386	2.4795100781760984	2.2880831543669333
2.7875132063238275	2.103920214609053	2.7978879448880254	2.3090289002824638
1.69361035284965	2.0872904730839945	2.5370489962439904	2.3182706876386696
1.5706787722399405	2.066631867863715	2.028933240837003	2.3067008333387107
1.4371390021791117	2.041790302748913	2.3524494293055196	2.3085070871746325
2.2563316025314646	2.0501474591761335	2.510611597854228	2.3163798483049143
2.6483862106489533	2.0731508100887006	2.6150847763736595	2.3278654483258263
2.2590270359294857	2.0802072677149845	2.5935733691726615	2.337952724310592
1.8170923129226253	2.0703429078130795	2.4728700380357194	2.3430111432190297
2.4661231075627312	2.084998072350624	2.4512789546280818	2.347020130494548
2.0876477661984323	2.085094928545613	2.5451002828509632	2.354265269922066
3.8836028932764064	2.150085983525939	2.679285219215082	2.3660096815932405
3.0646192777069974	2.1827396024456394	2.6041103253253897	2.374510357050863
2.210399819961279	2.183715481242712	2.6759212715039444	2.3851459473185823
2.759394566464779	2.20379265279003	2.867371431817623	2.4019637781965106
3.1667396474370895	2.23699039674998	2.8233861819869395	2.4164921418249885
3.2271208965932487	2.2707374758541103	2.8579162686074984	2.431537153532607
1.5398879840391575	2.246106645771169	2.662587319476295	2.4393232953567074
3.825778724889209	2.298751340192937	2.794685040174017	2.4511657947681393
3.091790856659954	2.32489048015765	2.8094495639900203	2.4629750896797575
1.9249369939911083	2.3118508119250425	2.36603147047537	2.4598142749316714
1.741071974777312	2.293441943376405	2.276455229931517	2.453900465632391
2.8684458177118457	2.3117892799823996	2.4878997847030226	2.454984924374796
1.6536712698033664	2.291010087951039	2.3857603664939133	2.452798916283212
2.3116002400489646	2.291652992638839	2.5196195930294394	2.4548862402024874
3.457357977849737	2.3276994699958053	2.4211816487252817	2.4538440853546244
1.7455603487927145	2.309882016907533	2.3358990079513204	2.4502341967519707
3.221603126778856	2.3375049180514376	2.4203902963632844	2.4493297597322448
1.971381081675469	2.326522944570215	2.4645809200247406	2.4497870881117594
3.845277975853074	2.371626355709389	2.4215217300445047	2.448947223575008
3.666643215294986	2.40970964693735	2.391528005588223	2.447259287107074
