-1.0	-1.0	-1.0	-1.0
-1.0	-1.0	-1.0	-1.0
-1.0	-1.0	-1.0	-1.0
-1.0	-1.0	-1.0	-1.0
-1.0	-1.0	-1.0	-1.0
-1.0	-1.0	-1.0	-1.0
-0.9508075037144426	-0.9837804478343211	-0.6354071144883868	-0.8797878991246237
3.8356867075223233	0.4493965921788263	0.7042119980001289	-0.4087499011779553
4.742405668466852	1.6117488543543002	1.1611971947670119	0.016320604763776947
-0.40180638582138106	1.1114239060617983	0.7697957425298132	0.20354298016175476
1.1562477249126055	1.1217140192417436	0.864192793828503	0.35520745781491403
-0.2397283468126029	0.8312907226984598	0.5124678319221114	0.3887541195396267
-0.45873076683596514	0.574304506743814	0.24056112333730573	0.3592324741296362
-0.18833504983616656	0.43180864893474147	0.1733003801669366	0.32449196783102496
-0.3303701081982531	0.29772499039068556	-0.05864318147558689	0.2570901589840249
-0.7242136462076326	0.1278780483697337	-0.13142563866904378	0.19251841625007615
-0.2531850127260735	0.06786227706671988	0.10797443127083772	0.17920303635250612
-0.3241039097196323	0.009202571472660237	0.08165878514389124	0.16460503169690832
-0.7474980774072686	-0.09867012811771159	-0.026358470292684233	0.1373819839542212
-0.3780939003362862	-0.13669977008515155	0.02787138770118447	0.12247751837409204
-0.15866050603694104	-0.13955892550537075	0.023540240494869247	0.10959588833417877
-0.7211445537411316	-0.21213703768220504	-0.02472771587504874	0.09283316533926822
-0.2705899216184102	-0.21914056096970802	-0.012784253510567	0.08017860773496244
-0.6353727223154306	-0.26709848795193714	-0.023134758857158877	0.06827508531775828
-0.5176219365143033	-0.294897049686217	-0.11403130569771747	0.0480461012308071
-0.36657313462037744	-0.30256683081748625	0.2598945085523767	0.0707158968512065
0.0655506405490629	-0.2645304372945281	0.4012471758513796	0.10486875737248469
-0.44377045754962463	-0.28243446498090463	0.2793527817153276	0.12229768982219813
-0.4911267126570922	-0.3026092017524338	0.312353507866326	0.1406708460696673
-0.12716134915659538	-0.286177297272148	0.06183145764941966	0.13328711606087573
-0.2604558729411959	-0.2838411225140366	0.21327778973006328	0.14055223921909032
-0.27809741754959627	-0.2833347549582136	0.06185779677796366	0.13361489481366706
-0.2816764215845108	-0.28319262755137353	0.4303787973499169	0.15903023225182666
-0.04377470808151518	-0.2632573069123261	0.40920778074857544	0.1798615122405398
-0.4905831248931385	-0.28167478187164996	0.46977604091043834	0.20334969578155948
-0.22628874507749264	-0.27730529593009523	0.3517443849955686	0.21505661741175253
0.18085968909078298	-0.24208693484256016	0.6611706413350107	0.24934867237951552
-0.05891459333320115	-0.22835821820845748	0.5760203871695406	0.273832605948402
-0.33751696716873625	-0.2363401171895303	0.6753459343786437	0.3031925049708555
0.9071565651525628	-0.15471343333553655	0.8948257349787734	0.3454252801817519
1.1314793389983815	-0.06503376955578821	0.9659781524681801	0.38869319929407786
0.27739973642810023	-0.04169955089035038	0.9315482143975968	0.4256845963846181
0.5281932603466104	-0.003728164910728138	1.2299521530991004	0.4792721356142875
0.6124819717812207	0.036437854779288736	1.0165359937699563	0.5142923654659084
0.6598027407438787	0.07620625806476933	1.0233539400337022	0.5467686736917812
0.9327813008088937	0.12971494621749824	0.9372875176583642	0.5711636696429687
0.1659799693127153	0.1319342896965594	0.7425512313421352	0.5816518129816928
0.5809535018746914	0.1588627791107764	0.6276960357966024	0.58441333274503
0.7292764248936139	0.19240125749066506	0.7222309753493557	0.5925167393816442
0.21566307868434786	0.19374284584685242	0.824222022538676	0.6058786069984694
0.20843892327496039	0.19457459748212602	0.8045286357696231	0.6171184494314212
-0.13719265196074715	0.176151034484189	0.5945509151282493	0.615865546497512
2.240446726868581	0.2887031847490007	0.5534939890942765	0.6124650332271973
0.031179828295670786	0.2749130063250924	0.7742426807461633	0.6211286109207117
-0.13289196640403966	0.25345786410073656	0.4569413071352677	0.6124904488052196
-0.18036872039264762	0.23102693164211385	0.47677343385133275	0.6054730810804219
0.14321112339540765	0.2265634341655609	0.2795374422062047	0.5889062542985648
-0.029899487665942748	0.21374482878507162	0.5700360155110433	0.5879629969112365
0.41322232748124077	0.2235518695897034	0.6369187101915332	0.5903699266877491
0.6813716160558971	0.24569689040071996	0.7941798760956058	0.6002283355808267
0.20826118232408208	0.2439150103805081	0.6301738865247217	0.601654083864114
-0.13076022219218908	0.2263578308363281	0.8603972383976615	0.6137787893332807
0.21285411687622546	0.22573475297650392	0.9682076968945921	0.6301318207309106
0.6104138734939026	0.24321466502933475	0.9670456652752617	0.645441235907418
0.3402749555336009	0.2475596660186854	1.1113790613683374	0.6662983355935856
0.7218615119687417	0.2684788996444636	1.1112168674028866	0.6859217076412643
1.777770673240635	0.33408166928959737	1.2208417381859866	0.7091726732557655
1.5399389664849896	0.38574670096022	1.3605107453169571	0.7370793213132543
2.466711568636251	0.47365040011711823	1.465704275903676	0.767857745024686
1.2382094830647201	0.5054988681346506	1.3838230088784114	0.7935165169543368
0.6565034429591332	0.5117031226408695	1.3578948582984363	0.8167043162600967
1.4716969011873142	0.5506117538149253	1.3226898825456268	0.8372120004135926
0.8362073084556731	0.5620327016684199	1.3590142322574503	0.8580788137702056
1.0489823689652598	0.5812496789256731	1.194109624074061	0.8713399672816209
1.050492516102366	0.5995279052193685	1.4090588492885114	0.8922855286051976
1.0005226718087301	0.6149469143486013	1.4555763079901394	0.9139451532712095
3.307683568694017	0.7171779169956798	1.5965851101210293	0.9398616816757326
1.0721514363096367	0.73048654478804	1.5442084028627518	0.9625196804064069
1.6934146388510003	0.7661424005148776	1.3894103598548022	0.978326829554881
1.3466519034057556	0.7873758946329779	1.3065915420114633	0.9903339222281504
1.1788048485872111	0.801520644818088	1.2426013102951106	0.9994498388940716
1.0451587856083582	0.8102199306563567	1.2838599152860666	1.0096049276170143
0.6452029679669966	0.8043966883881863	1.1512451449902548	1.014602469181264
0.9062187513385456	0.8079475148901658	1.231834246127824	1.0221783119486907
1.510695679402827	0.8321746748287429	1.2742930418611573	1.0308696358314409
1.1021549251513307	0.8413765246423748	1.3637229674980018	1.0422144325622598
0.8180548748680636	0.8405905126731774	1.2750476778301492	1.0500611251422471
1.639690162413273	0.8672215602709037	1.3658927556693383	1.0605864346744722
1.1447239082475198	0.876367890019482	1.2375004858382002	1.066417291586291
1.1686192121257601	0.8858955462799971	1.2398708761219481	1.0720718284886273
2.036960290058148	0.9230197206635835	1.2120743361351738	1.0765871898280501
0.6739371017411966	0.9150717240362902	1.0670532186248685	1.0762829519710375
0.48171619807122057	0.90138913952724	1.0454599578568593	1.0753095571160816
1.4350996178421145	0.9180641924323749	1.1534246456066062	1.0777498463501285
0.689117237992688	0.9109843199465741	1.1571055834977946	1.0802033507761957
1.2421231760826	0.9211194664891722	1.1115182910918588	1.0811618067656896
1.0796215867835248	0.9259216904806473	1.1702309547180931	1.083860359075718
0.49417177608185625	0.9129711844711388	1.026660010932663	1.0821443761350635
0.37353294050705155	0.8969508495984089	0.973649393820269	1.0789221716642192
0.5593614680014976	0.887023548231114	0.9732934082346492	1.075816167318436
