-1.0	-1.0	-1.0	-1.0
-0.22508204594433268	-0.4558449958665748	4.836344202107586	3.098338265103356
-0.4493477807761309	-0.4520957239973319	2.003744869310388	2.4666905035338966
0.14371864962665493	-0.1617996640898237	4.472714186095878	3.444076964184159
-0.31321751357870353	-0.225503056092638	2.6714829346404514	3.119036946258367
-0.6768307347706208	-0.3924079494921793	1.6322226720571238	2.569199899284033
-0.9283507415926847	-0.5691168670626596	-0.3403751049800372	1.609866439781837
-0.7275422138093217	-0.6162282720270487	0.027758385403688468	1.1393905427666589
-0.6422400488461164	-0.6232711206062977	0.6463405691432818	1.005894747032138
0.3850561222822493	-0.3727237761040987	3.0445476717164786	1.512455396853694
0.4646848723313022	-0.18048113103296348	2.653776258784522	1.7744665398484125
1.2047948038520189	0.1150261524238203	3.9968503463053304	2.248545731493351
-0.07938378104602961	0.07629756883192473	2.468672619044903	2.2923972921605724
1.4142848414438247	0.32629497810025954	2.5379102632149158	2.338270662681594
0.08320955288722698	0.2835310017035513	1.941736675220676	2.2685117217210675
-0.2940946417248739	0.18752917723747276	1.7329251522768385	2.179496671665644
-0.4229231805402116	0.09138556957422206	1.065303551832585	2.0040158754900204
-0.2415481284747102	0.04156040956286011	1.2831043593799882	1.8961279551299084
-0.1767986302655269	0.010431961920979171	1.838006138359551	1.8878426065375482
1.4851938618979648	0.2111472329752313	2.187943458637913	1.9286863935576712
0.6563322607736721	0.2691114993541708	0.9323130174473042	1.7989566454130141
-0.13861935823345461	0.21822954895867763	1.1320657556321536	1.7157335198647718
-0.09370888039391478	0.18085454500515685	0.9545771591983001	1.6245352900672887
-0.5504541116718895	0.09659374677401567	0.30226028339958577	1.472183928384502
-0.44058033817769326	0.03698777687689714	0.6601503162257476	1.3820790449040095
0.07671386673938563	0.04123907071273636	1.332422016515829	1.3767659402771861
-0.028148032215799534	0.03406983448520107	1.067501216882532	1.3448114048255069
-0.10550699866319913	0.020127752756549766	0.2833513130090832	1.238783789231408
-0.283768741651948	-0.0092506617012319	1.3529346020060582	1.249818820491079
-0.2862453705475493	-0.03519299722136604	1.0811665124397272	1.2340234862113655
-0.10853810089934812	-0.041854376036973506	1.063745565908735	1.218558435409451
1.380001820102064	0.0834910784978411	1.960992920103954	1.2840089257652734
0.7166388557417329	0.1377142509175966	0.9906633052348126	1.2588863485171342
-0.06750196230889816	0.12062687716043663	1.3462165735934613	1.2661579610892089
1.6509906881378877	0.24461392626550338	2.0136784191307067	1.3267207539908163
1.105490236132641	0.31252744671336785	1.3477674889700708	1.32838141743169
0.3811543603561227	0.3178030331368096	1.3301761925801419	1.3285199912613281
1.2090659591313453	0.38460216211659426	2.0648934943037887	1.3837104409467091
1.2385259138985818	0.4470435390522103	1.1957228201167838	1.3699645187549168
1.550607243697471	0.5258194659008335	1.3611032151011115	1.369331745236586
0.16120310862521192	0.5003965959924763	1.118981582370934	1.3518760995374413
0.10725874325520346	0.47360748225942517	1.123549774209533	1.3363175932342086
0.24682040854127818	0.4584970277347278	1.2041833482891566	1.3275138773425113
1.4145768288775846	0.520816362712361	1.85849312852912	1.3621244211105457
2.8411807487241014	0.6688467899839476	1.5363885410627778	1.3732418164777274
0.7485971263268771	0.6738288338667544	1.4284929622711484	1.376693511498973
0.5642499617008747	0.6671234615556503	1.310834211986048	1.3726636425768812
-0.10673698919096675	0.6207141212239624	1.0898864809023134	1.3557054637197754
0.6319659529840136	0.6213760185083368	1.8118853350391113	1.3825277496358432
0.3959333551303019	0.6083755931501764	1.4826055224686066	1.3882989830328554
1.567691121376774	0.6626531282894659	2.0611672109226626	1.426369615342924
0.7141607326971393	0.6655136610763359	1.7565136965827435	1.444703545912993
0.9956485048571189	0.6835140734984733	1.7064945669624718	1.4589777987404116
0.6434456619727813	0.6813687881718771	1.8588842765156244	1.480393483443954
0.30169501020150413	0.6613936274646461	1.7930998534572273	1.4968451628287198
1.2039829467010015	0.6894478867799338	2.220147592444977	1.534243071933604
0.7540362039485906	0.6927308471962301	2.2781096208056155	1.572052922428504
1.533774634479864	0.7347681230871974	2.2431964712055232	1.6055982695437914
0.8593482731677553	0.7408927103946821	2.1561687410915056	1.6326657704715477
1.4583426218986206	0.7755961779303913	2.246047842870664	1.6623354023399335
2.220349372524834	0.8443711857700442	2.9094670265492737	1.7217030062933278
1.3678425858160352	0.8689010727366773	2.213286985639898	1.7447386995645533
0.9162457372616903	0.8710853385266566	2.0020604339705583	1.7566110424596575
2.941464173979725	0.9651647073472103	2.715462009527836	1.8001820346584543
1.1024414165507008	0.9713096350146004	2.4119057343621058	1.827564472976324
1.7091165495549356	1.0038499328980568	2.554349975273012	1.8596185583633043
1.0611244242990532	1.006339714795891	2.7686320957244033	1.8991300093808126
1.5998386038252463	1.0317681119894644	2.484798024552063	1.9242228705182711
3.5570758240183276	1.1384423839816513	3.2103428608125775	1.9785515615164013
5.830540643782088	1.3338935179397304	4.395753666760192	2.0792410672782027
12.313184438250603	1.7849811962116422	3.7795674481149684	2.1491003296716906
14.480198676755347	2.2995201986229787	3.7266144766961684	2.2130376021680593
1.9545821982372193	2.285726298742891	3.529956686297324	2.2657010495719883
1.9564429084096044	2.2727320472028976	3.4494315775614393	2.3124163290828523
3.8254914519261796	2.3332147473424234	3.2082171542317885	2.3473094738533975
1.48675147876016	2.3006661732164813	2.818896969933471	2.3654428569343877
2.3009901543311404	2.3006781977059223	2.727198828859816	2.379176862843118
0.8882249768300738	2.2477236382541674	2.747690477682565	2.39299316931462
3.3435021414886466	2.288298730826573	2.5656187218553375	2.3993852195587047
5.678909370371083	2.412316484694204	2.9489557295720337	2.419486256174821
1.9221720792489165	2.39460370577882	2.5666550346051618	2.4248036852785257
1.6091791756992593	2.3665587119327314	2.4150390534524924	2.4244547781929646
2.1828695042788206	2.3600762820746226	2.0826549992231667	2.412393183010022
1.874306671318743	2.343133634073397	2.500524987955611	2.415466003646087
2.1471990548562134	2.336378372886718	2.6025542828513806	2.4219156693803106
2.379540450887732	2.3378488200125425	2.54963272379648	2.4262680546302127
4.252921148739219	2.4023888772276965	2.692756505173786	2.435248957801482
1.3789527400306123	2.3682806227081468	2.5907784392994557	2.440431655898651
0.9244936685683844	2.3206919213926924	2.3900971733081584	2.438771705330476
1.4016397327276837	2.290728424666196	2.22916403695209	2.431937845970364
1.9390924499492876	2.279387016939225	2.2212758543800053	2.4251430946214407
1.1760694753438319	2.2441811964628076	2.1476452184465287	2.4162883509784505
0.7371397641035367	2.1965989538861663	1.8889430669658118	2.3996382112406724
0.8955617560707037	2.1559485616841454	1.8781944776787332	2.3833456357202216
0.9237234566110231	2.1178451900421384	1.8141458577621874	2.3657445794076435
2.903046305830037	2.14187752386192	1.7121330498196423	2.345739351806215
0.9549135008007543	2.105915074727456	1.8723058564584494	2.331395343449004
0.8011757382978493	2.066779462920724	1.7067858018657907	2.3126601675078295
0.9661500016357292	2.034092644393633	1.821988278338682	2.298087760570793
1.5243220358081424	2.0191019599226143	1.8878051341520736	2.2860227290009476
