-1.0	-1.0	-1.0	-1.0
-1.0	-1.0	-1.0	-1.0
0.24677549424562173	-0.28053401626283425	0.2782174825027177	-0.2623900592180807
-0.8605370814999467	-0.5631262473538181	0.16443314877603754	-0.05443092106415981
-0.5326307225376178	-0.5502963708469952	0.822761815356448	0.31461516174188153
0.07320813109275015	-0.3197191771284916	0.8668654855677338	0.5188418600772196
-0.7541487261093227	-0.46295755092039337	0.4034879624407284	0.4808078410874901
0.3174021328867349	-0.2309000864220293	0.4213995908571213	0.46314120150430527
-0.5770093345552554	-0.32461085496296205	-0.03669446500563667	0.3278082211203017
-0.39115633889031753	-0.34114592567071456	0.43426707800530284	0.3542610516639326
-0.7602548591328551	-0.43736025531141753	-0.10298086343605417	0.2492924593564929
-0.273380126172141	-0.4023800346366295	0.26569425600241625	0.25279118952851265
0.3420595661725756	-0.25407952346337537	-0.04490067248961571	0.193487826655532
-0.7944159328500551	-0.3550390715719972	0.12914583739607743	0.18146577131607677
0.7537462879727459	-0.15998002097963182	1.8330894562277154	0.4720216844223126
1.3475668046496887	0.09057508261955016	2.0818771882477805	0.7395804972920101
0.7802821216450413	0.19920086839123718	1.7917069574520488	0.9052857286693285
0.47040841252548793	0.23978857215334148	1.7758706217321056	1.0355733658057322
3.558960967571058	0.712958491917365	2.685536859487149	1.27078647870746
4.2351866411700625	1.1923342037110332	2.0146698283219164	1.372029134470726
1.729318844973562	1.2622510511280787	1.6552761920785493	1.4089087875412667
1.5520082768394121	1.2984111893494665	1.549777691728329	1.4264886298726447
0.2976947665600438	1.1785098568382582	1.6386647583759575	1.4519110969533129
3.4390869668612636	1.4389723020445429	2.04791445008062	1.5205823826391014
1.830387696282135	1.4824049784053366	1.5822414733588492	1.5274245388233636
1.454831833446796	1.4794547996773852	1.4700781446987228	1.5212883818604541
0.37180783909428583	1.3650063707416775	1.1890455061600513	1.4869594666241968
0.4957765430565071	1.2781802623070515	1.3112549326509129	1.4694085551816114
-0.3598082604457644	1.119832226284461	0.8295932517624744	1.4075561744619254
-0.017044746160031377	1.013356371474604	1.1118677473494167	1.379863147118082
4.0293408548322525	1.287277085647021	1.5388250000445454	1.394300426522363
0.28736138003653977	1.1991286130910472	1.2350472286095084	1.3802613721011165
0.5931550835541288	1.1472325802327914	1.280132123615879	1.371686330869963
0.8435668747805425	1.1219479355155713	1.2697211555162702	1.3631963788483166
0.6206459311291406	1.0813338379903215	1.225415726531962	1.3520341203537272
0.1944867970379096	1.011372053419509	1.0635575852191224	1.3292770597765777
1.2668201636280827	1.031008280140055	1.067684718012171	1.3091693130572195
0.11951421500260806	0.9626933541469989	0.8708292781878846	1.2763168476963211
8.30737043389029	1.499755997613926	1.0007731253790704	1.2561684909141766
0.617448682546017	1.4367739490726819	0.9756761706896735	1.2361460812963059
1.0547642818442662	1.4101386133207012	1.0518557660812085	1.2232967313183067
0.45047168614187605	1.3447453793848658	1.2328198853409646	1.2239460928323131
1.4219448413325404	1.3498891275192215	1.3281817612509728	1.2308912361437265
0.6604882769622045	1.30495272440054	1.0686950497256844	1.220319017018069
0.7227654071045249	1.2678115031566088	1.0208861856450246	1.2075960946677582
0.46565787743476394	1.2177024895504824	1.0045509734009377	1.1949123408158742
0.8353909762973915	1.1943074231923179	0.882423687699728	1.1757900452167882
1.2396994480983876	1.1970298200322267	1.1795429731771376	1.1760152823928887
0.2671316531933565	1.142355440522893	1.0988543933136432	1.1714789151124902
2.5063059978321465	1.221010297110952	1.0041449411954284	1.1618297233736135
0.7346867181828973	1.1934949635839764	0.9838511575447262	1.151760361186664
1.319192566078581	1.2004758128993025	1.0585130919963235	1.1465826723482868
0.8001783751571208	1.1786505699788807	0.9407712882785366	1.135361426637755
0.20803291378828082	1.1266740554392456	0.7181468159215636	1.113019742855812
2.2280868767770756	1.1846204684860795	0.9372299466461556	1.1037711127775953
0.6623943248727673	1.1576189372785022	0.8345203609436962	1.0898495742861383
1.5516453428368995	1.1776468920584837	0.8911195915089956	1.0797484313897234
0.3179797550123633	1.134678964791917	0.7181965839940465	1.061677360465751
0.5170782257472231	1.1043155695333136	0.9071751271446971	1.0540813009295147
1.057765064108045	1.1020637717275776	0.8359979567172031	1.0435323662349876
0.9273562995603941	1.093747329501126	0.9632593114445271	1.0397113105799716
0.7554122904706304	1.0778932746525105	1.0429602171637153	1.0398638515436618
1.857028088527549	1.1138425089584012	0.93785800629377	1.0351577591893153
0.2900976038395935	1.076410995939038	0.9277865894937039	1.030278534396143
0.2489641991395839	1.039372213843532	0.9802148719886263	1.0280373417783535
0.6760650410920253	1.023348587062669	1.1469183560385816	1.0332803981739334
4.342671374095217	1.1676248189630578	1.1620604818047817	1.0388777574693324
1.4222333431382723	1.178533446498792	1.2193214450958685	1.0466087986074881
1.2892132935240856	1.183208716712015	1.0968587970920902	1.0487314068129794
5.111418658701938	1.3468399574872412	0.8847272788680405	1.0418998402861015
0.6468567170649784	1.3180813274315861	0.7037124900297631	1.0280055846904648
-0.04830108966000002	1.2627019486676176	0.780683506650063	1.0179817458712277
1.2776273758334349	1.2632990589752064	0.8469931101470847	1.0111441474870602
0.32211435863895277	1.2261564626896364	0.8505832016892589	1.0048079744411167
0.5159430759835542	1.1984928387733311	0.8227454753845542	0.9977166461995233
0.20479921209706364	1.1602829250940947	0.7605259397358144	0.9885959153747725
0.5804537202021434	1.1382692733105926	0.733861586470655	0.97892471359537
1.3343236142701942	1.1456194630951244	0.6951206466978945	0.9682844324349291
0.4946286763168948	1.1215141704206562	0.7167013759909211	0.9589686398707973
0.19352815471399287	1.087571082104711	0.5899313491777067	0.9454703157414719
0.5846550732344593	1.069396986289262	0.6633323605215078	0.9352743720464667
1.609895016045094	1.0886956738593705	0.6046269553464854	0.9234676997866127
0.01996920353759779	1.0509837039467307	0.46184745345307876	0.9071783486302991
0.41296466930551645	1.028731574995576	0.5395659572714047	0.8943570094297129
0.30344816099549177	1.0037267953859446	0.538457544135788	0.8820869604716408
0.2680332119310105	0.978651192033209	0.4967432072506297	0.8689526462839825
0.8505704870538295	0.9743344826373082	0.5538272457797413	0.8583323532528426
2.3609709481578767	1.0205463786200024	0.4662923749851169	0.8452667979551585
0.2050737780948022	0.9936677494686976	0.46636519541312027	0.8327778225311206
-0.09387370528810923	0.9582111125189703	0.4409155227250021	0.8200020337987675
0.3458218802129043	0.9384601873845266	0.45219749768202067	0.8081394528947881
0.20513664859208647	0.9150605950276367	0.429303200486592	0.7960512097284205
0.1780883225227099	0.891792002324626	0.3907391264580451	0.7832541966490327
0.4247704927699478	0.8772001729441326	0.3836530540115546	0.7707688777329755
0.4136657890231923	0.8628666029486058	0.3617822407119591	0.7581220536635767
0.45154281519066797	0.8502772648688277	0.34221939899867637	0.745392568896041
0.2543245695647227	0.8322209678167836	0.31483897735551314	0.732347498218352
0.14477903025641004	0.8116010178441293	0.3781402893437835	0.7217228693709661
0.10932171597554219	0.7907445479519344	0.3473786529223557	0.7106053916914741
0.14047060140537293	0.7716219264602764	0.2893081259637338	0.6982162666854026
