-1.0	-1.0	-1.0	-1.0
-1.0	-1.0	-1.0	-1.0
-0.9256296229846244	-0.9570837278634802	-0.23929878198120458	-0.5610287079716256
-0.4971243494299197	-0.7329797485821437	0.38596987129479476	-0.09962671090352515
-0.9605126667037621	-0.8287056954191293	-0.690064581340811	-0.3480312965750575
-0.7972558957005872	-0.8170753163026014	-0.3333871861730102	-0.3426158664953144
-0.41864355811905596	-0.6857060125333532	0.3364050031069046	-0.11873187262248341
-0.40321357143204484	-0.6017005293923123	0.5616846554643382	0.0836052768532154
-0.08031201926036591	-0.46053225394747244	1.084686841913185	0.3546525450407163
-0.7600284851830897	-0.534950615909794	0.024285202560988317	0.27256331719979143
0.005886035916354393	-0.4107914955971106	0.49475083942015385	0.32357056050691635
-0.15291072776854653	-0.3557802232742945	0.807794402480829	0.4268654879737681
0.13842664191045784	-0.257328799685298	-0.0698826771269847	0.32790795064775224
-0.7650075007708662	-0.35218639156832543	-0.014422509018084395	0.2639449622312142
-0.7805464881118614	-0.4275441287192251	-0.1765813666284478	0.1864468608190042
-0.8525350539022699	-0.4981779236860394	-0.48091302715569784	0.0755311409733237
-0.2679256661444871	-0.46191417492569276	-0.3846598303995875	0.0030531831135767185
-0.07324384827668173	-0.4037477566371973	-0.008802465634615175	0.0012788921099444739
-0.8360729987617568	-0.46537861192161	-0.18213642217313442	-0.024868243358426634
-0.6915824635282932	-0.4961650330341302	0.14374685257704445	-0.0019199093727140237
-0.47926111174191055	-0.493964121531278	-0.08244879524847881	-0.012404974023700777
-0.6251396563661484	-0.5103339367714859	-0.06905475772408654	-0.019474400729803665
-0.5546340689315924	-0.5156417631644542	0.09241111929673229	-0.0060686960082906305
-0.5795180350330627	-0.5230014487391038	-0.07342299736394187	-0.013829002395623236
4.126356296071922	-0.007097766697017338	-0.202624250947384	-0.03477803744933761
-0.6371085551417837	-0.07451396373753838	-0.04684438032736349	-0.0360689799872278
-0.525143085208585	-0.12107555658739388	-0.11487182124833173	-0.04421119013665842
-0.03362026912878058	-0.11233983490863708	-0.19908187760665197	-0.05968104096674198
-0.3985814060605719	-0.14001143771872515	-0.21993597734110115	-0.07517322795938075
-0.5810804412652247	-0.18132042442345897	-0.33104222733450606	-0.0991370392341504
-0.525014091719604	-0.21253570139761535	-0.14476214320639136	-0.10328078666463136
-0.6015796014990844	-0.24683223956195577	-0.09836367386049005	-0.10284733208233465
0.2684466643971035	-0.20270342371451955	0.1511136184902353	-0.08109800729646233
-0.6130768930331357	-0.23687321188666144	0.1249811390949156	-0.06393853794050797
0.22736698892008045	-0.1992613419283794	0.2570629678700709	-0.03793155708912754
-0.19101971734933398	-0.19861107724043014	0.019270445554622206	-0.03341885715740467
-0.351272994102394	-0.21034592324959012	-0.1416416003506349	-0.041737749269303626
-0.5367458623625401	-0.2348090405530615	0.017948128559680532	-0.037264124002457266
-0.4698377404172903	-0.25199499389808777	-0.014788728138454665	-0.03562073435598967
0.6911631044165776	-0.18466924374250682	0.35114007926859103	-0.008012510558427555
0.021866480207485495	-0.17026841360939615	0.3251555035218143	0.015217795078012575
0.2636237309696918	-0.1407020079907253	0.19044810813861202	0.02715848478002103
-0.6104761047044588	-0.1720025783762975	-0.1078575399419952	0.018162543710142476
-0.5394124027757372	-0.19595103771891065	0.028724794442587243	0.01885099903827503
0.04195951981713586	-0.1807730249607139	-0.07976735517201217	0.012559721959529924
-0.018895154278372406	-0.17066071001321048	0.03375394496651696	0.013883787698470096
0.010361867575081618	-0.15958300602916975	0.17462210479765128	0.02372023305104709
-0.1560711069982379	-0.15937238246343888	0.2149086168528227	0.03518608287265024
0.24354519414249443	-0.1356819766895513	0.13168056374140313	0.04085989702274362
0.595411142064991	-0.0935221310943869	0.0910152245242648	0.04375237366017681
-0.003992776973607004	-0.08845655844767908	0.03484372300579097	0.04324840822107712
1.1524591266609843	-0.01954550734063798	0.012913354642674735	0.04156401844439639
-0.22216338407550307	-0.030592807156394564	0.10063304956142471	0.04478471968707631
-0.14039970278022185	-0.03647282555399567	0.12730543382058168	0.04920390557756393
-0.27954794599485866	-0.04926127276597625	-0.0966691968306369	0.04152937528936085
-0.47488855482541725	-0.07126820237918685	-0.1165356260775835	0.0333566275702033
-0.4277569234336259	-0.08938814110175453	-0.08993351509645942	0.027089852577546925
-0.11069402306616549	-0.09045318145024905	0.01979179226301353	0.026724933743963897
-0.48116129503996596	-0.10966161165021249	-0.14474820189227666	0.01829479699098968
-0.13685317721719414	-0.11097683977163253	-0.154743449739982	0.009924873411042867
-0.3276864266964773	-0.12129294347167074	-0.14209897301193652	0.0026880118197125658
-0.388532710001506	-0.13381576822593388	-0.20554847269722143	-0.00706993835094516
-0.466947595584413	-0.14918615021648418	-0.16721072366362155	-0.01445861263303716
-0.17304041893480182	-0.15027004041742342	-0.10213473739957046	-0.01844259328469644
-0.5933415349256017	-0.17010305077185384	-0.06997209442117824	-0.02074916485651379
-0.24667138032982527	-0.173480119949882	-0.03800091371025982	-0.02151011527194835
-0.6244643026867471	-0.1930824713613275	-0.20085948951738541	-0.029305696578307283
-0.5499455400359397	-0.20837231948511348	-0.21597560210048472	-0.0373036537814746
-0.3705466290146009	-0.21522288433555647	-0.19736188942220012	-0.04406483989202381
-0.37305215097580224	-0.22179718401580595	-0.20099274988128302	-0.05060155644239206
-0.36603799468328424	-0.22772321621965574	-0.158600602657065	-0.05503856598926671
-0.2745520489783194	-0.22962103356130925	-0.16190835729395625	-0.0593698178295895
-0.43240494555906983	-0.2377302719364689	-0.22296744690105263	-0.06591198868038406
-0.4183305073296142	-0.2448573957398804	-0.13661039435905764	-0.0687019468601694
0.22694014905741056	-0.22648011751655828	-0.13615824591967285	-0.07132941660919523
-0.3731359410611711	-0.2321193486451948	-0.22629037221441994	-0.07728799482768178
-0.6029239726888231	-0.2461971822119855	-0.24455540117685115	-0.08363837645902372
-0.4940879225232868	-0.255490917677454	-0.23305994492421567	-0.0892403721475703
-0.440096492301574	-0.2623266473589042	-0.17013732527771497	-0.09223594044437644
-0.4854954173789845	-0.27048955324659707	-0.22701766345519148	-0.0971659109573424
-0.44241753705918685	-0.27670248383299156	-0.2288247743902102	-0.10192366485014892
0.04076696923866496	-0.265366919230837	-0.25848984960644505	-0.10751423019675321
-0.5827009847972215	-0.27656462360072953	-0.2355521868860888	-0.11203236716587628
-0.5194955627668623	-0.285037259858266	-0.19144079740080244	-0.11480197298876205
-0.40136954317420437	-0.28904797340669175	-0.20895135951125154	-0.11804794227966198
-0.37716554000600433	-0.2920514591614639	-0.2813475024725144	-0.12361394517141944
-0.6718445820430623	-0.3048509924505072	-0.33464094824379875	-0.1307259331993197
-0.31649947814925883	-0.30523932515452346	-0.33995510899902115	-0.13769899448701828
-0.46640182198355973	-0.3105513289881162	-0.3228271787634416	-0.14380091791429717
-0.5597352590389515	-0.3186753519565676	-0.2812680467366675	-0.14828269473633826
-0.28183508949737845	-0.3174871846154984	-0.3092848133486892	-0.15347534657591577
-0.6152873753425292	-0.32698973003334075	-0.37044226247870127	-0.16039860293216934
-0.6648438255911127	-0.3376569117960464	-0.3665689472731726	-0.16690813993351095
-0.5462283311181453	-0.34417363462350303	-0.3270842907605167	-0.1719127955470372
-0.6479995282005989	-0.35356869787024303	-0.3473066207245592	-0.17733646692550076
-0.5992245301410173	-0.3610875285831776	-0.3708921908644336	-0.18326070682804807
-0.520655480552654	-0.3659220283374901	-0.38968935788640835	-0.1895149669382873
-0.6117637709129946	-0.3732960490936751	-0.35728642985762615	-0.1945472824183394
-0.35907587912781425	-0.37287370733461167	-0.3272606698546242	-0.19848857637279382
-0.7043433201172876	-0.38262120801654864	-0.3788748279071724	-0.20379317059272206
