-1.0	-1.0	-1.0	-1.0
-0.07874973922055561	-0.35308908848665843	7.146603408989767	4.720624309607638
0.5745224220949763	0.18219967934318926	5.289120769856467	5.048681406213128
-0.4459951092678953	-0.12387275185557067	1.5463447543895348	3.3422541404367596
6.649173872426438	2.7256331582584226	12.666138644895756	7.264929761506302
0.8781003238019385	2.0423993830499634	4.511242505956637	6.2465917608339625
-0.11814229085516859	1.3300342065475408	3.143288375121954	5.223382927968777
5.831214497278806	2.668562190172514	5.81428333616883	5.399100294714367
-0.43150213174959984	1.829204964732209	1.5852811199942725	4.366490406859028
1.0485736683053988	1.6352347150958102	2.998924694480079	4.026679409102721
-0.2992849068277005	1.1911295177735237	0.9615720084118071	3.323026519384716
2.0804319330337746	1.3808353543935192	2.487402797602337	3.1447706443013184
-0.08748844562461211	1.0883294613710857	1.7056611013655023	2.8580846832481486
0.42390284847224424	0.9641842504930846	2.8272273885658894	2.8523192763515715
0.7366851803376071	0.9241622702344365	2.241731261961267	2.7449037280474973
5.343243035046631	1.6586157010959375	4.435986380388095	3.0259621383001134
2.929212158882253	1.8587289199976817	4.680870235155044	3.2866027094977497
0.5308426879187353	1.660004224810216	1.9592157491248887	3.0879528196759294
-0.030084232935501554	1.4190707696809333	1.8686056760493912	2.914126503920885
0.7452991095636119	1.3273700242807251	2.52281040225004	2.860867630378894
0.4201632179341539	1.2092500020147061	2.034347924463908	2.7532535660154878
1.4290921166245543	1.2366850395398252	2.745688904603491	2.752309806500731
1.9452934334325236	1.3215877278876365	3.609848692653401	2.8550568610782068
0.5183418565100599	1.2290386493486967	2.0728571286286432	2.7649330890380246
-0.1586482639234852	1.0750578926795042	1.5969796149666142	2.635334549884045
0.2302816606261029	0.9846601661703009	1.2937817446535442	2.491777869242206
1.8967235889891811	1.0789007668090203	1.920256512165579	2.432725665570201
0.13464607768753067	0.9845805615946694	1.3351578116581968	2.3230912309627993
1.9061068475453151	1.0736667911880962	1.7468816551208812	2.267387951804108
0.31739034685620093	1.0028368246631745	2.2680919978719927	2.267454463667784
0.5521541053164147	0.9619046473413899	1.7497170624129286	2.2204323359304334
0.7459526055830079	0.9428671202738286	1.6815828300660192	2.1729294411925046
0.17978306330601312	0.8775159498676885	1.5239343803134888	2.117348988864752
0.1554287316009635	0.817391206060667	1.5107884183471785	2.066843675046689
0.9345374331177598	0.8268824292107455	1.598200298701606	2.028875578320785
2.399487747694702	0.9509436478136579	1.7504266422433257	2.006909771612971
1.4542097816379411	0.9896294135420549	2.4743182251500855	2.0428394877396516
1.0046327780489523	0.9907539038184492	2.7696420264417925	2.0973123645715925
2.142978749796332	1.0750077677982892	3.0642971934311865	2.16802103868266
4.32756204691175	1.3071857344435185	3.484083900080745	2.261965680031854
1.8070826827803637	1.342041202421448	2.95373708286354	2.310199656679293
1.391591738969229	1.345417823106636	3.014531661550085	2.3581944275610347
8.688870885515058	1.834705167193074	3.3265975060896373	2.422718281556739
0.7760257189952684	1.7656986868071387	2.386248949961693	2.4203415440022225
0.807730155584852	1.7045841850796748	2.3269576786625947	2.414384458041573
5.144300115041001	1.91945683975402	2.4859594769474134	2.4188555012943107
2.9191355592051975	1.980631745387634	2.2025200694427274	2.4056171703379627
1.544285476347624	1.954463708045723	2.524890254030413	2.412770504522816
0.6626610156880075	1.8785106649312193	2.5430586505790584	2.420431515545069
1.1642788034715688	1.8373237709398533	2.047437126390976	2.398922718880932
1.22368002505273	1.8026048328631474	2.2144672477774807	2.3884871300375003
2.1930021054605717	1.824284473078586	2.319549045797402	2.3846589098893602
0.9240755258885169	1.7752024928536976	2.5780518686955403	2.3952036523717477
1.9903006334022195	1.7867213655110672	2.1329344959722456	2.3811594873785484
1.1714662256858195	1.7543520127474763	1.7510433877911602	2.3480082662462713
0.7254541680776416	1.7011529719824336	1.5405503829144238	2.30625856530383
2.5037415367556894	1.741947308408851	1.7281376624694396	2.276873194894152
1.0765402240931494	1.7086886249908053	2.2433365958380467	2.2751965844584605
1.2279903441855655	1.6850558942112142	2.142591317095133	2.2686771707001463
2.745136411468864	1.7363325153154756	2.593524305452713	2.284390101889696
1.6403113073629831	1.7317615190645177	2.6013431209984814	2.2994779830247722
2.3057597153574445	1.7586594124082495	2.8463809323286697	2.325106273068751
1.418196783808213	1.7429508839957952	2.8551510700663427	2.3495623739074896
1.1072850521065885	1.7140663003139776	2.5053583101584374	2.356642438073964
4.008416919022639	1.816768285389717	2.920241872554322	2.381871342025538
1.8625951126898728	1.8187890550255128	2.8503010478429944	2.4025307008352774
2.3470405112258588	1.8417496799512016	2.6514928629276167	2.4133518108401524
1.9726374250265737	1.8473576362538404	2.4016262880694046	2.4128495111999246
2.441661168195015	1.8724621133540755	2.632752151164759	2.422138619956983
1.7521211621626347	1.8674493147001692	2.943634089326669	2.443861763766227
4.466768506102399	1.974242753080226	2.7425735912870945	2.4561346806693165
4.743588524400536	2.0864851498727566	2.8180985427312697	2.470805656728744
3.032771987034943	2.1243274556020193	2.6668088435307946	2.478644239570198
2.1596352839093864	2.1257213577691902	2.4847344646375427	2.4788851579253004
2.429494403778493	2.1375546225801223	2.4340856581270214	2.477141013231546
4.783593694839199	2.2393002661792587	2.0961750647360446	2.462491716981642
1.3629070456674977	2.206027372256944	1.8523200451597677	2.4393261061773175
0.9428735827556249	2.1586701704757645	1.8391815302969885	2.4168260003433386
1.0638435232283214	2.118130398619553	1.6036831724297063	2.386716611269087
0.5425756560676485	2.060501218428707	1.4391106764880002	2.352056105265658
0.9206922547535701	2.019312083341097	1.2544021789992064	2.312390259970576
0.7914880415634498	1.975470600694829	1.4177996876753292	2.2804473578751874
1.3007276512609223	1.9516609477875715	1.3826181348640798	2.2487657372616683
0.6461307840648747	1.9061286627025456	1.4467117597484496	2.220792872842121
0.9486668987618962	1.873119458299798	1.4040459649606891	2.1926348900489057
1.635660823711519	1.865025325213781	1.4078698432890882	2.1658864096198487
0.5772676912755053	1.8216261746818754	1.3769181040118834	2.1392969191386153
0.34690679781652256	1.7724782211832597	1.1641896233449973	2.1067992755851326
0.16778922501958582	1.7195863975318	1.34329036590138	2.081633127029791
1.2018485981553924	1.7027065418380536	1.536211735717894	2.06385067039447
0.815918564990838	1.6741057321310886	1.5307619689903365	2.0466573456044266
1.0318122856681127	1.6536105465249173	1.5158500154881849	2.029719517243021
0.5525028420938343	1.6188449190625982	1.3701373003142114	2.008894213219929
2.900233058277118	1.658880850809188	1.492009522022232	1.9927442651527452
0.8864781016696759	1.6349964139675133	1.5085036088114703	1.9777705225361748
0.870126989261157	1.611586044571613	1.3367481033027406	1.95815071457017
0.6295411620196134	1.581832271475657	1.5926272275920366	1.9470762548292266
1.1725740381431455	1.5695562888769161	1.5643902386671278	1.935597249055236
0.6984198129406267	1.5436851845068529	1.6864181622553982	1.9281970151388381
1.6324618206150303	1.5462956624336779	1.7181741123551642	1.9220207072880386
