-1.0	-1.0	-1.0	-1.0
-0.8859574882962623	-0.9199182298466856	0.16835866840204572	-0.1795670847493387
-1.0	-0.9661303320835477	-1.0	-0.6530072907470987
-0.9576446633135276	-0.9619958992817049	-0.6348116432726738	-0.6441419147492484
-0.8056408290011237	-0.8962153576091955	-0.26501790563283134	-0.4846396772231313
-0.8220245537415055	-0.8687789791090128	-0.29741870281696614	-0.4154038228628467
0.9052529648462464	-0.2838522078726443	0.45252941457720564	-0.12923230786926554
-0.33051863618461164	-0.29772967551814633	0.6459493359895256	0.10128522181537059
-0.39762456126027557	-0.3247767980848145	0.8126659033061352	0.2938946114707184
0.012989805057080694	-0.24084901259564784	2.171184154636108	0.7603607616539236
0.7667951973345948	-0.009525667470136723	1.8694857416263724	1.0149807850790236
1.3663857594825948	0.2839838402618675	2.1914440536282696	1.2659438752526238
14.279008131370304	3.071945542945471	4.1057480435019595	1.8316641049754918
1.4587379736820951	2.770524891805861	4.240995237933326	2.2818378780737243
1.8928053348239855	2.616114471485114	2.9983031695562996	2.4078784229654135
1.224200730950173	2.384777162778634	2.665540143106176	2.4507014759269268
0.46391130470662567	2.0822495773887413	2.040041234577626	2.3860246138727472
4.4417911976766	2.4353674592935644	2.1775640363580635	2.354827874419372
0.36998919472165226	2.1409341641531165	2.1736983654855777	2.3290069683418353
0.18030873891118016	1.8740927013613944	1.8009211058588588	2.257134098282405
19.917181519448214	4.223344038214065	2.2074117189584457	2.2506604144592615
1.5746349280536438	3.892802558414729	2.649976935511627	2.300492829016331
4.044932039226022	3.9110307100530948	2.0088114308822766	2.2655452038180286
1.4075038068812709	3.6225760787043457	2.3393871075363375	2.2740533158548626
1.1662330598415669	3.3500150601949965	1.773320180945356	2.2184911611605656
5.870364567469895	3.619713670287253	1.62112267210322	2.1545681082267527
3.633396474228811	3.6211287176853926	1.2665199363367154	2.062810300609569
0.5969319477965054	3.319046186263659	1.1745597716192884	1.9740842719682505
0.9789159323553334	3.0928204357304976	1.0040020108812322	1.880304143846672
0.22653865781342564	2.824374616875034	0.7786543812205888	1.7771275996779887
0.30435999621427356	2.5954991396976976	0.7577007431686702	1.6845400968951476
-0.04974777872346381	2.3623050070876523	0.6441809102626082	1.5928264159568601
0.04494326345311506	2.163844027837353	0.7534181470331904	1.5209386605043695
0.12432068305782051	1.9940226362719544	0.7722626546924343	1.4586001170121898
0.08926116681616802	1.83970295310669	0.6265415853928251	1.3911885315091093
7.465544385008059	2.283518272097617	0.5106881622055639	1.3217273917768408
0.2727547188885511	2.128954955145376	0.42061418332321865	1.252460871957073
0.24924496107797522	1.9880734053277838	0.55902217887346	1.2004887795981891
-0.1402902404799169	1.8324418717103375	0.5718874590055523	1.1545238070872075
1.7566512361806184	1.8270321175890478	0.45888275335287765	1.10486679294022
-0.30353853932433017	1.6784779988260707	0.3548183901985895	1.052569588110781
-0.029588554427688374	1.5620872545010096	0.5394609268743653	1.0176056118286159
-0.08412985007382523	1.4524014100630822	0.3710238478619776	0.9745244936196074
0.9829424594291993	1.4218014271558164	0.49081601280531806	0.9429956446603691
0.30716589690201435	1.3506919196963518	0.34320040935252427	0.9047309881884895
-0.3590167259320841	1.2438895614601955	0.31709288751226783	0.8680224261158302
0.6147708581039653	1.2053911276882427	0.31840746444104284	0.8343891580738896
-0.06517460107408912	1.1291936821841375	0.36286394169948055	0.8061113662080954
0.9085599847971961	1.1162212288915896	0.4757213732732142	0.7866856409440974
-0.10403541196921451	1.0458534578282581	0.414942269808247	0.7652487046949876
1.614732685677477	1.0780408465342823	0.4673547633130657	0.7483944883726443
0.2915178194642072	1.0343638213427107	0.4823309988253346	0.7336197189610183
0.7434813395397755	1.018504403518428	0.42744575959325726	0.7169264910729123
0.16147222803817107	0.9726103780341488	0.3830876540040433	0.6990495292097776
0.49665266692812127	0.9475694350586232	0.28530193252381153	0.6772815685697711
0.12418350972368919	0.904996561548685	0.258897731512868	0.6556491704404592
0.6269413197828317	0.8908634259335546	0.3395283573074861	0.6395811963107938
0.1270251180447477	0.8526850818789542	0.20481042957401163	0.6178503297499318
-0.23224576404340136	0.7993463199383812	0.11411666042471369	0.5930849957623665
-0.0020766499749211853	0.7605811040872867	0.18555412336821098	0.5733726060926669
-0.22500026818536867	0.7136643268190022	0.17097641872712854	0.5542173634440182
-0.3628854881901753	0.6632174024914539	0.08609529417810236	0.5322812248584317
-0.24826931237518546	0.6211620207853701	0.07805309960834461	0.5113233606545753
0.4858810637541029	0.6150149876461843	0.04846874965659653	0.49029116647127213
-0.25729392522520467	0.5759682316360768	0.17659848087965546	0.47624952984726976
-0.36211166819524165	0.5345946154542578	0.20386998215013974	0.4642363731196586
-0.1773418865271862	0.5036499626433795	0.10464196901751732	0.44860655945556016
0.23703579605973268	0.4922269730103157	0.2998721314068802	0.44223413258851685
1.0863376025313567	0.5173234147932804	0.2025371307399697	0.43210897698037853
-0.24011201095025647	0.48577214662553936	0.23918321162958334	0.4240725399678831
0.0032264608186138855	0.465946982666656	0.34769923746920717	0.42093502218930956
0.7927517083081861	0.47919264271500284	0.31645941881554074	0.4167008296573733
0.4200416855640199	0.47682736556646277	0.2864088429766851	0.4114906237546978
0.968477351886869	0.49622971732657106	0.20643706803402107	0.40339841937269494
-0.07286456079667958	0.47406286149616084	0.3002671186325494	0.39938158332944185
0.06402791309747724	0.4582960010953929	0.23593029915142005	0.39309640862892503
-0.016164643747036633	0.4402828768884466	0.1930663129945882	0.385502253351794
-0.12954912595007817	0.4189191495576201	0.1665007576829971	0.3772916158299624
-0.3377448142838101	0.3909008983865323	0.19633722674939147	0.3705910327586912
0.01622647183580561	0.3771962695442923	0.16335171605009657	0.3630106913498219
0.5684185207372783	0.38410614398302667	0.2146912822824396	0.357650734650679
-0.19444352064314452	0.36344796660120826	0.14598674071021933	0.3500927137163101
1.2655039814919826	0.39527829748623744	0.10693748407923986	0.3415125077002954
-0.13169149011743086	0.3768993524246578	0.19577638718039503	0.336429583992774
0.12030649927803094	0.36805295251710435	0.1812340266089596	0.3310789130811347
-0.21007060250637122	0.34834803740751674	0.12318893747761162	0.32399298262293796
-0.1964265292744498	0.32998845797636633	0.21259018111000216	0.320238508538746
0.1097301132084878	0.3226478357321396	0.1834426905409272	0.31567941787537235
1.2983614143650044	0.3548077394575164	0.29492656131441786	0.3149952341472553
-0.12801266115567234	0.3390664180825338	0.2701156603126018	0.31353180519243784
0.21255055898072417	0.33498600777220267	0.13383858581462427	0.30773631785691236
0.017888077396367885	0.32486760847621654	0.20707378372322038	0.3045241381422854
0.4919644644411594	0.33014311676791297	0.10121634534938861	0.2981048513615365
0.04211432569799367	0.32114380396739306	0.17322454150659317	0.29420301502605795
-0.3015956247221043	0.30188718514782176	-0.0016595272775440373	0.2850541989291271
-0.24552343370415963	0.28513256513541285	0.0177996349689018	0.2768742755316751
-0.2875293827815273	0.26778199561012594	0.018215354359445213	0.2690372590611123
-0.19556830377392487	0.25388385827355875	0.013780854500625273	0.2613808927677146
-0.3063656905623279	0.23724551913670044	-0.02833308731740458	0.2527769146944332
-0.18128483396147788	0.22493782347760338	0.006324083701602534	0.24552949278486214
