6.966437241113406	5.9555448449543755	17.193062457310994	14.884473568161392
4.512511470047776	4.942232725546238	11.510126717032362	12.514974275459169
4.662691951735523	4.780920508694265	3.4574137862874945	7.28820529457121
8.20201393822355	6.447764610455692	6.820461202537176	7.060308856955027
2.43162750044099	4.758125560778785	2.833992244476398	5.2822446757482355
3.317101082254263	4.225222222775686	3.3401018318118885	4.564023466299145
1.7385712641209912	3.405333884393297	3.3504511059248507	4.163889681294456
3.849147628173143	3.5373116824316266	6.710451377334986	4.921167204051688
38.82336723062968	13.091173171395795	9.926047380832491	6.27626066151662
16.743267172234216	13.99863815947084	11.05940211463169	7.464766977225144
28.65198837721992	17.362585274768453	6.5074256903907735	7.244990607967674
6.650289967660985	15.077435619100516	6.140453805184355	7.0093703457151655
4.482945671905161	12.966899198894549	4.921125393063822	6.593369850337118
10.188727478481733	12.447811324783078	4.658428770478519	6.23183521385297
2.8049675782447823	10.75142841146699	3.339868511568085	5.7230761107802595
0.963623477571852	9.12468858081899	3.100590494640019	5.287217171745437
7.615639863497801	8.887020502953746	2.7859386572819638	4.893277205360621
1.1850902727064407	7.734388456381103	2.621055118188342	4.553228138936323
0.44055324218471803	6.694603573023679	2.2110446547357774	4.219334087671593
2.0550427559811566	6.063158828336726	2.3436521145788687	3.964053537349626
0.934431870920259	5.395387516852208	2.4515741546752285	3.7671256466066803
4.689569448006492	5.30730644600201	1.9578111384607588	3.541335175035388
2.2587232817907603	4.942038770749634	2.2005505310005193	3.3806885790134267
4.750827861678561	4.920008820604192	2.5786891550662463	3.2882835136016197
1.3717377941216116	4.5262853081143835	2.0959950780944503	3.1559851890615924
0.8562879516141222	4.1335662128079225	2.146546860408157	3.047968004791512
8.39925300869741	4.574323795613166	2.652471829968685	3.007103541914871
1.115681663740661	4.228845156844187	2.6955069501538595	2.9759786123602874
2.960128288132931	4.106194883198218	2.5057525825207687	2.9305203096000834
1.9494592071707393	3.904202773090958	2.3853072925966754	2.879457783412186
2.6754860016479407	3.792606800636877	2.062503128398236	2.8052593335945777
0.9016921847729416	3.537755815212165	1.9990604529392413	2.734188596980456
0.995465288890808	3.320031745780832	1.5711146234001268	2.634581855320614
2.750060938225368	3.2725737924941374	1.5944850246276934	2.54797846465641
1.8185021875414362	3.1547683383236578	1.6793951817279185	2.4776080042532365
0.5273507455549689	2.9474956516172006	1.6774965453869992	2.4144889928354063
0.8647852862540955	2.7874018052368013	1.5977735108677567	2.351709906879928
0.895076098221768	2.6455747570896264	1.4397661047800328	2.2833612016300213
0.20516773387190756	2.4671257830392173	1.2824209782217242	2.210169813295811
3.2993869155311595	2.5265357732291776	1.5042871969181983	2.159781680648245
1.5028673333363876	2.4551605583952916	1.5348250109847728	2.1162066539622746
1.083947660347743	2.3617233640964854	1.5053641509974116	2.074582502735593
0.9507818271547064	2.2677138835641495	1.4109938787015177	2.030368460225877
0.7121206648193945	2.166317388868776	1.2883807690510443	1.98200426918523
0.8191213497283678	2.0803716855495376	1.3876406573552633	1.9440864953022263
1.5217032321842288	2.045472795141817	1.4167132115204728	1.9111425527221435
0.9239269997523933	1.976840737037033	1.3214936906879884	1.8750596257636043
0.9392593450163231	1.9146155988124915	1.5426474104011452	1.8551244938443103
2.6446754845913767	1.9575412065128766	1.6214101683961424	1.841383476416433
1.794498743032677	1.9481395778574724	1.8653802748469066	1.8427677531794724
3.974558255743874	2.0627939503395085	1.7690956452792617	1.8386001568381074
1.6366912548256418	2.039132102100555	1.9230793649088116	1.8432920581753058
4.053578245461716	2.1489667292116885	2.0358352016454293	1.8537905843421
0.8165558317889094	2.0776160662854157	1.8365795574812496	1.8528689952379027
2.4076499998633363	2.094979444078181	1.4302745716489413	1.8306357408630918
0.418038263772156	2.008273712097817	1.1430369361156942	1.7950835102863594
0.45914061355692226	1.9295329250982687	1.1954673195693477	1.764605368523692
0.6491475955701611	1.8655363543903585	1.1731028505592591	1.7350405300183271
0.5680663387176086	1.80174884001891	1.1527133167518402	1.70641177259827
1.426551893022579	1.7836003535246934	1.2633588476547022	1.6849810487822725
0.8784999796045796	1.740514611607674	1.118924445559656	1.6580348783849788
0.803654876282657	1.6966133698080217	1.1381461684117706	1.633672779119951
0.6486109358567971	1.6482595379886038	1.1307340664559948	1.610467820129502
0.7730793193097723	1.6084910971690727	1.206903550505984	1.5921298728954256
1.668865388865465	1.6111937855672696	1.1600848204871177	1.5727905706095577
1.7591403598194	1.6177188636011115	1.3344881307465752	1.562280299542607
0.9406394198456021	1.5882889373661442	1.3669404118137476	1.5537894633402312
1.552920629907157	1.5867738592700826	1.2931014291808585	1.5426205323541886
0.7226023285425403	1.5502698841490745	1.1296956058779868	1.5251780734957143
0.8068646539995854	1.51930315916582	1.088254701521151	1.5069779712083604
0.3340135514721103	1.4706055280655144	1.03386787198695	1.4875401761173057
0.7939109676429958	1.4431794613361868	1.1697671401874383	1.4746612612902967
0.9620709670975955	1.4239401969599803	1.1975432651396436	1.463579550717737
0.6782510330491518	1.3945126743668905	1.0404688526315815	1.44688224124425
1.461383165079146	1.3971175014265431	0.9921731916411671	1.4291707585214493
0.25352714514693786	1.3531438392597241	1.025447484138276	1.4136466451476606
0.7190583793648682	1.3290702382378758	1.0154493372399154	1.3985286837830317
1.6908947767943245	1.34263537021265	1.0033041350877356	1.3837111059205287
0.5208101419995463	1.3122041284053703	1.0348630820869422	1.3707934686592624
0.895035805877131	1.2969454749962432	1.0348470409914134	1.3585056954406456
1.2311512571424985	1.294567410098149	0.9371601037142512	1.343279269606389
0.34864477957415385	1.2607914107001656	1.0096067826549202	1.33136443939064
0.7089196669573419	1.2413172884394936	1.0657130450011123	1.3219899713867056
0.9245896003809948	1.2302708113972098	1.0876400092999208	1.3138165224722962
1.2046892192355498	1.229388653469182	1.0878294824345347	1.3060252645956818
0.5715964162838358	1.2069683011128922	0.9848434559753727	1.2950779056948853
1.001977827933017	1.2000594150691946	0.8507029416358851	1.2801015212150548
0.3719386413727872	1.1724608423716214	0.8389050640438245	1.2653979149420524
0.8459907499221206	1.1617000694825852	0.9299341534016397	1.2543407001899074
0.9231347945433361	1.1539220045669856	1.07275689379538	1.2484203553354276
1.4225699009452	1.1625860470574816	0.956545859382641	1.2390064867009465
2.578896412740423	1.2077785484490398	0.9482140479939665	1.2297272738794067
0.4179519285338762	1.1828411413515516	0.7957554997791851	1.2160253406316697
0.5337914110708892	1.1625617952797769	0.835679087140377	1.2041414453261678
0.45754237021221655	1.140760762866151	0.7112390995075752	1.1888995543557646
0.19421432977036712	1.1117897264826975	0.7260894907950357	1.1747341362563506
0.5475350238835162	1.0946940510155914	0.8297728119630454	1.1642825828600203
1.9069322306927714	1.1190571641323697	0.8504202046391913	1.1548683488263816
0.5062654347208191	1.1008583432486274	0.8531284607441456	1.1459071288020892
0.5733625542373633	1.0853461622720686	0.8954936807739906	1.1385430622405268
