-1.0	-1.0	-1.0	-1.0
-1.0	-1.0	-1.0	-1.0
-1.0	-1.0	-1.0	-1.0
-1.0	-1.0	-1.0	-1.0
-1.0	-1.0	-1.0	-1.0
-1.0	-1.0	-1.0	-1.0
-1.0	-1.0	-1.0	-1.0
-0.9876999413580575	-0.9963422998350643	-0.8842722407624126	-0.9655857377291241
-1.0	-0.9973326395841986	-1.0	-0.9749035632279726
-0.9904030373061696	-0.9956107824160698	-0.9240959812975269	-0.9622789711556081
-0.990431485657104	-0.9944217789488053	-0.9367041849588791	-0.956407806881966
-0.986975338281972	-0.9928333007619318	-0.8928275629573856	-0.9428448401853473
-1.0	-0.9942609846678858	-1.0	-0.9542307654347515
-0.9961958040501753	-0.9946224973595513	-0.9601623742742559	-0.9553390609328631
-0.9897229615282025	-0.9937605642112128	-0.9302640781283585	-0.9509278353408106
-0.9969327949955618	-0.9942877909772111	-0.9692267147735515	-0.9539691201093566
-0.926800396092264	-0.9836588266968123	-0.7537630422762619	-0.9224375525989348
-0.9164530527067553	-0.9736011478357101	-0.559287367055461	-0.8680903183185004
-0.7783277869724315	-0.9457636201118594	-0.31679088486874196	-0.7894988828686076
-0.7156424479315872	-0.9144441047620333	-0.24217633169102581	-0.7150082270333169
-0.5275373724404679	-0.8640680228060985	0.015386152091335425	-0.6199093255305619
-0.6089354997667655	-0.8322290779052175	-0.10592678472104367	-0.5557674985192629
-0.6989633363464437	-0.8162616794295805	0.10803569847552574	-0.4762331935449293
-0.36760502107341586	-0.7645676629390824	0.145167550851256	-0.4046356412985791
-0.5483968328461706	-0.7405807902786963	-0.22647066519530534	-0.3848659257515713
-0.5238683390889745	-0.7173907187090911	-0.10465051652282809	-0.3548804567868423
-0.6636876295057184	-0.7118417683953602	-0.0798645738375483	-0.32646410356087285
-0.779186187091951	-0.7185687074587177	-0.33939139357566994	-0.3277554061599711
-0.736720847210159	-0.7203235273473738	-0.219615813360441	-0.3173013429033624
-0.6064505275361773	-0.709658546116847	0.09059869216132688	-0.27909875819360686
-0.47469660019111226	-0.6883185508733047	0.03938149913638256	-0.25017334363206534
-0.4568314294474797	-0.6679115507913116	0.0955042721115873	-0.21969973712139923
-0.4500601056815683	-0.6492545045290729	0.11328988071307111	-0.19118209973589018
-0.32667611188499723	-0.6223948700303543	0.2399255833191707	-0.1552856998015435
-0.24384873575818788	-0.5917258199799218	0.1644245282352812	-0.12938337990352
0.18519845820823289	-0.5304353411326282	0.27146353625560615	-0.09776107076044427
-0.354053544666304	-0.5168771763539983	0.2642112540717987	-0.0699368841468202
-0.4746137730295621	-0.5137095615460432	0.20506852257302133	-0.049325533889460815
-0.08054690683324117	-0.48203550090116887	0.3437122704827409	-0.020585475231516215
-0.37264562280441527	-0.47422681823632384	0.4366905970939501	0.01205659303452955
-0.01081241711371661	-0.4419152192845124	0.5630847171842293	0.050477072122547595
-0.07206560570111853	-0.41671294109783175	0.7457801481724378	0.09785638770661875
0.43358606336282524	-0.36005830328484634	1.0564808573569544	0.16172866484328385
0.45507538303364115	-0.30692634110516537	1.2785201562333035	0.23452326287552228
6.810887862519341	0.14716319537538602	1.6615732021405232	0.3255636456324207
0.4155886427623856	0.1639312342912176	1.637569341992151	0.4075222513572947
2.37877933488804	0.2994676587935523	1.535141116543874	0.47652633014640733
0.7576156674432717	0.326943480243606	1.3461305237226817	0.5286777701721994
0.9577232541589895	0.3640314583600657	1.1222370728844901	0.5635773555518684
1.0972737543253204	0.40631554352435906	0.9765503546222651	0.5873926070813367
0.4061844497728764	0.4063084042071228	1.0966201728670613	0.6162046966127475
2.2370062915624915	0.5079715412510966	1.0601295778440587	0.640857175363881
0.28962936566259834	0.4960671203179947	0.945756215064784	0.6574816197409774
0.23978413555283606	0.4823433190486166	0.9484443461380418	0.6730629653178803
0.5649637327864196	0.4866900100130416	0.7672396821019412	0.6780176384193985
0.47128574933229506	0.4858935062986851	0.9496056780169078	0.6920599510918122
0.5026797209987395	0.4867467486030459	1.0067042014142245	0.708052957309381
0.7331617313984637	0.4990631384626898	0.9264431816839005	0.71896861696816
1.2230440454129776	0.5346558374725774	0.8646240127024043	0.7261290861208936
0.8892275622706407	0.5518065272357697	1.057868744146269	0.7421753599320222
1.2419313031580392	0.5846590203334734	0.9781866525032916	0.7534105477791069
0.4371298918959958	0.5777457726892037	1.1494681332712746	0.7719696313210798
2.081710073822247	0.6471378776210623	1.0511028357783938	0.784848859010775
1.8621321414617786	0.7023478723630732	0.9557508525657219	0.7926147795780192
0.18179385934754633	0.6790466790003273	0.9434189321132969	0.7993653968019416
0.07038432840983377	0.6522018212513938	0.8285224806412572	0.8006512699749706
0.7461274129783277	0.65628462073875	0.737925844054699	0.7979251256601092
0.7489723498473928	0.6602557989049704	0.8073430067193395	0.798328605886969
0.6558052678525654	0.6600679979223172	0.7574466416851793	0.7966018875175449
1.2009792288670056	0.6825997565743727	0.8531006241043564	0.7989552869889782
0.4499113949507465	0.6730399203560324	0.7786581215206774	0.7981215695461403
0.8187452699755591	0.6789452633224702	0.9054920886256335	0.8024731985465134
0.7337492458252515	0.6811370461130217	0.9657940231606481	0.80900457041357
0.7579139822944112	0.6841673713716954	0.9284902064957987	0.8137203833517854
1.0965628444433064	0.70023100925746	1.0572908074972989	0.8232080342497743
0.9931199495358858	0.711493160049719	1.184479362081432	0.8370996337983281
0.7965006735032683	0.7147200960509201	0.9175948676835084	0.8401552287528564
1.072919445602889	0.7281494670394966	0.7696708948578612	0.8375126943979114
0.3838933228941994	0.7154022497336385	0.9563767057189432	0.8419142036379539
0.4834267319644143	0.7069171861738672	0.8213542101345668	0.8411621080739695
0.706652548226224	0.7069073806952579	0.9247066873541097	0.8441808534323032
0.8863986073612913	0.7133162419454508	0.9091455489195903	0.8465003646749094
0.8670567040146127	0.7187408313629462	0.9370972890811242	0.8496968180410687
0.9713604286490782	0.7275510577116051	0.9784610268075873	0.8541874102925027
1.0634062709911993	0.7391295632523676	0.9726238271411247	0.8582702723092959
0.6464961750054532	0.7359722150537191	1.0506033399706753	0.8648257166972066
1.591956084069639	0.7648192701445315	0.9119805155751981	0.8664144523660346
1.6524632628635163	0.7944014131013812	1.0939370207082546	0.8739968990021953
1.6489142743873755	0.8225663898885811	1.0882594325220203	0.8810588648450035
1.3926765384517146	0.8411532520377407	1.110991780653753	0.8885551152735467
0.5629981192440718	0.8321818547594213	1.0330528791982578	0.8932150353484201
1.2617970199133257	0.8458902963494663	0.963837480225195	0.89546839222557
1.1389302176773115	0.855142202061766	0.9748419972971256	0.8979741878033247
0.9308106388703206	0.8575063665489553	0.9642650529711034	0.9000453546387639
0.2824092379060328	0.8397229692985664	0.965659785665167	0.9020742795384113
1.3769847703179723	0.8561667765449139	0.8855009764200279	0.9015669195537022
0.8045341335898128	0.8546025280429415	0.8046609291108242	0.8986309861195865
0.4614631142896506	0.8428102024941531	0.7587057870862064	0.8944337789199373
0.7103084417891545	0.838875150847022	0.8379252446441654	0.8927555756413657
0.3317814893758442	0.8239629599758407	0.9003802886536312	0.8929796269627925
