-1.0	-1.0	-1.0	-1.0
-1.0	-1.0	-1.0	-1.0
-1.0	-1.0	-1.0	-1.0
-0.9444393438933312	-0.9729294355378285	-0.6097550030497427	-0.8098627142613268
-0.6238680348290021	-0.8260748984982464	0.30901882653064705	-0.3391351192294313
0.08572921967145142	-0.488882051111151	1.627756459967809	0.38823792693451886
-0.11245800505276482	-0.3647690482357556	1.257733919461415	0.6749245962654167
-0.23412839995790602	-0.32592017005850615	1.858183648768113	1.0267932448810342
5.752351709748603	1.3198007772650682	1.7294615083428657	1.2170439737934888
0.1996624143878254	1.041470655788042	1.739855761501219	1.3469515497701385
-0.576635013645252	0.6700042030993725	0.2626231206182468	1.0980234912639006
-0.49236793372837595	0.42204667769936366	0.17074031813844437	0.9002151762959769
-0.6358355356297465	0.2113051118258309	0.22216007941669913	0.7651392720453045
-0.566968220556453	0.0658880846069243	0.21094014957804297	0.6615895682975876
0.9306436116024135	0.21801666634621308	0.9210309563878798	0.7072304326749046
2.714849725441374	0.63299138840283	2.449337728402783	0.9967692665310446
0.9114865015235778	0.6768528119602517	2.404567042709427	1.2184905355416582
0.8670133195721783	0.7053110688321282	1.6746099640864203	1.2867507786375691
-0.012129226273799976	0.6030351364839295	0.9260135102583471	1.2353252016811407
14.195136038673137	2.4529210406665047	1.4247888374300364	1.261111151918136
-0.005378176764967657	2.1328451752653774	1.170164893295338	1.2492698705465455
-0.14417879963595837	1.8486874248383818	0.9030242794508134	1.206060789747046
0.12359234857224188	1.6419940278520042	1.335746718591197	1.2215993876967852
0.22438207362783835	1.4786578526639063	1.0429388439697171	1.2010144548830137
1.9275811276638186	1.528471783399524	0.8369453181814643	1.1606167963472087
3.4302752226383593	1.7319805594409763	1.0865499281443487	1.1526911753048306
-0.2832548779811299	1.5237545055768953	0.8744458733252303	1.1239413907109697
0.37052503983417173	1.4085600914680376	0.9217621079449316	1.1037459560143943
0.4512461768481033	1.316014419511152	0.9127083932951365	1.0852779500468719
0.7345513968649293	1.2615566967119816	0.7551450326372495	1.054358923623901
0.6028391251399403	1.2017297645257012	1.30373164019043	1.077007456135818
0.6144372075650746	1.1499566732107969	1.013377218337609	1.071398366199095
0.8660863385623678	1.1256457413001866	1.2569865210477382	1.0872922741621087
0.4976353104539919	1.073354484498338	1.1682377301267546	1.0940325330219998
0.7699069278684847	1.04876980558966	1.3133113056475327	1.1117980185746075
0.028846006374104505	0.9683096418476047	1.349764542079356	1.1305710403533888
0.3078337505090516	0.9175401031545136	1.1695117584735986	1.1335643650322886
0.5237556252945719	0.8880268152767414	1.2463986126683149	1.1420216139128185
1.178891875024823	0.9092957158674204	0.9758626826179253	1.1298717127162594
0.34102517211332173	0.8687305011879916	1.1757815988103149	1.1331487375838112
0.7224499074742439	0.8585312186645802	1.104591491755313	1.1311577480719572
2.358148455317598	0.9607179410936986	1.2757834832930062	1.14101279948104
1.3064386705413362	0.9837532773353233	1.4670784011877185	1.162738554696622
0.8218932726874686	0.9732030113808614	1.156326868317426	1.1623207113094054
0.9875741027475959	0.9741200914065029	1.4320281888505422	1.1795273387767033
0.576885679835462	0.9493055881378683	1.4833276131788886	1.1985052199959387
6.320636936826554	1.2780014532226862	1.2386494783365185	1.2009620441263267
5.931485122292712	1.5570780375023654	1.513095420717515	1.2196813545744654
2.219837383541991	1.5960465185810926	1.65321094434448	1.2451718469339292
1.8823277777613368	1.6125554113308183	1.402376113330206	1.2542373146861134
0.5215246013934876	1.5508261184093537	1.1177490593723287	1.246515380544957
1.4792367725304865	1.5468509522960385	1.2951235985114344	1.2492150136681186
0.8843899810419558	1.5107319401689403	1.541384400409672	1.2651455413083452
1.8686881095160155	1.5299008823915718	1.6716382071659481	1.2869135916352805
1.6515049064815175	1.5362981350167897	1.6202373775190493	1.3044496744530982
0.8353962282856111	1.500058258501212	1.5507796098149016	1.3171860526012167
1.0453616681830171	1.4769463367625026	1.3616384909775783	1.3194452223471296
1.0462495970670234	1.4554191861078625	1.0464550169784395	1.305800574526239
0.810616299598081	1.4237185466955946	1.2415771145282668	1.3026430312689414
1.566549934407016	1.430627516720373	1.4663193547203348	1.310560278814922
1.066317213649938	1.4132855094785617	1.5574092560952795	1.3223115052704224
3.498579294576591	1.511001683400342	1.600677839171205	1.33535554060344
2.1663695791754405	1.5412395165486439	1.5767334184621435	1.3464922572681117
1.375279115358754	1.5336981961081215	1.5951391181563905	1.3577908881091898
2.7602094919225473	1.5886005508341827	1.3196449866243296	1.3560837214397496
0.624816431986355	1.5460931117749954	1.3819593251149485	1.3572247618674749
0.7913041764605528	1.5132856798205356	1.287430372296889	1.3541910763396312
0.5899569004224967	1.4737258004670162	1.324722266803549	1.3529286989042828
1.0107063090426376	1.4541674666243214	1.3028481273242987	1.3508137152676136
0.9698836809022662	1.433994508119484	1.3245733387703642	1.3497207261599091
3.5612306049681592	1.5213919575678143	1.3644444133595082	1.3503256701747532
0.8094847720190981	1.4925386418297801	1.2557083965057578	1.3464911625208327
0.8695599649092933	1.4676262969440605	1.2714487709755091	1.3434907618019003
0.30826689355948345	1.421873629655463	1.084562101778419	1.3332725383132806
0.24736201524875523	1.3761248151652632	1.046486759427411	1.3221020280808382
1.8509073497883337	1.3943808692397996	1.0995573738631146	1.3135443812037608
0.8754211447237188	1.3746781124483198	1.0271540717782552	1.3026712768146451
3.5541807526418108	1.4563904809126975	1.1310111628968533	1.2962355228348357
3.827816443094858	1.5442003821586678	1.176093348777293	1.2917865349443822
1.0590788073387327	1.5264557745650746	1.1617197236378547	1.2870288128638556
0.3354095322434132	1.4834150322289803	1.2061859847972731	1.2841068359786707
1.0753380440503348	1.4688436150895923	1.1623955024757646	1.279760534073651
0.7792564661611352	1.4445102217355488	1.165772718629583	1.2757380465754924
0.497896692195563	1.4114957274849633	1.1728468281395754	1.2721495714894995
1.1829607781806337	1.403616391915783	1.126696474924953	1.2671345495249655
0.6713674753842973	1.3786581953946384	1.0724854576848504	1.2604998601549346
1.885668265502443	1.395745051049774	1.1336251165575026	1.2562240571678176
1.1129012182675333	1.386318841463873	1.0541448851199462	1.2494894736044229
1.2015032755283452	1.3802268636066097	1.135850764353052	1.245743542999425
1.1358341542589452	1.372258840268516	1.2377733941532032	1.2454834776340968
1.8835555615263289	1.388749048495185	1.0615897906859812	1.2395524236344082
1.1953472813335346	1.3825778209970978	0.9911796392384731	1.2316271218554924
3.029586708654378	1.4345787695607353	1.041802683502028	1.2256335366573965
0.4089948878705014	1.4025348837168607	0.9702674820512276	1.217654611500147
0.5212075646222385	1.375282119849964	0.8331100995572016	1.2057635557851802
0.8929054026440393	1.3605181895320468	0.8175631631010336	1.1938820682741187
1.120688613670052	1.35325173663405	0.8961643100164858	1.184861742203359
1.361807668229852	1.3535083172476776	1.00816513455905	1.1795616920518346
1.25573631044043	1.3506045820434274	0.9776675908013732	1.173565747959509
1.0772492540817873	1.3425661343736421	0.976375817926995	1.1677670869304433
