-1.0	-1.0	-1.0	-1.0
-1.0	-1.0	-1.0	-1.0
-1.0	-1.0	-1.0	-1.0
-1.0	-1.0	-1.0	-1.0
-1.0	-1.0	-1.0	-1.0
-1.0	-1.0	-1.0	-1.0
-0.8943392086370803	-0.965161941185639	-0.17430592022201064	-0.7277554091453627
-0.37205491695838555	-0.7887881522374759	2.216275752457232	0.14771883606039138
1.011160259293307	-0.3014437435261519	1.3184323281184311	0.46469486125970283
-0.33264858945222164	-0.3091974167067104	0.054752476663034066	0.36283312505198806
-0.4620288075943111	-0.34428276599011487	1.110921315646137	0.534570551505718
3.973825653604912	0.576857322148639	1.5317337322273898	0.7472857202607317
0.6199461123925583	0.5854410606968476	2.7034337152416006	1.1369715001527232
1.299561404165026	0.7188713965877422	3.9822069270340883	1.6685915684727148
1.6779989076175257	0.8876024641297984	5.686385487822651	2.375407555695997
9.315922763856994	2.2883948436791637	6.697192142246109	3.0936909606522383
2.6673396479478866	2.348076921824858	6.983916365901039	3.7063838883995706
8.519012872569416	3.2715881407150844	6.893267289941719	4.183316794800332
2.6929932930407863	3.189105437568058	5.492528689935653	4.369953401896668
2.581985032776209	3.106476162095926	4.653282002332718	4.408514256053479
3.579126739339932	3.168017280089126	4.4422929765193535	4.4129134860721235
4.063700364909903	3.2797933756650695	4.291673840200967	4.397784258848442
10.111018217323982	4.098282786470959	5.243222229221964	4.499081779579848
4.966810700642966	4.198354656432739	5.8309923275005655	4.652544383740762
2.614530616511443	4.022610490506395	5.95093558501144	4.796617613002603
5.85799376767887	4.219012243487452	5.403310846995583	4.861539456748629
2.8765767779403975	4.0803047293612495	5.069529717518978	4.88303167201857
5.503176614561336	4.222432944073142	3.991481160341584	4.793975746188183
1.7878070417171807	3.987071936381998	3.63218113050221	4.681662044693417
1.0784241397604508	3.7146582725567043	3.0830363424217824	4.531940530922639
1.729599300315948	3.5343687491272266	3.4151398722668995	4.430508654843603
2.2431161137091915	3.4205371228036068	3.5227754956694586	4.350486532794742
2.9679276518159288	3.381775948460912	4.627385635930208	4.37420141972788
2.340901165006949	3.295107398178869	3.914423307902063	4.335918144601498
6.807922788560918	3.579709513451185	3.586065310466931	4.27516746228376
1.9711307927472528	3.452811319250632	3.4082784658643446	4.20678012917684
2.3612392960793867	3.3689047270562176	3.5741248205318925	4.158149798415462
2.699840339422879	3.3187600749529214	3.4182808516902785	4.102698598847257
3.5281869909262085	3.334073398122362	3.391678537148845	4.050706438473012
1.3760206167027937	3.1943009844093195	3.0780718706177934	3.981276647551404
6.457347739866587	3.4218180407010843	2.5726992386745087	3.8830640591416374
2.475669933634507	3.357345770884997	3.064696778065003	3.8272990245156606
2.087540190264224	3.2727401889757317	2.7568325836651755	3.7559752857797903
1.478114888715734	3.1557629943676524	3.260844043602983	3.7237013900428364
1.4280079012376565	3.045539038607968	2.5915252264096544	3.6514732191280928
1.6507574860454879	2.9584098568044124	2.719023915351481	3.593225226847312
4.850084681356741	3.0741699582993194	2.574454717091339	3.530882401900235
2.09301463508611	3.015328995873679	3.2114387324380385	3.5117253223519915
3.163408451595207	3.024035922682711	4.146549665826874	3.549051170288333
2.7765363841887374	3.009764158642864	3.780262025122739	3.562385120092194
3.158047786159335	3.0181543963837436	3.8161858085152325	3.5767455008132156
8.141006987641772	3.3026390183751193	3.5752927224058135	3.5766657246027087
2.893614796005491	3.280338584467753	3.7397899343516023	3.5855607721767466
3.639717015762381	3.299583949611126	3.7322977229599426	3.593419182596379
3.9471966392548694	3.3336549767346275	3.457409805820798	3.5862629981351697
2.301078641966767	3.2802659284711853	2.753373855633604	3.543198688022586
2.2334118418310793	3.2270558213204357	2.877795970175825	3.5093773237732053
2.4702514755986438	3.1892291210833514	3.1074011567522364	3.4892856726634145
1.5418761330144082	3.108239553871597	2.819091799879924	3.4563360868799755
2.9878991486020077	3.10241922467066	3.929421281042937	3.4792202666427894
3.607891343510903	3.1264813990728735	3.8197682579769623	3.495431523813103
2.2500430824600945	3.085411472142513	3.7324507552204214	3.5065378958475426
3.1203727834802395	3.0870253384968045	4.047076369125046	3.5314788757856883
2.8148270065565457	3.074656819267699	4.317693532680383	3.567205265801589
19.97900479575254	3.8313387076923737	4.259839260538754	3.598209293028413
3.5885539379230655	3.82063048635975	4.166129738418094	3.623256858974922
4.939331116420572	3.8692564212072424	3.676503812855654	3.6255719465252474
4.774601893192791	3.9080465858021425	3.3472238582195066	3.6136465986527586
1.837682693874675	3.820590706687426	2.7790297953289516	3.578390917356737
0.9412435044821355	3.700650846323751	2.4146128252766283	3.529913968924016
1.3863114434894719	3.6055666143518694	2.4839517360983656	3.4869411016684007
1.9995806707332364	3.540476379898884	2.4550501776883724	3.445118973035745
2.2820980183494513	3.4901541983265396	2.3703266024007927	3.4021383570367423
1.5039762566799757	3.4117726433950812	2.3938611005964296	3.3623486717846287
6.744053336500466	3.541570665034617	2.4967975138589704	3.328634554981127
2.452507326463111	3.4996937762767955	2.700784273317535	3.3044923566029247
1.7610983744317097	3.4336867073761477	2.9241975979896773	3.290054081015068
1.4122965902463744	3.357901882569153	2.855144937300081	3.2737482851642286
2.4788283212453175	3.3253513759591105	2.7956474555003807	3.25604526342085
3.702799985715769	3.33915747544422	2.9753712505693124	3.2457790868337577
4.755427880453345	3.3903353315041347	3.285605619920913	3.2472172638574452
2.7005831446605044	3.365706324678099	3.1138318038492914	3.2424541606087436
3.2704398779454493	3.3623442324875983	3.1162161108458637	3.2379992022235573
2.180280423442167	3.3211172153067103	3.166330433153667	3.235498529208094
2.1545664649875764	3.2808994520896926	3.2288893308586832	3.2352704733736655
3.580698316167246	3.291117350731894	3.275027159317238	3.236625121275903
2.9736910267446497	3.2804192413014386	3.284464353625178	3.238236845994037
3.4904803828725415	3.287418841065686	3.3549093544976767	3.2421241333062634
3.6950587036507683	3.3008549442028174	2.961242731755061	3.2328661069562896
2.62774673152381	3.2789093750933596	2.999464390780977	3.225256014672322
4.406392891171793	3.3152719688305226	3.1854405792205505	3.223971077491722
4.438666081090561	3.351118328214569	3.3515550094996662	3.2280421202362986
2.671310875501516	3.3296544194103257	3.120311257342994	3.2246404877527617
5.6738875604363495	3.4028980145113223	2.733350591248888	3.2092900847037686
2.671640573500339	3.3802851845190283	2.9597989510991343	3.2015745730044607
2.2313201661605637	3.3451188377103476	2.793022548550782	3.189069987968531
2.3396787189836306	3.314655838414426	2.4654731994849715	3.167146222290457
4.081219575666649	3.337648108846831	2.5084214913675043	3.1473872863985077
2.501203630499203	3.3128072442599157	2.3723099485973855	3.124368909101645
1.6092983840575972	3.262712325147498	2.3886341345923467	3.1027332839278685
