-1.0	-1.0	-1.0	-1.0
-1.0	-1.0	-1.0	-1.0
-0.9107927542118416	-0.9485219423668997	-0.22753589445942768	-0.5542407862367014
-1.0	-0.9736033603397825	-1.0	-0.7714260039725005
-0.8804996802853957	-0.9344334686735247	-0.3705439051051307	-0.6027698458902487
-0.9079782904285261	-0.9246501189856327	-0.548719589387372	-0.5827816080843865
-0.9214678674888853	-0.9236008790661536	-0.49109876402892094	-0.5525523027265936
-0.9322081131229221	-0.9261604483932906	-0.4713887428963647	-0.5284165713812665
-0.9904104842704139	-0.9435564527090932	-0.894153881084682	-0.6274417011643476
-0.4561632973068326	-0.8224498051810616	1.0802476344329284	-0.20311787811300552
-0.2449644511889475	-0.6898773304081978	1.8188920807420397	0.2610719967278261
1.08516032759939	-0.3112259973478321	1.7536252602137279	0.5794636479471822
3.1844937828181497	0.38515904920074084	2.5681125780611653	0.9756239152734467
0.164783710262282	0.34398284261722223	1.8204864073449012	1.1334828056874087
0.04821164049349003	0.291950203890581	1.6677215877368523	1.2274664649053775
0.3134165233374704	0.29551770648463616	1.8464151988235762	1.3303356991215787
7.088138153532054	1.365325054702697	1.1245087491347565	1.297918942803895
-0.24297859057155535	1.1246343259074938	0.5936647866894007	1.1925236365806446
1.2126270109940935	1.1371784343726885	1.4915286149662834	1.235148973887061
0.9917083865385816	1.1173799108562683	1.3000899617079367	1.2439874087741627
0.14995589883008398	0.9914193062170229	1.049824943513999	1.2187072318241436
0.27267064856859924	0.9017243907179033	1.3822567900178058	1.2391176211369959
0.016038363137821365	0.7956053732691692	1.0279447945367308	1.2138159600587461
0.7452787169370845	0.7898071196509471	1.4559218285381448	1.2417117296513602
0.6127785250990005	0.7701638036503362	1.7824440857790913	1.3017128782844147
0.45330930475062314	0.7362580924164852	1.5492446258743988	1.3282013296935835
3.942030116612738	1.06749785766121	2.063570821260911	1.4041842794553965
1.7427343274233	1.134946185996613	2.312145198416763	1.494879099347456
1.8703899657630934	1.206042975173259	2.2895280579638655	1.57169935481688
2.117089515851896	1.2913683395266076	2.9214249649272976	1.6981098464851017
2.548136973995271	1.4055124840862034	2.57999258501034	1.7782057095024948
4.604743002242909	1.6875446828339467	2.6441755139408385	1.854546759895543
1.3076598333864422	1.6550109412616938	2.182513730454426	1.8826340567711348
1.6694805076708774	1.6562159222479313	2.5558555373195055	1.9386902644044461
9.67234237947831	2.3056670006636746	2.366009811944568	1.9733113119576213
2.800255589812609	2.344685115447827	2.1985319942273978	1.9910792770966435
0.635860292769002	2.213330947402916	2.0643282242926424	1.996709820234046
2.2402814669816355	2.215351226704397	2.0429270132009303	2.0001740876632166
6.747285645953428	2.5467371063792017	1.4489463066550323	1.9598665295742959
0.5743234019085175	2.4059392970458697	1.6506520416631227	1.937793495079068
1.3759305273814868	2.3341219073427015	1.602329593714198	1.9144032611670663
0.3462624569475674	2.1986654594094093	1.4071121988253599	1.8798355788718326
2.952260600136891	2.248877321208347	1.242066720231104	1.8373419749571842
3.3181783442408133	2.318576374904876	1.4906733508152517	1.8147454875071398
2.8728205934911704	2.353935252180824	1.5073263753065747	1.7951334516100714
0.9050021482062405	2.26342314118766	1.4848266554000782	1.7757493178221524
1.4630260641916886	2.2144437978535443	1.5638508469933754	1.762782782887078
1.2257871644344553	2.155153126209148	1.4388811132565507	1.7433584414306584
0.8254520911619214	2.0769715704116054	1.5563497351749493	1.7323630469446005
1.0004718532584462	2.0148938247592016	1.2082638303526765	1.7021403078847195
3.6429754966988455	2.1070100965501517	1.5241926713720324	1.692072587973147
1.951449104321481	2.098372047579808	1.7729850910751512	1.6965663765032946
1.167281677945244	2.047606313002943	1.5163901558779065	1.6867428328779432
1.5678508273654943	2.0219155629424677	1.3991156980411086	1.6713405577328282
1.481243579401227	1.9934701637781354	1.3227896483180746	1.6530028740591303
1.9201134713184596	1.9896774393078536	1.4363355342744848	1.64180030178182
0.82791188398218	1.9306262089273782	1.43346804565796	1.6312108735728144
1.1034562643309331	1.8892825153273907	1.3090148692089079	1.6151068342200325
1.0123153280195312	1.8461680708698598	1.2537113022835071	1.5973395245721815
0.6547884789725491	1.788540337391363	1.279278165893643	1.581954750337287
5.010577848681184	1.941919947829175	1.2969392416863252	1.5683871809765182
1.4893764595093177	1.9207137480968317	1.2044255393499284	1.5513319204226503
0.6097995847637869	1.8602291712957904	1.3517205208875787	1.5421219859558053
1.3039383940793154	1.8349511212043041	1.0721591383723688	1.5207667112773722
0.7533165577703675	1.7865345292043218	1.3599031803354231	1.5135662520157238
0.5723258976756878	1.7329825509445285	1.157345486118265	1.4978555553976531
0.7884301211244895	1.6919271531517603	1.047657543944983	1.4782876381411394
0.6999887914378575	1.649427932446681	0.9515680553719377	1.4557207747048748
0.6503393627963796	1.6072245390832696	0.9077317615549994	1.4325726272277768
0.30313383316633313	1.5529021768600209	0.8308750232379944	1.407508695857966
0.3887310081835804	1.5050723342121541	0.7893937096642332	1.3821135724765257
-0.0605187872771642	1.441619065821663	0.7750024832832565	1.3575075597284711
0.8187873513932051	1.4167123557851093	0.8706631515798489	1.338038957455006
0.9928174329284118	1.3999842408575578	0.912255060928002	1.3212362808300946
2.4480540197972274	1.440808754230682	1.031667939106908	1.3099575603466072
0.37022744375480676	1.3996424116280712	0.9690986395190482	1.29685066553813
0.8501464251123041	1.3787802906326871	0.8883167844346387	1.2813402664068856
1.1013133148670633	1.3683776302903699	0.9026979789530702	1.2671444197056139
0.824649335710415	1.348244193921004	0.7641979630305824	1.2485210753651037
0.8756098768343206	1.3309567453798485	0.7147292972524131	1.228996645123273
1.0250924687884315	1.3199034441853787	0.8531996505250106	1.2154162458682114
0.9560683516310162	1.306912023187325	0.9915107912679679	1.207421228313407
1.4623351441105141	1.3123960306218119	0.8286963698261276	1.1940570536133643
0.5839206442889324	1.286989296110046	0.9708130241482389	1.1862709542767256
0.914753673691554	1.2741557755322428	1.1661126512433433	1.1855754749191423
1.7005924689450032	1.2886899327888264	1.1547311702602525	1.1845237654542462
1.8440483393929914	1.3074055632638566	1.0081753366396136	1.1785802033197719
1.5791648929503097	1.3164620207483253	1.068237535813973	1.1749025041854249
0.6798498703125455	1.2954786647756573	0.991187345620169	1.1688469045461543
3.734725704266457	1.3750040533481336	0.9369005914913022	1.1612848009016155
1.1152832383945408	1.3666275462798305	1.042399676900255	1.1574505308656033
0.9236981725987923	1.3524940586800596	0.9884092046298087	1.1520565404889713
1.0001247257880306	1.3413687190175638	1.1225248934171579	1.151124232209253
0.803041981888327	1.3245487869899195	1.0263675372735164	1.147226026794066
0.7601757871282808	1.3070968906379363	0.9946581615516477	1.1425081114401086
1.1977981816504055	1.3037514292955565	1.0080589467677123	1.138392885871049
2.0211393213499593	1.32548645549251	0.9348378091669249	1.132225424672586
0.5254541892087978	1.3014894642723425	0.9461085396511553	1.1266427690521006
1.1183411578602964	1.2960502276257664	0.9304144861840655	1.1208150910918828
1.13209556391155	1.2912288214099847	0.8115711313085832	1.111721171403151
