-1.0	-1.0	-1.0	-1.0
0.4572780554154223	0.02331492779252775	0.8641339084211468	0.30901309383115283
-0.5769973378301692	-0.3231021593757325	1.558397223778392	1.0299843760369765
-0.36802077761921315	-0.34498759541323276	-0.028894322188421473	0.5140718498894674
-0.45874295557773925	-0.3928458541464602	0.4332692462025598	0.48007730605219434
-0.16047806316731172	-0.3069143032728011	0.2143938646156287	0.38182521510360834
-0.5146231024466028	-0.3753992592577182	0.4747939545868083	0.4124783728863639
0.18824230380353502	-0.20778767973656254	1.4072908627516862	0.7083083753394543
-0.5059416342734877	-0.2885143227500957	0.7528089434154037	0.7203569775672136
0.8599542511163447	-0.0031448817844152988	0.9736324285593481	0.7832902559297212
1.5079826287285387	0.34376241358669857	1.5135805734840444	0.9509417877688118
2.1724527958120774	0.7338587130801391	1.0013323231370652	0.9616908710436103
6.410339755814623	1.8646742961520237	1.2592424009625192	1.0209661182526184
0.23247584403073374	1.5597049673373622	0.7515195700191677	0.9706211249380547
-0.023548315120121677	1.2811767187612135	0.7308305746943471	0.9284366697137374
-0.3351994564416031	1.0125338730997835	0.629410955728448	0.8787383167751237
-0.09378971071110376	0.8382927929132804	0.8496336354644574	0.8741542559016484
0.3270920639993218	0.7617889441153751	0.9446033685414397	0.8846971499760665
-0.07968111538399347	0.6418317675568392	0.7295723298099088	0.8625830467354463
-0.008356992426579946	0.553340964147718	0.6970542524484693	0.8400544825269047
0.6413771082398025	0.5648036188517915	0.9115520576448781	0.849363805270525
-0.07946501253153104	0.48440314003490514	0.964680239752308	0.8637546804837326
-0.09158975722201834	0.41539024269673885	0.9374638310996863	0.8725864057858281
1.691483199445385	0.5624211492448403	1.1655471429817563	0.9063414093871685
1.7986822454668197	0.6995997792401609	1.5049902722419577	0.9727691375366103
0.4220406823022105	0.6698988544861413	1.0994856667820718	0.9863290804705187
1.1355227375550347	0.7180100177946893	1.0859088262738057	0.9966183815370564
0.36593833813956356	0.6828421352803711	1.2056722783277385	1.017500522671046
1.5698141089428672	0.7685879599381233	1.2363656295927687	1.0386589204630012
0.5532886128674137	0.7484239035063829	1.0666165153178353	1.04127749676692
0.9181142557676425	0.7638358499451929	1.109318740147374	1.0474573742300537
0.5532909500659213	0.745275178292033	0.9102545705897633	1.0353622695568125
0.16984232398766452	0.695994744700345	1.1511843855428099	1.0452816555896725
1.167468755594963	0.7352523487378038	1.384703737852079	1.073543935481538
4.427954564867052	1.034427259177749	1.541695113388347	1.111472583031313
0.4723202254885286	0.9900834548364561	1.3359376069109774	1.1291802471959254
1.7361761151923503	1.0474344051813742	1.3878416134583489	1.1490632357587196
1.3516477230481372	1.0702353705861727	1.11833530361283	1.146760751799654
0.3231230258435782	1.015604538115321	0.941326879497995	1.1317388634753365
0.2724536944157272	0.9625559426283368	0.9578558081281274	1.1193265928860923
1.08051367881299	0.9707806544817166	1.223785650189949	1.1266101163614346
0.9247836602311743	0.9676464660019803	1.0106451426640919	1.1187081835652104
0.8790974594312972	0.9617465845632032	1.034531630454718	1.1130996387829821
1.5297218188566237	0.9987682594467171	1.2685021409172554	1.1232290579588988
2.4707812568495844	1.092677203920116	1.2905647515165533	1.1339045164121861
1.14131794213159	1.0957157163515285	1.1967982726234747	1.1378333895705133
0.9280936558329054	1.085458555822862	0.9945791905220469	1.1290674170288653
0.7149249926604024	1.0632374613822049	1.0008490143860405	1.1213783561854034
0.5626912645768312	1.0338075136449376	0.9936612887290901	1.1138695003018908
0.7412350419149669	1.0169361492317366	0.8284380425566582	1.097409945829412
0.14066384104163498	0.9673576015316385	0.7446794980362588	1.0774530787382068
0.14359627490472082	0.9216125409794382	0.7004440423317391	1.056517187468799
0.13354928398167387	0.8786450814436519	0.7967977442137333	1.0423567738822288
0.7994656320659792	0.8744051982120631	0.783545453688973	1.0284975889418284
0.4391834378937707	0.8515074612802933	0.8795028191475056	1.0206585246990825
0.7748894618380988	0.8475457107770903	0.7626446158690068	1.0073177699208444
0.5444620427625624	0.8321401441875129	0.6047326816741792	0.9868546609377415
0.08395488332743528	0.7947441221524774	0.5422391961284101	0.9646316270823676
0.19589606047315744	0.765302735605796	0.4684417217497947	0.9402372113701636
0.7281830485181064	0.7635070673861482	0.4853109235371904	0.9182320017547265
0.1135941323576708	0.7325689571493779	0.6093552704860357	0.9035282446228909
0.2530744409908141	0.7101001489441459	0.6516615483466253	0.8917260953325756
0.57452267796066	0.7038448309169902	0.6482512254855499	0.880492480616601
0.09454303306398115	0.6761579724900708	0.6633171664567554	0.8706240910017606
0.5844354231091229	0.6720524654607254	0.5362055755770894	0.8556548812809504
0.1670107111112864	0.6497779904479926	0.48766831246043996	0.8394252209531199
0.6793929633016977	0.6510654974622287	0.5039775755608051	0.8248450055828074
0.13047399804960635	0.6287608629560604	0.5330773359506344	0.8123443684459406
0.3487909800209623	0.6169346038212731	0.647735177667192	0.8053911918234251
0.352772755740699	0.6059309325211619	0.7218112490696709	0.8019097463103131
1.253866605343386	0.6325514533593086	0.7306206847642587	0.7989809230057956
0.2925941205990408	0.6187731974403408	0.7752561204318447	0.7980196396006882
1.169997585772363	0.6408166279897323	0.7573880188624786	0.7963948623824051
0.7636276784815434	0.6456633424935201	0.8312840124717595	0.7977718499693016
1.3717997421330015	0.6739476118106724	0.9326783309179771	0.8030268129803599
1.15186117895699	0.6923242163396361	0.8682675202838963	0.8055352454562972
0.476559211177237	0.684132406658041	0.864609336345592	0.8077778561973832
0.9199163163451245	0.6929719580911236	0.8244945574852209	0.8084043105338197
1.8468941565175232	0.7356998327370017	0.8347322404187514	0.8093790462317747
0.8239442439070923	0.7389274393177516	0.7245673814531839	0.806276758650569
0.2760517137446943	0.7222005556646054	0.6514662055024338	0.8006822737503834
0.857402243089421	0.7270278721378451	0.5609882311544121	0.7921233974359381
0.44828136414297415	0.7171916619809391	0.48230482880116243	0.781190755102297
0.20805200478089847	0.6994345373791253	0.4085530840799785	0.7681943064022425
0.14077594973734664	0.680174271510531	0.45175239537543943	0.7572845840541649
0.18268380449754962	0.6632176731011232	0.4077828397257648	0.7453720108151618
0.31719784444366894	0.6515562112366915	0.4923433561395023	0.7368444332033586
-0.0023588263755188743	0.6297632201901686	0.45678506590894186	0.7275108140187103
0.24534613177411968	0.6170924774074842	0.4407548345471901	0.7180590324967906
0.19272469019584326	0.603256920367532	0.4202323577479139	0.7083490130358299
1.381737502625365	0.628364230561997	0.5021043085608652	0.7016970295133249
0.2937436294677791	0.6176866962859848	0.5170832728964874	0.6958060458125188
0.503324070445184	0.6140759580348527	0.6045676595359093	0.6929254182039855
0.5639355525369729	0.6125092630579207	0.624533489308918	0.6907884616433679
0.6440657587421075	0.613485193174371	0.592861255841955	0.6877604422835548
0.7931175894682265	0.618982931462309	0.6826909035133566	0.6876050367676831
0.13109108120726454	0.6042010498673822	0.5807524584929913	0.6843679004849021
0.3654166330318591	0.5970386613481564	0.5238984404688989	0.679554556970833
0.5136953864830824	0.5945636253047899	0.5274696731495956	0.6750380314074484
0.3567472044912747	0.5875701331337608	0.5686964148560594	0.6719108048810805
