3.3702758368235424	2.8157145025978902	7.500750003201826	6.422056703348072
3.516546519704556	3.307845344209867	4.508152085797436	5.078093872568648
-0.09052406728945595	1.3467773278246558	3.0497663444214034	3.9076240599064986
-0.5006332682351077	0.446671930761408	0.9676078371079795	2.4751734231658955
1.4815418600825825	0.8820547569199204	1.9700218293418725	2.2626499100210675
-0.029138603407599994	0.5450875054977546	1.3659102936312908	1.9310275912596921
-0.04194217377675702	0.35153432883719726	1.3122639388374657	1.7270110795374185
0.6999689671828606	0.45514928825203693	2.879858046959466	2.069836330288821
2.3543802155914477	0.969375192149529	2.6069470141745277	2.2152616936075287
2.1013099548484115	1.2506367815837338	2.2263657084616204	2.2180210671349174
0.950462019595824	1.1817258507936543	1.4630820276916494	2.044710447420146
0.43473117600346667	1.022376689303544	1.855183154934899	2.0042802882114885
0.8469167420984662	0.9874234202542655	2.0260328745409337	2.008614044434537
5.169713164393108	1.7688671720476545	2.2435645183278026	2.0525139729152997
2.835917347154438	1.9565838763732808	1.9224374203801466	2.0296305147274443
2.6116673152640613	2.0654589473595926	1.7266309312664605	1.9792715977564215
0.48234801000484273	1.8161260841745612	1.096579653269591	1.8402515605572414
-0.08238700952005062	1.532004140469391	1.140061984854161	1.73546469499016
-0.12393832947305983	1.2959385569104578	1.1242630278176442	1.6483339382698645
1.5882356236162032	1.3357198209027001	0.7789421052522134	1.5300093465323754
1.3968891794964473	1.343684365197194	0.43287160102014854	1.3871597147788326
-0.37439426724143665	1.1292793436752886	0.4273572167775552	1.2673826742686574
0.07312064617032576	1.002735037694423	0.5720559467768174	1.1840717503639282
-0.28656569212877225	0.8541827451082031	0.47985475046249526	1.1029324993067005
0.25930936725951903	0.7881744532823189	0.45102208546953193	1.0305952782849443
1.373566548989365	0.8508168655884558	0.4150977634278774	0.9647324298642768
0.16196811982410209	0.7796412171648524	0.300826758024592	0.8961340846943195
-0.04569831491286913	0.6971992759745402	0.34095552809538465	0.8406781231128022
-0.26748238787192435	0.6039413743387347	0.41888943134074386	0.7999029506575288
0.1201383188160925	0.5586300846943275	0.13855218104959666	0.7379631653168768
-0.16226859271042726	0.4931558742432163	0.22426632506142075	0.6913076693555715
-0.34149105239483113	0.4195768021792303	0.2309076815592921	0.6507206971223711
0.9103330279839372	0.46160566194871633	0.27484587846828257	0.6185304803813898
0.5207391729385793	0.46652949373106734	0.6533305234322475	0.6214281843068084
0.9124990271067854	0.5026611385322799	0.5535611568298451	0.6159298641694586
0.6975628746033609	0.5180367805954986	0.5487625434501573	0.6106312611103
0.43736119216790637	0.5118355160146038	0.3030674390253616	0.5869895090294148
-0.42194001625493427	0.4418503705692347	0.14821195468146686	0.5541038467427877
0.29009847141455736	0.43075367800684594	0.38686882642057663	0.541874973063875
0.655586434680073	0.44680287447165257	0.4233163401380926	0.5334117319482996
-0.08139844863335066	0.40997401725608995	0.3526521692814131	0.5208082552571893
-0.05354375437531311	0.378389027508927	0.22861195978577453	0.5008974305265352
0.08786388690755742	0.3590315466725622	0.3187249179054623	0.4887593639516099
-0.16010984646019522	0.3251928973330558	0.3691638068972658	0.48096382199063226
0.22963959688951463	0.3190971775503366	0.4478938965299657	0.47885434221700596
-0.3033710573523365	0.28021281152039257	0.3955930973308375	0.4736533716243081
0.5123727382571728	0.294420001306138	0.43983109451397984	0.4715839379091251
0.16279866690038047	0.28652672848582217	0.28289142260680267	0.4602680514861326
-0.05775284109246326	0.26628450745205545	0.21724904959717772	0.4459796314640625
-0.29291275555246266	0.23403770359486797	0.19118723789144298	0.4312868693808638
0.24985461741971648	0.23493282831410878	0.3460664712200505	0.4264654030948021
-0.22001113238101155	0.20966899816161577	0.27342487737369003	0.4179670151936339
-0.07242633596436543	0.19428848268696597	0.1929431447612182	0.4056982678274148
-0.0877596307470827	0.17918502488644772	0.2510080815696063	0.3974149255663577
0.7616639857929588	0.20982986713815888	0.3465460760555208	0.3947386115898992
0.3395896266779863	0.21653896813016504	0.4377383683557323	0.39696181420110377
0.13303667397215113	0.212294593106781	0.48233962715346634	0.4013013898216653
0.6550484669972423	0.23442428426039252	0.5142741276893459	0.4069479355551675
0.8630323706546328	0.26532850389296936	0.5219678154284761	0.4126025623525298
0.011088552141060859	0.2530306656934347	0.4528736055017968	0.41455036283709235
1.451015451452581	0.31005861789505107	0.4073433187173716	0.41420729108998566
0.25297921419986524	0.3073838691008721	0.4603787117447675	0.41637085158065457
0.42314802712162947	0.3127250775242889	0.3661837841221538	0.4140552014612999
0.31952862530673287	0.3130342572867375	0.42675646055051675	0.414632377927469
0.4925501775501657	0.3210698794182121	0.3378818403265331	0.4111968513747464
-0.031768236318032606	0.30550809645143095	0.3388351293795542	0.40800536563521184
0.15903395454219127	0.299141488152729	0.44605612640447423	0.4096592546052755
1.9184645744951836	0.3685214547551243	0.45445066973350823	0.4115783738127683
0.2965980070842753	0.36548330327040723	0.5605361961245179	0.4178706509970096
0.4831866811548513	0.37038630053849286	0.5570021583652855	0.4236662456294267
0.9002676461662638	0.39215651556502307	0.6434269976775728	0.43269516052595747
1.5298783044941322	0.43826837981911826	0.6910868426830536	0.44316778925081546
0.7956445325157337	0.452559739658833	0.7950577279467685	0.45723975661795957
1.1767460837147508	0.48113896344411766	0.6006164180575924	0.4628980050485487
0.4882841786989234	0.4814173533359811	0.6201730757729385	0.4690241789622238
0.6953070305976017	0.4896420804958743	0.6596181849313716	0.4763531309399047
0.5286780504630837	0.49112415487197314	0.5735962827971077	0.4800450828464513
0.26399540300625723	0.48260885808838383	0.5614740143100907	0.48309802300841365
0.8458751306082533	0.49606025736035786	0.5335665268273446	0.4849669355277222
0.4426423324361686	0.4941065600140162	0.5755284850205196	0.48827961588648194
0.3315723637852297	0.4882329614711727	0.4917529969098138	0.48840495051200716
1.16200621731126	0.5122907447267717	0.5495241012829353	0.4905870611369114
0.7464610461244263	0.5205537466339873	0.6185162674701474	0.49510118036368533
0.5671158388002413	0.5221774452068	0.595918178245818	0.4986170920537758
0.3526810337597466	0.5163337871130445	0.5608697900059822	0.5007631148859308
0.2336059688223986	0.506697212565147	0.508882078315587	0.5010397485496338
0.7333662036699007	0.514336111651605	0.4719709484729424	0.5000600048147334
0.4527526298338995	0.5122835879108314	0.6062583636478149	0.5035990984446346
0.885986512275446	0.5246009627868071	0.6890657020553816	0.5097120900119259
2.874239697864528	0.6012048933999934	0.7316633896955742	0.5169481780501277
0.7991541842981027	0.6075889703295607	0.6964267830875837	0.5227365486510389
1.231273327002469	0.627489974964365	0.7174708884415228	0.528950214043743
0.5882098564927472	0.6262496429125839	0.5413359462388387	0.5293411432084647
0.5109280284869908	0.6226463919603271	0.5105776355399563	0.5287547940038275
0.14760118908379583	0.6079567783956001	0.46424391627550854	0.5267598606380135
1.0078113462254397	0.6201950520064803	0.38713445733403207	0.5224863219441265
0.43394903878991453	0.6145521209974247	0.3308300767348116	0.5166794781549005
0.33778134321393005	0.6062503802047363	0.34173457901769266	0.5114319984618381
0.02398841623186354	0.5889583205539106	0.3336738992602948	0.5061528989138235
0.2664911881984373	0.5794755290477172	0.2391444840261756	0.4983009790284372
