-1.0	-1.0	-1.0	-1.0
0.10014985678719635	-0.22746401734873622	3.2349667096027988	1.9738350173972985
1.4542288927948945	0.7429760326682988	5.10281415338368	3.7794480102273322
2.59176298173916	1.6437522302754393	2.4416285789837113	3.127628584260062
1.1389034989936264	1.4313562412257608	1.6640997403314723	2.5119039063512374
-0.5820169438878755	0.6867935034741988	1.291991197623922	2.060769388911496
-0.0489424818919586	0.44420959812582295	0.6273649667948207	1.5881530513071493
0.361248005453334	0.4195388516023395	1.7593191085718956	1.6390527015400012
2.0193204343384283	0.8526869049971171	0.015424749614620925	1.1994475509997038
-0.6149108446721094	0.4880205900464314	0.17392050830312322	0.9446262962871466
-0.7111958147756565	0.21271803897134012	-0.06186472411787525	0.7135674007564665
0.7967093573607655	0.33729514628699153	0.13954116357861035	0.5911159446203682
0.26305588633320975	0.32250582093813507	0.036386030826180304	0.4806077018328103
-0.43244058490537773	0.1814473632961231	0.0011992752271186014	0.39103236777422956
-0.7607276618054513	0.01569855707336454	-0.14616648146117006	0.29652743249385627
-0.1592872649166407	-0.01338431569514864	0.24933098267880727	0.2886831860538648
-0.25237908935379705	-0.051025049178787585	0.04022193212380176	0.24955147235900177
0.111679118834211	-0.02667568878140536	0.4042226594673364	0.27269862328477346
0.08887402915502274	-0.010203177590187296	0.5054288271359113	0.30587604274253466
-0.18125668246153215	-0.033483655842672655	0.28513132868676583	0.30305256183029616
0.24462695835726822	0.0027270723964971655	0.47223093942163463	0.325080097128833
-0.5234377364344605	-0.06293479469192609	0.14163082398379134	0.302187020477517
-0.2706720430631243	-0.08782488957056822	-0.04143847844622439	0.2610154071776718
-0.354806663912847	-0.11858626054867816	0.2509289821883267	0.25985343271154493
-0.09626016239100421	-0.1161087602808124	0.2627919756034811	0.2601797053866868
0.09262541196609009	-0.09377233945905683	0.4231992237850384	0.2776243341838134
-0.02502436786899087	-0.08666862720531454	0.6288097306733531	0.3139113385173731
0.44196243616245723	-0.03386475458796623	1.0686551026214008	0.38930114295312634
1.3656680106598245	0.1014313630022512	1.197803628945369	0.46746102342785756
4.127496130510588	0.4784992352693298	1.340706738147606	0.5492465064385881
0.392398178146403	0.4706792656535641	1.172729749152325	0.605873154513709
1.5689551656129357	0.567499325134236	0.9030048660890062	0.6320674621871654
0.812057431838151	0.5884436520844896	1.1666921747530448	0.677853382289769
1.872645982197107	0.6953736557748209	0.8658935179302658	0.6935109376765105
0.6829513062075663	0.6943672797067841	0.6207944261338321	0.687619655747381
-0.10209715180811985	0.631535554727142	0.7076417395287391	0.6891994607288847
-0.07288253922460441	0.5773882704211977	0.5102159143440101	0.675441368025623
0.051314949487200945	0.5379600127233422	0.6515513891653666	0.6736511945902439
0.7507791913824569	0.5535220598024453	0.53784238564231	0.663720629770828
-0.0904424059201685	0.5075536091785258	0.3804939729959742	0.643502854591615
0.11251071434264537	0.48000928381120866	0.16102532741073317	0.6098621496956216
-0.017214380268505858	0.44612741842403825	0.1579136649778463	0.5790654017010044
-0.39263099154694026	0.3902418060176749	0.06531465879458431	0.544834765448706
0.5771155016755489	0.40242253800490957	0.11077984120062956	0.5165422303650669
-0.060950822984613184	0.3728611954799048	0.14081800429266633	0.4925725935241556
0.03842683061090413	0.3519698495979231	0.10728684538061062	0.46850466430906623
-0.44713380765258626	0.3030692498569012	-0.017880450445244223	0.43874069647601766
-0.03830608623274678	0.28259670114829794	-0.07863461237404201	0.40771317397384066
-0.12681261721709935	0.2585249823910549	0.03231393795747417	0.3856411351140214
-0.36763512517144825	0.2224166661707947	-0.08445349366275512	0.35853262071554726
-0.34763013104959695	0.190163949498517	-0.08297286175317475	0.33355269003853816
-0.45123263842258987	0.15454595621554446	-0.09403723701556532	0.3098079064044208
-0.46809668285975836	0.1205976592715734	-0.1521296881183103	0.2846218070877835
-0.508413015437563	0.08691411032534346	-0.20842584109745765	0.25821910036181595
-0.4596491726723546	0.05815862892360224	-0.22440041888954443	0.23282771118320356
-0.5607980775251766	0.02615564691195571	-0.26854051614879004	0.20690455467904756
-0.5525678879518727	-0.0032601881189742166	-0.213651111480059	0.18552817491650808
-0.44157291037266166	-0.025167943521863356	-0.19291930549384528	0.1666126240545509
-0.4892080403269057	-0.047981581205025714	-0.19691354105324954	0.14874059107799775
-0.5164704062454457	-0.07064274321600639	-0.13905981133938383	0.13481938825193573
-0.3774468153558125	-0.0852476280220219	-0.11823702547761439	0.12277305651790016
-0.05320139622401865	-0.08374594035604932	-0.11439703171080506	0.11165932193904582
-0.39661439993575964	-0.09818140477160953	-0.029462922486539922	0.10514812150024189
-0.1992960358056607	-0.10277617101768355	-0.006044478038019996	0.10009539084753238
-0.2589004831091739	-0.10976470452163434	0.021797446914571417	0.09659056283597889
0.5432992726789023	-0.0809615070933426	0.05363991971940529	0.09469629373109667
-0.27787741489354456	-0.08952043781728625	0.03095815429957738	0.09192609016426423
-0.2275828412049662	-0.09543552104732278	0.06098414643625705	0.09060065860819155
0.3824084936130381	-0.07525057542328184	0.0720903018059953	0.08981871029813804
-0.18208356316577434	-0.07970065979950292	0.07887097747396754	0.08936278601206138
-0.08874927873477689	-0.08007232248802998	0.08485869960578496	0.08917785420085833
-0.09386752480006366	-0.0806313073561673	0.03765863262168123	0.08708993535904264
-0.27022419610634885	-0.08821308051841192	-0.0013838919929290983	0.08355189273352925
-0.18012656621170786	-0.09184027077742929	0.028478122426120134	0.08137855380456394
0.027084342820570928	-0.08720782891393675	-0.011860125634212126	0.07774691914223619
-0.3417935386819093	-0.0969973013388854	0.020677807690973493	0.0755523653202046
0.08626064378793075	-0.09003968657318606	0.06830650267347282	0.07527736882977853
-0.016242766088996108	-0.08727309651822646	-0.021888114676077874	0.07163435922685135
-0.1707450560789896	-0.0903640182897889	0.11445860935962027	0.07321998243657402
-0.057980536968001206	-0.08917949168078754	0.05774594784498732	0.07265402047611969
-0.015176186957619908	-0.08650546034913176	0.012426059138334944	0.07047738205931209
-0.15785937990188414	-0.08905335760037059	0.03330358409887135	0.06914991785087721
-0.02604379376069854	-0.08683007003462284	0.031189795510035534	0.06781032119648933
-0.006020317688245069	-0.08401192104534505	0.09551325325956372	0.06877627305231782
0.17270118679691726	-0.07516167584734179	0.19057319714556842	0.07297519122351392
0.03310660225626716	-0.07147159015473648	0.1610417985061945	0.0759767066274537
0.43399652593195115	-0.05443674559343514	0.1388911956420904	0.07809698565441914
-0.18641150037114118	-0.05883518185213521	0.17404592241231054	0.08129445575561922
0.11628864989732679	-0.05306312621475229	0.12501294926111428	0.0827353013991694
0.01594843617495667	-0.05081328472380897	0.10161050798998428	0.08335056291508103
-0.033748069404432535	-0.05026292770947427	0.05635567050163237	0.0824798889071463
-0.19910313834319693	-0.05501221562045722	0.08165579046630045	0.08245366988231884
-0.16765430308224738	-0.058568814202487385	0.07349351641845292	0.08217060766677031
0.4899261292768786	-0.04143158766175847	0.16349190774327216	0.08471130521855508
0.5059697748544836	-0.024504678010168757	0.14695842617237798	0.08663609788762439
-0.049332541589936496	-0.025264569372415502	0.05597078366328634	0.08569754154890874
0.08094128334288042	-0.02204683196160173	0.02305249318127367	0.08379946406542138
0.015737085382885985	-0.020913569137809174	0.0519775370180513	0.0828449014748478
0.14699026608455634	-0.015927153575176933	0.10301693219486685	0.08344397334126219
-0.11220978814562643	-0.018758494791046854	0.08331742623291971	0.08344029648041684
