-1.0	-1.0	-1.0	-1.0
-1.0	-1.0	-1.0	-1.0
-0.9371237351468591	-0.9637165305479595	-0.30186648718780806	-0.5971340529732254
0.2116916833564637	-0.39102764455276473	1.967939616693977	0.6526353516804335
24.11715104909411	9.91987051272649	7.533299341748005	3.547417003554277
7.6969772874311495	9.09782479510841	4.709983050155878	3.9773434210656387
2.5197732068085785	6.928935863015831	5.439050045167252	4.459291404432367
1.3453488706656116	5.268529163465843	4.494071592771266	4.46963367980234
6.551347065463764	5.6158580150303266	3.496068441617047	4.206036128410198
6.567394993012064	5.852294900025261	3.4651771641899414	4.0219489783377105
0.9696614608845222	4.7313949743734085	3.3113971317673885	3.858828055488523
3.8752040598882695	4.548751726497847	2.0969958044276664	3.482993321301567
13.71385131259306	6.374537841319354	3.64746363228733	3.515757353975445
1.5819669770955076	5.4790664338359925	2.7413985898677717	3.37107162249917
7.393731826272234	5.8158959185826635	1.7708731409921867	3.0895620594668207
1.6781976145105197	5.128207903233752	1.8265899122076537	2.8796554904828686
-0.17723057894941663	4.29262518216597	1.2871526628406778	2.628843292708703
0.2563825807055571	3.6885815049110713	0.9456847524159786	2.3769504367840075
-0.31966260448897477	3.117179578774679	0.7741317615024073	2.1484578845794142
1.2483451692309058	2.862830845662681	1.0581824618686042	2.0000711253142955
0.12717299930157067	2.506642291154717	1.0209971428429934	1.8725936724866825
-0.1366975359038317	2.176770825419686	0.9308861419835119	1.7550750869903564
-0.13078665182896243	1.900289266763369	0.5195052862064331	1.6070345444181773
0.27213555243366816	1.7126947592165602	0.8881012345507637	1.5241999407234719
1.1634652018908738	1.6517512663649287	1.1820701406963137	1.4862366969810616
0.6800628897654499	1.5477731317209593	0.8727227767177974	1.4205862025877214
1.8174806891939452	1.5756413600847146	1.2653619183248566	1.4045478577724064
1.6920731421495518	1.5872712268030709	1.6099358438448808	1.4250634379169833
1.6800040931702291	1.5962360138901177	1.5056631430296177	1.4328552789984421
0.6495863628884984	1.5075763144290732	1.0371484360489562	1.3957949928081375
0.34917181733843927	1.40236651841879	1.154100565852691	1.3738436476381661
0.7229651518356488	1.3424732030530069	1.1792956329786093	1.3566930212810844
0.6332455269820425	1.2817347057582356	1.274795369284381	1.349679783018841
-0.21629117946376664	1.1570012332741255	0.7231779945841263	1.2975141282688876
0.9707636434620572	1.1419129768596337	1.025787531255978	1.2754997444645633
0.5654579907430837	1.0964374111612147	0.7864232904300437	1.2369173535800995
4.253251177410345	1.3390971930366358	1.00016091243794	1.2187188516149563
0.193347897852453	1.2532251056188168	0.7691835121841923	1.1850271789546474
0.2715751550686951	1.1814441374191955	0.6863202440191032	1.1485602239460033
-0.1622256001156802	1.0855284216546908	0.651583550159706	1.1130844117852479
0.35908803319265714	1.034877492752	0.8443446131025885	1.0943467177815536
1.1304502643280139	1.041389955375827	0.90714695245613	1.081590530516837
0.3074254729785413	0.992486574246469	1.0263286720649751	1.0779084197030957
0.46452942506894424	0.958073545985062	0.7920609431659651	1.059276593486334
1.0998913484478465	0.9671211684356602	0.801975329222802	1.0428619122657574
2.006399036149679	1.0320430162301246	0.8574274717553889	1.0312781745525483
0.5518186565750676	1.0026559590847621	0.7608816598069263	1.0147313910463396
4.782099289779454	1.2293154239279542	0.6816690035484239	0.9947574494839968
0.44373321562561974	1.183126174117822	0.6603516389251813	0.9750957488694372
-0.09188225043591547	1.1096009951107506	0.578291006025397	0.9522135165451857
-0.0666621069488127	1.0430492198925774	0.462119972732302	0.9244847730302077
-0.08342051442965015	0.9804941575769768	0.614239562036502	0.9072565204725913
0.5735812146627597	0.9583083399172985	0.5514462810744234	0.8878569754624777
0.09088835065068723	0.9118580930787024	0.5445920184045512	0.8694753356063327
3.502923829078779	1.0481766062089877	0.5709493094253617	0.8537693612322348
0.04737735349977723	0.9964307297223962	0.6215950410368047	0.8417649781065604
0.9395274772424129	0.9935383592153759	0.6102057482166758	0.8299950674420637
0.357301130532651	0.9617378682643207	0.5885202828750693	0.8179256263780952
0.1089122191056433	0.9198101685067059	0.3130725257937541	0.793105338216322
0.7487988052474674	0.9115383443176459	0.31496404256222577	0.7699774232731487
-0.22906368200498428	0.8572420111471455	0.3847078176035994	0.7516373521062867
1.3496808866138816	0.8803176803367783	0.29865223890064296	0.7304106087613749
-0.282426160773232	0.8266695871172884	0.307458383416932	0.7108959328668938
0.002818159611062354	0.7892335025271371	0.4045712356129272	0.6969765559159442
-0.10419618878439596	0.7492411738102811	0.33579416143235985	0.6808089273895979
0.45317341563027536	0.7361833007384229	0.34486310113345175	0.6659922426832703
0.07843400118510235	0.7075939278726704	0.3794153673686962	0.6535361713575261
-0.2428195518405809	0.6668734765592408	0.2970102255628315	0.6382608471558564
0.23387613729070122	0.6485830610556891	0.42305266168384303	0.6291702653563502
1.521426241349078	0.6849421538547407	0.36207170391525256	0.6180444518741288
0.04021884645290408	0.6584537601613061	0.45972242440360245	0.6115398494871733
0.39816747523174323	0.6479046072045742	0.4362034520010716	0.6044337197544849
0.736406170747633	0.6514437624091403	0.43746398127675734	0.5977566346113083
0.05978141124624181	0.6280946704521975	0.38509590692322515	0.5893644300058447
0.55179550674389	0.625122950614833	0.43218373049841996	0.5832422371866146
0.014953373867889308	0.6016605993328601	0.5029850681904733	0.5801562414329391
1.0084743233062428	0.6171053178121606	0.5336478712737596	0.5783903297271842
1.8076949974435386	0.6617420064832535	0.6212661719064263	0.5799977710538906
0.911582619303142	0.6709935465502088	0.6820986695382361	0.583778682878741
1.041003004810519	0.6845274393554135	0.7220742243149441	0.5888371378998101
0.5337598289334737	0.6790788123919882	0.6540234265396714	0.5911923238526644
0.41280897715625997	0.6695710752151249	0.648511783549873	0.5932388200742271
1.7677143354381615	0.7083200173864921	0.5322894339312882	0.5910876737740856
0.3190752837627604	0.6947442630410492	0.578689262164503	0.5906549151259428
0.7090418496398645	0.6952369992927339	0.6864629097837582	0.5939577794280821
0.6850839516795741	0.6948905552773346	0.6453916898769749	0.5957104751588205
0.15672425469540463	0.676753646752533	0.46212193777344934	0.5912082830386629
0.47952601907805503	0.6701806918546147	0.5663351845284281	0.5903793544061122
0.7676879738528519	0.6733943304383443	0.5650463040125986	0.5895441231677496
5.5602214497201725	0.8327171223931078	0.6638397497471074	0.5919663421756858
0.4570615756804397	0.8206012159794667	0.6318196960140148	0.5932514133465578
0.7018089369564573	0.8168104341130697	0.5653624666345365	0.5923612865811099
0.4199987922547854	0.8042818126412672	0.6053401586261153	0.592771071537112
1.7040906973011336	0.8323953513348359	0.581252018517719	0.5924108934874464
-0.08281033939791127	0.8040949560814972	0.4647696550034155	0.5884638445227344
0.18137849238361503	0.7850355290847018	0.4940720134890877	0.5855748177582363
-0.1513469052754759	0.7566651219958098	0.35520739434982107	0.5785951239112894
0.7877622872739096	0.7575978198245052	0.4679334806921278	0.5752757854362176
0.16488626749330604	0.7399952842056379	0.4447058641373012	0.5713979051422566
0.2324623545475235	0.725070310158852	0.4760980128525354	0.5685954466764132
