-1.0	-1.0	-1.0	-1.0
-1.0	-1.0	-1.0	-1.0
0.9023256936515698	0.09775876899519265	4.712815328051035	2.2966453341542383
-0.28381493650016876	-0.08815364931636505	1.3130101581811378	1.8173932407417541
1.230136124180587	0.4664672392694409	1.8448386753932837	1.8289397002581675
4.445180511740548	1.9378287177546798	2.1520634113425063	1.9484331435879394
0.16828383564319704	1.3543814397182041	0.9515051312893898	1.619730006044295
-0.44634272825371724	0.8188950534692672	0.7375040555899572	1.3573796931042552
0.034304727828892156	0.6064634789145145	0.9134929132611376	1.237195222656676
0.30822043836833335	0.5323565278637339	2.9886060038006517	1.6723829677146038
1.661042711121806	0.7914670609315795	2.147887778844924	1.7815434312464733
4.472613433786622	1.5767300301870693	1.9666999257231654	1.8210410219376167
-0.14144628003285542	1.2344508026869159	1.7595534546384992	1.8087922077747538
-0.4140042596636051	0.9264440341292388	0.9064782962681956	1.6401987060689809
0.6188755524140688	0.8723361922191935	0.7995228363186486	1.492305862898435
-0.19319294421040767	0.6952445529285352	0.9058382974189876	1.394834614085004
0.6853992656264325	0.69369397297699	0.6687543914279435	1.2804802587365405
0.09699590885307319	0.6043951332464543	0.3555115697836373	1.1420540844236977
0.6610372648045695	0.6124699657364872	0.1787859131557612	1.004733874626099
-0.44062658936458177	0.4691433435981647	0.21637236973387108	0.8974376362092296
-0.0391384010993312	0.4029639901184414	0.2420355283491049	0.8121029017674168
-0.6681764318189428	0.2692926261432007	0.13415108281004828	0.7274989327605876
-0.4744583458690841	0.18017969543328682	0.1821626118211146	0.6621593413441687
-0.1588021496317399	0.14112264895299176	0.15320274701986336	0.6035179975721436
0.22168259482279873	0.1500619524166391	0.1008679050901804	0.5477430061714159
0.1172770657676303	0.14655388535778036	0.6019004296914574	0.5535385550671155
-0.14665136265553336	0.11625837792185778	0.3835436075829066	0.5359739961251144
-0.3891102448295536	0.06577791357072327	0.5109724835343759	0.5334767756315657
-0.4046648728205995	0.020299167941497442	0.3379905288713745	0.5145787195201315
-0.06131510617889868	0.012655480471883918	0.014914340002801785	0.46778192785174944
-0.3454616291634949	-0.0198697804192266	0.038746130596256645	0.4288156337297351
-0.4908831267565462	-0.06139238572737549	0.15460928855106415	0.40464275755477974
-0.16725040394708168	-0.07045817319472203	0.13581027112127786	0.38161968653548395
-0.36702213336950007	-0.09515164130670473	0.32876284549977464	0.3772185813781268
-0.28055979180466906	-0.11017299421926452	0.20503334231716597	0.3632685326315772
-0.4299862135542132	-0.13540255427951509	0.2285258514758719	0.3526389350323913
-0.5770659297102875	-0.16935238816186526	-0.08231009519638743	0.3192052300350081
-0.352063865852165	-0.18304618712527532	0.17325218750898497	0.3082665696851039
-0.4319163478021344	-0.2012442174483957	0.1801866663140641	0.2989010499171707
-0.0907859279355876	-0.19335936980876722	0.31934596030906737	0.30036041328909
0.1112176851185871	-0.17212268346734594	0.3570692872146164	0.30431449505937547
0.029257936875654256	-0.1584002367250129	0.4595365260908426	0.31489160453817067
0.7443742944158249	-0.0982492286453972	0.8506957896795342	0.3505917375501697
0.6310502170156627	-0.050712177429846905	0.6492528283551655	0.3700589813156001
-0.18608063545934028	-0.05934817186696317	0.4749356605362367	0.37674971044432803
-0.22239304067780652	-0.06953323991273075	0.5577810548057531	0.3880585160593659
0.1026992215270115	-0.058993601807426854	0.8277544594729691	0.4149653981737198
0.5497375614620816	-0.02248713906161315	1.030875738294248	0.45190240674605375
0.5608082733659694	0.011808850688838746	0.6766441597794643	0.4651167714636839
0.7247541466485665	0.052922326488249016	0.9380343871438037	0.49238875248385305
-0.0180926150890397	0.0489045994824544	0.7477905337252249	0.5068396011686234
-0.15211839289788665	0.03774156458851463	0.5248074928285675	0.5078377494556163
0.7171472271686428	0.07478517637189563	0.6443336575029495	0.5152802300406802
1.6776791065758845	0.16062079647528282	0.5395109335656718	0.516578090995496
0.15476802167635673	0.16031273993061612	0.7094079104055997	0.52672289341988
0.38231214613220676	0.17179088329935177	0.6814997380486503	0.534725265712924
0.20847549833628576	0.17365538239628275	0.7806466731104476	0.5472249496240282
0.9916826708094353	0.2145419934876367	0.8789908107076032	0.5638072022917013
0.6041945033878673	0.23369826436387653	1.052041022719013	0.5878099643695867
0.46243697806647344	0.24476227944399942	0.9052142836739956	0.6031627236836827
1.9493630446125074	0.325906317510368	0.9499028072711162	0.6196683679430435
0.5184177938097656	0.33492711505543005	1.0028695219613577	0.6376247647701123
0.6236272972854642	0.3482472579098421	1.0086150251049721	0.6547416464496527
2.1240068071411646	0.42893917315943075	0.9316760982468675	0.6673260235684486
0.23801854452455729	0.4203932913350812	0.8970041264225219	0.677607338083533
0.8985122218032453	0.44148084868520776	1.0219373858025524	0.6927942115509564
0.7700819881110252	0.4557641354167399	1.0315799802221215	0.7075202414950077
0.4856289272364098	0.4570439855675661	0.8267678494375741	0.7126297660785146
0.5132111102089458	0.4594168921182158	0.8316197140227006	0.7176564864519888
0.2315320459465402	0.44992451560664737	0.740443993318266	0.7186060573537842
0.34337025211031547	0.4455468679209169	0.7644775665866728	0.7204908569387929
0.5166944025378135	0.4484306696893505	0.7356116879337948	0.7211039259650376
0.3030755904819924	0.4426181990468412	0.8620977093585558	0.7267425888308574
1.394122110541089	0.48016837603023244	0.8450742676886625	0.7314125778832985
0.14314150266061687	0.46704085989419397	0.8075732601585504	0.7343794225273113
0.2845263201675796	0.460022642311368	0.7942690283983902	0.7366821452122354
0.8051761844199055	0.47312649943844476	1.048385172364044	0.7485160117720722
0.6327501095938686	0.47911075099723166	1.0834023354030622	0.7610710209254223
0.6519872577385888	0.4855119076707759	0.9005536666265572	0.7662356176264251
0.18527017560404602	0.4745297975410101	0.733377827371452	0.765033599773691
0.2748206518459604	0.4673128271375526	0.7728792982369423	0.7653168984926104
0.37105609359925795	0.4638757735415495	0.8562240456279675	0.7685628025864042
0.4880064256014982	0.4647271630713452	0.911388541223912	0.7736025111044147
2.0457039597188347	0.5198656406602715	0.8719367901419692	0.77703184917852
0.35899993671023656	0.514319636967407	0.8197921926417391	0.7785059717624676
0.852215685044514	0.5258363066742819	0.6222641309828936	0.7731804624654559
0.5425921324273588	0.5264009478104938	0.706718166628618	0.7709405514677348
0.34979366758333574	0.5205150873163564	0.8211399154493859	0.7726133950941967
0.2373873856162736	0.511182879094991	0.7659370960082137	0.7723931576667413
0.803601176659736	0.5207163584858783	0.7944066508469496	0.7731107632803922
0.2961948069613549	0.5134749807501953	0.8400256908786492	0.7752687628079675
0.46878308217042086	0.5120487276890935	0.8253039245993721	0.7768651139543712
0.5187163408541822	0.5122592091186424	0.9449448753681458	0.7821718865229055
0.9221733759115036	0.5250664878516613	0.9877522572573687	0.7885948664407536
0.49180740809137613	0.5240379056979914	0.929081600477295	0.7929388814038236
0.5088374933667734	0.5235726037456687	0.9239679742802149	0.7969491984968899
0.42366142848684296	0.5205454660548925	0.9435016842583712	0.8013893628663109
0.7029603015963344	0.5260168369683882	0.9829494092894384	0.8068350695734645
0.28747438304517225	0.5189324925225134	0.9751004259122842	0.8118320605619136
1.2955652619476097	0.5417707789583313	1.0030196787257433	0.8174542100313851
