-1.0	-1.0	-1.0	-1.0
-1.0	-1.0	-1.0	-1.0
-1.0	-1.0	-1.0	-1.0
-1.0	-1.0	-1.0	-1.0
-0.9867824211319687	-0.9944391986774034	-0.8600774323259658	-0.9411328196221475
-0.4207565497003678	-0.7822864254888796	0.10347222952991397	-0.5548288956057184
0.262895291044837	-0.43767320317788416	0.5837395082198242	-0.17942456683458574
-0.3445857348384751	-0.40999158038622896	0.35131431399035695	-0.021597402516198128
1.5509594238981612	0.12094506282979678	1.3058086170401868	0.3378039349683901
4.265899589559293	1.1508766710971288	1.8901293675598705	0.72352324449718
0.624783015530167	1.0301018384834104	0.9923143598744231	0.7852290119470586
0.37095550955541556	0.8894926099614393	0.7683075143308622	0.7816193482003282
-0.08824222665001435	0.6947173290495889	0.7729452069256784	0.7798914831006356
1.0287778045033344	0.7571352756015719	1.1033798027033064	0.8403340741922556
1.245640011037366	0.8430733873733096	1.2127278638946541	0.9058457890235461
4.533827845360071	1.4564791119664529	1.6559144632566811	1.0305076315036938
1.2751982205376007	1.42792822332272	1.5696481219857694	1.1154198691727206
1.0184187160131266	1.3666431153507546	1.610317620028479	1.1894838204871991
1.1291796383497466	1.3327912953381582	1.9202729223764368	1.2936629225116016
1.8863451638108373	1.4081296129755412	1.4703925302033638	1.3177154798401127
0.7005241017884709	1.3159979529365322	0.9791212718627968	1.273629916219127
0.8946384160004044	1.2634151829395845	1.1014095332198552	1.2521381125448898
0.575429554078394	1.1809837803683059	1.0112365467450273	1.2232744259597683
0.38513352925799205	1.0892865295443963	0.8788516842120615	1.1835903821197138
0.5003338589866808	1.0239354935694598	0.806447007626732	1.1417422668971908
-0.237244453023148	0.8889791022917475	0.7151759035484573	1.0960965271540224
-0.04554074667696839	0.7924192372213106	0.5027097327362693	1.0347847256476634
-0.2561157313631274	0.6876825247672524	0.43060107565211925	0.9744335067443546
-0.24652343228243567	0.5973707505145838	0.5309414260345706	0.9315601667459277
0.012595143071570059	0.5426026354825817	0.6335774470950235	0.9036520156563583
-0.004146211368859176	0.49294528069803123	0.51438295548767	0.8682974850677041
0.25509716538503624	0.4719775880023436	0.442810593801247	0.8307883246230812
-0.02233625011613727	0.4296441940041651	0.6348971048295726	0.8140121674636158
0.33721130647445774	0.42194769742781	0.5701427746246608	0.793706258122105
-0.10924978287402376	0.37891129575354054	0.5707868403063905	0.7756459453393518
0.6372406352711257	0.39929050943014954	0.7287864075923038	0.7719492683688631
-0.017123879475593462	0.36728169551442424	0.5530713446557776	0.755124822766831
0.12149661112965093	0.3488605392530679	0.5165508555149791	0.7372441655636384
0.6716781467104525	0.37246588556629456	0.6454128250360984	0.7305292911074719
0.173970599635062	0.3582966945708024	0.6274801332400171	0.7231734051753413
0.16555081079847977	0.3448573964671475	0.6241814594994688	0.7162710682099458
0.036814458802225	0.3238669194179884	0.654737782793829	0.7120783142042422
0.2259804763354729	0.31734485522027644	0.5525550684485601	0.7014494536865223
0.26479178606941267	0.31391947689297095	0.5631318253628248	0.6924338125059983
0.12295878083235756	0.3017369134226515	0.5054810508653607	0.6805069406933075
0.596253862839897	0.3201350713184983	0.5497434233033947	0.6723385867932941
0.07262811490305432	0.3049890591090523	0.3644183492836006	0.6534956272359391
0.0007783269553571781	0.28674508939333765	0.46080175240173227	0.6419394679235326
0.10693918201780028	0.27617328703760724	0.4701593125858823	0.6318395934678906
0.42580186868888936	0.28480204106622486	0.4960068448160857	0.624006810351607
0.24331844559253546	0.28245531234589705	0.5621018818206538	0.6205047566063058
0.3934946798974701	0.28862162159982474	0.7920747658336351	0.6300324770153942
0.8629966770865569	0.31993855091584567	0.7852267922281535	0.6384943673391732
1.1366170440028385	0.3636722441224409	1.0127802289885817	0.6585378731782139
0.7253149347227525	0.3826986655422939	1.025252870529668	0.6778311504288996
0.8906932171969988	0.4089643831837857	0.9542097767525057	0.6921212572351012
0.5223236354283418	0.41472605004481156	0.9448065708725186	0.7049646284730553
0.6821124920383115	0.42809046193863765	0.8664524119863275	0.7130359902410552
0.45810289506210355	0.4295660483652526	0.8643906410741287	0.7204771657425892
1.0362681386620949	0.4589126656520899	1.0824971785774626	0.7379883603817354
0.9450163027130591	0.4820525862968481	1.0885246837264146	0.7546748262455041
0.742458438811521	0.4942551320389841	0.871793918252078	0.760162982239428
0.5048803778965654	0.4947454276871155	0.6548985296549965	0.7553062224900484
0.7838494612191291	0.5078826864218942	0.8783130367086041	0.7608959568934675
0.6158284465134318	0.5127144497616978	0.7678167542857102	0.7612055673898217
0.5594844818372338	0.5147772841176754	0.969277087749222	0.7703825545147844
0.5152443576703338	0.5147977240526629	1.1356846865159107	0.7862608539813527
1.1908119255172576	0.5437618367604133	1.2180956553943916	0.8047631027253772
1.674710119932182	0.5915351106384896	1.2270368536520269	0.8226006888432755
1.0284578446426336	0.6097353715707323	1.2697019891705899	0.8412249522888597
2.7238342813168415	0.6965934745436806	1.3016277368061417	0.8601408515363083
1.3483698320607211	0.7230104118886362	1.3147363822732814	0.8785660487907245
0.6445089037022653	0.719871181796895	0.9684070843152022	0.8821588052425833
0.9427701415113248	0.7286677819612071	0.985746611785933	0.8862469383066709
1.428420847339793	0.7559243499617239	0.8767211030407309	0.885876018509171
0.7908944311673325	0.7572689704986804	0.8549139482462733	0.8846853965092367
0.48872983348317933	0.7470736950747516	0.9243519878712403	0.8861913659412377
1.2581951902514534	0.7662360325269182	0.9827696469581082	0.8898119771809376
1.4199395176064509	0.7904415592253318	0.9251213933402471	0.8911192843360605
1.0875154686695812	0.8013076739417562	0.8598479789066438	0.8899754622171916
1.6012560503998872	0.8302146316488872	0.809373310026904	0.8870624442607831
0.22948874268527386	0.8087647045975304	0.715092339369509	0.8809218811991943
0.8140742907018446	0.8089517142335743	0.6834323238465183	0.8739528215245742
0.500990106909746	0.7982107740219182	0.6050608741664176	0.8645744678105713
0.6806019301888069	0.7941559603545751	0.6650259657015385	0.8576947313968302
0.9301115748881248	0.7987898859781641	0.617643482628806	0.849512832486734
0.018450391598759275	0.7724913334193242	0.5135870330516905	0.8381914329672513
0.5535922745020576	0.7651959151345644	0.48827635840195893	0.8265296785520511
0.16866210996256092	0.7455336431712569	0.5163501319742594	0.816305802773633
0.25223932347056444	0.7294509815219172	0.558424796111904	0.8078981975565509
0.740996880289875	0.729823033751865	0.6771672702676181	0.8036815445725902
0.5968460821555199	0.7255796668613841	0.733684082931265	0.8014477740062911
0.7669004268747877	0.7268842029166902	0.6899783205661107	0.797928234971635
0.7598955844183424	0.7279155699995128	0.6954181367822208	0.7947253144563169
0.6127527318039812	0.7243544538583606	0.6876520895334473	0.791414348213376
0.547482762585219	0.7189409036190137	0.72832425312539	0.7894832977693111
0.5499028505176036	0.7138190660270756	0.7611670278864071	0.7886249796723841
1.259714699000487	0.7301930680409368	0.8941462630148358	0.791789996326314
0.9727735654695728	0.7373969458208847	0.8855275962540914	0.7945735458398187
0.8368398242687907	0.7403214274952701	0.8486022086930365	0.7961625354820347
