-1.0	-1.0	-1.0	-1.0
-1.0	-1.0	-1.0	-1.0
-1.0	-1.0	-1.0	-1.0
-0.9444979385226729	-0.9729579810982844	-0.43516623703160384	-0.7247985950799658
-0.6913917047109042	-0.8544995063158409	0.1367907729643678	-0.3623171000055303
-0.4609597267011002	-0.7089651767419045	-0.45666159396432005	-0.39720656097814133
-0.574379517501804	-0.6645901270367945	0.3275455538924297	-0.1582441773646347
-0.46486800135538797	-0.6051983199524269	0.03422163842300496	-0.10101029913740434
-0.6231048638274236	-0.6100466005302991	0.27437898222524426	0.0006281426605618812
2.191515898134392	0.08608115548822015	0.5653764987276164	0.14095590849574746
-0.7377303135012545	-0.10304016003314187	0.04428432812859673	0.11876312250571397
-0.8298154043944258	-0.2580760385283114	-0.1895825447055136	0.05298671767832741
-0.6047739110732177	-0.3271420058017165	-0.24188569755966816	-0.005755064062138215
-0.5193760568535887	-0.36306008113191324	0.23236247760995155	0.03873626363515159
-0.4821295340199109	-0.3840069779805785	0.19847595403205198	0.06683782585469156
-0.5161841422207909	-0.4059749953239796	0.0577355192147464	0.06532483446079862
-0.2388775832993706	-0.3796579997393754	0.03444296479700304	0.060460951439833543
-0.6978008434595893	-0.4272696601133863	-0.07428279655913395	0.040295880677783336
0.04147670089748967	-0.3604466455565202	0.0150776305990179	0.036700946962154424
-0.4200858091984728	-0.3685636553533681	0.24755367392895766	0.0653977809816444
-0.31679183783080467	-0.36182277009925934	0.33370295286931717	0.10033185906632647
-0.4798797517492599	-0.3765554379611703	-0.009780945457317558	0.0865906422956837
-0.41738297396680735	-0.3814471403200178	0.16864316278820235	0.09642197902411076
0.30056767049914135	-0.3028656787460101	0.25764830240926284	0.11499853254961767
0.4344524622507968	-0.22105090294046037	0.5509437409886508	0.16337232755637454
-0.46960215852981535	-0.24764785087964636	0.45257098157446785	0.19431911830302284
0.5262174924573912	-0.16768694271574536	0.7756652992087416	0.25438788795687994
2.7964689764486894	0.12839787620572274	0.8661774079229818	0.31549847833233224
0.45776771360313084	0.16023854871172238	1.1061232952600406	0.3919295963493201
1.824745776833904	0.31613069070041644	1.3544847768405242	0.4820793336509095
2.7075862814232905	0.533330283608918	1.6663376994014207	0.5896374990026998
1.6594020643291012	0.6326001528547265	1.6903883352433984	0.6866751760922691
1.316823949069994	0.6911980481743054	1.2548563611984802	0.7353350689076454
0.3762199460560549	0.6649714754866565	1.5522661766525148	0.8033573937756269
0.9092495253388118	0.6847623490727832	1.2092938902328547	0.8362454866120885
0.657088151313838	0.6825795503352821	1.1331986244198067	0.8596721576095876
0.22173156357355417	0.6471551115843621	0.9635942923119909	0.8676606014829813
0.2358733486487643	0.6163301715649789	0.9796234563180779	0.8760521742380378
0.37419164955841766	0.5986242867488527	0.9065554154311424	0.8782825397041774
1.1899830407934378	0.640837419910123	0.8452265049427621	0.8759228139120834
0.796017366050132	0.6516574673642308	1.0519667243887212	0.888197619166675
0.5528951101043469	0.64492758498364	1.0395554767212039	0.8985113916228744
2.0497631728382943	0.7385305494217984	0.9438373782332017	0.9015315064576941
0.7338273138440361	0.738224285120209	1.093298451785527	0.9140315955638973
0.6388841929215672	0.7318868589108058	0.9744749182137862	0.9178877621610977
1.9282237815835441	0.8066200724048276	1.0877997543492115	0.928502000111332
0.7175856581385798	0.8011719022810888	1.1490471236940247	0.9419984075814305
0.8467030945292369	0.8039027282184816	1.0907742139426246	0.9509209916357437
1.1858160118011956	0.8263579402839552	1.2966030394979722	0.9712459439902084
1.1389629638216139	0.8443851734785326	1.079958110028528	0.9775153847649738
1.0328899006850305	0.8550512745162533	1.1804134281065601	0.9889958955836948
1.3074783851823808	0.8801762233646053	1.3031642308826474	1.0064430412753338
0.978776771111026	0.8855526990498723	1.2601935684747816	1.020278840085398
0.6059903114880443	0.8705823967239033	1.1838549009886625	1.0290387371020988
0.958710126885099	0.8752183919781333	1.1246190365791113	1.0340667777404393
0.7918685521419198	0.8709089300706379	1.1169102445834356	1.038350296944285
1.2860746566840775	0.8920113658170192	1.354361460179632	1.0544128304618563
2.0305540690433204	0.9489180659351251	1.3436559023370593	1.0688697674691583
1.2979086729218987	0.9660754747552269	1.2769563223457818	1.0790998887146848
0.941834989863539	0.9649027324195625	1.318899950028256	1.0906989097983768
1.425102704333388	0.9868094067010349	1.292901903444759	1.100324113578627
0.731669059801926	0.9748537848817689	1.302781317239341	1.109811486317513
2.5293957307762143	1.0465793201127642	1.2365599877891804	1.1156596745069463
0.9848514520191827	1.0437745459272554	1.2315147738690122	1.1209243759657106
0.5676356453073579	1.0224613895750294	1.3292288293503671	1.1302486867300274
1.7713480442977856	1.0554905297595236	1.2753677585949394	1.1366489386859633
1.202185115235861	1.0618671910220234	1.317285527309068	1.144500937283293
1.6564296236860825	1.0873416674971907	1.3300141057305783	1.1524496413808514
1.4881255953572916	1.1042719233377682	1.40313163381744	1.1630393061578372
1.5565724772956426	1.1231129467676926	1.2554021760436558	1.1668869649021185
0.37780398261728765	1.0924920599996724	1.308947471608871	1.172723684584939
1.3133375850683082	1.1014430144567382	1.4036813717176102	1.1820844882620114
1.6364151257466442	1.1228370335097169	1.350460420169855	1.1888183418739993
1.7025556280938696	1.1457153472676347	1.3989668713828625	1.197111971934194
1.050514733094431	1.14200739677793	1.3338267731345304	1.2024375011066
1.446398520448101	1.153711705601896	1.358958335513997	1.2084558704400687
1.201185176948802	1.1555136098792071	1.3340145660633942	1.2132223068845387
1.2339510290227254	1.158454330266523	1.3254568922261032	1.2174301265490723
0.8226731858732059	1.1460208283512694	1.229009830915881	1.2178589056873443
0.9152498730108398	1.1375798409711262	1.0938940073751025	1.2133245775414911
1.220048015395979	1.140559431202437	1.1062223030982294	1.2094537597897421
0.507719704361232	1.117962595927458	1.1139383697430807	1.2060428033137258
0.5050936280493268	1.0963364432914524	1.2397780701711607	1.2072330812411396
1.6742479428909331	1.1164917380700246	1.3696136573456048	1.2128961646773027
1.283575413328085	1.1222516155814	1.3752660475647973	1.2184935132461243
1.1593474326998225	1.1235155988268128	1.2867581038880527	1.2208198302712225
0.7248826485375639	1.1100808764317804	1.300325315713637	1.223498815146741
2.081422261356091	1.1424525512836263	1.3200485880198678	1.2267164886857502
0.9004715641063357	1.1344766040804064	1.2166674770237051	1.2263851613402377
0.7904731509437979	1.1232610801029268	1.2193594675520685	1.2261559209789774
1.1840605324669498	1.1252218028986833	1.049889791734778	1.2204708075805004
0.5676017149057626	1.1074285397817372	0.9990736128518072	1.213406044756117
0.9510623792177237	1.1024912282987143	1.00536556460882	1.2068371994336924
0.3935604966610764	1.0803411487504873	1.0212600991118603	1.201039020304703
0.7416974475695659	1.0698695046867046	0.9646142717924253	1.1937282341884226
1.2926190792595023	1.0766871045877724	0.9996683360770156	1.187788584959958
0.6615380784100817	1.0641089438164113	0.9807029677162484	1.1815142899104627
0.6534688686247923	1.051791619081916	1.0007344656613757	1.176091567639161
0.6254073521489307	1.0391286781476508	0.9531514644330978	1.1694704837545968
0.38941962283967513	1.0200227850186332	0.7585952687291613	1.1573879796517303
