-1.0	-1.0	-1.0	-1.0
-1.0	-1.0	-1.0	-1.0
-1.0	-1.0	-1.0	-1.0
-0.8759407952452065	-0.9395552046794047	-0.5017805644646673	-0.7572548375979162
0.5791336938179037	-0.3006235769510296	2.6766461841243934	0.6874307654624978
2.1256526691061746	0.596633835538092	0.43777724637405013	0.5951065870407501
-0.7946426666187788	0.1379076994839703	-0.09924626172852202	0.36616731018261395
-0.6144119529476989	-0.08581171491157147	0.8244984457338855	0.5024621954688184
-0.899168076441955	-0.3060318398352677	-0.32554959283407925	0.2782739626916513
0.46629297902603084	-0.1141258903370741	0.38076205996821755	0.30373996296606465
0.7239713810247483	0.07827464431342102	0.3049285149939216	0.3040125532033897
0.6489791870830028	0.20001729703232196	0.819592801512441	0.413996059508587
-0.6164906651916737	0.037360058897659476	0.5045869598031731	0.43204262071558586
-0.5108924058759617	-0.0650785690996264	0.35273927378073355	0.4172251180330142
0.13794159666715888	-0.02936310342435189	0.4799854073182088	0.4282658290513195
-0.5042934223848126	-0.10829694710692195	0.6793825083506995	0.4700012413577743
-0.4595921558059224	-0.1636243480442614	0.5262694989425292	0.4788632713641976
-0.35019607950245357	-0.19154580374497399	0.5143144257380394	0.48416855739385745
0.8260820937503959	-0.04647604884084633	0.6570902624605708	0.5088198066417791
0.016906006499050497	-0.037849803852262776	1.0557309177622822	0.5832543457382509
0.7137489642692068	0.06001023206283329	1.2208876002247195	0.6662758932799158
0.04149395447690307	0.05769959629577648	0.6665575412534779	0.666311161812895
0.7268473933337534	0.1378742841984395	1.0432275022041133	0.7114719807373255
0.5752384515923359	0.1882672810680004	1.23558824061878	0.7718605751088179
0.5990328224693808	0.2338471410024059	0.9855989653913377	0.7955779649915407
0.001346781978194933	0.20896785666306505	0.6938688095751455	0.7846945107238219
0.9182557924695702	0.2822563317256781	0.8015238803011098	0.7864340068612135
0.31095967807584857	0.2851234801956599	0.6898979043038269	0.7767911764599251
2.10819007311568	0.46136333817368014	0.7759451711474636	0.7767093378300611
-0.07616947314688327	0.4110199432341861	0.6833061983620232	0.7679616036025627
-0.4274441632167345	0.3348681653165071	0.22973950110930352	0.7190788436487057
0.31809347893878503	0.3333892358850665	0.4825834545444134	0.698230211821651
0.21244230390510488	0.3230313273129821	0.4226050087421984	0.6746255342930525
-0.5012118468358746	0.2544005529760993	0.4609698770808961	0.6568356519736454
0.662759026520302	0.28748526095472093	0.5089562450975096	0.6448551238124482
-0.2016935561838572	0.2488947220059774	0.10683601229436968	0.6024116634399383
-0.08405447404519106	0.22330166935539286	0.49698041186299724	0.5943075761810344
0.15552149643834756	0.2182219010727826	0.5506085682508475	0.5910327484890456
0.37278420544108437	0.22952395769745726	0.7729560975346514	0.6043355326129005
-0.0666196010716088	0.2083843678770123	0.7485102186727461	0.6146275066722837
0.27814759358776064	0.21324846371312756	0.5589954132193931	0.6107483788882055
0.01784004287136476	0.1999329240599883	0.3964211411879832	0.596143660156881
-0.240206485595991	0.17060695913880508	0.3705940650392707	0.5811156815787424
-0.2179176298556451	0.1452821625320917	0.2532091155789862	0.5597420542819036
-0.003880135874410384	0.13576621555636037	0.24295657488522115	0.539532396296525
-0.24290893553934523	0.11211110738561425	0.3923510989711234	0.5303383322301904
0.011966654146909228	0.10598302780811197	0.43803730443131106	0.524690308208047
-0.057768319585522754	0.09616265789273593	0.3490977634117527	0.514159817134558
-0.32388662447217476	0.07146536420009686	0.3574171058073419	0.5049440678237627
-0.3203232159418825	0.04887237610840023	0.39194701493461337	0.49842808258493343
-0.4170652449679263	0.022510112845942398	0.3384261463020033	0.4893755408183049
0.4080634773498071	0.043920759746786775	0.2547250333055524	0.4763449508416622
-0.17400961775715373	0.032038658011780186	0.31132292334399514	0.46734765580084625
-0.38087342822813475	0.009927282340465027	0.36638865131652776	0.4619415084910401
-0.03802581806114458	0.007404279716104245	0.39686525677415196	0.4585175763088405
-0.34156230649783503	-0.010638958221752981	0.3637970345361736	0.45361997444301894
-0.19961239632221706	-0.02024426825041359	0.424461811890656	0.45213786039102444
0.8198074453315793	0.021743043989144395	0.5396690429561144	0.4565126562929216
-0.17256155919831317	0.012190382077130524	0.5372033774918363	0.4604796039542163
-0.149116209549498	0.004387886686224141	0.38954653444940046	0.4570485348622184
-0.1007275457263791	-0.000615887767442036	0.28556378523356507	0.44888539224773205
1.2959976100623205	0.06014357907171464	0.4973566391222073	0.4511570210290503
-0.13823753134916894	0.05099053768644479	0.33705377899501254	0.4458925554816646
-0.13534732388756576	0.0425231765063423	0.41818705804903966	0.4446334731981887
-0.009587406152080646	0.040190506216741806	0.27089376916943353	0.4368563517371358
-0.2858079499247559	0.025812525589033797	0.26286536194750965	0.4291826364634903
-0.15894454390179136	0.01778195329849397	0.27485034995438085	0.42247450770432904
-0.0694066754244047	0.014046418894584356	0.3463028645857853	0.41921102414007394
0.17663297681700874	0.02091448902139237	0.27204166577451505	0.4129944548933784
-0.20119083128859272	0.011662773292084427	0.30580227414933914	0.40852958790685157
-0.18385838933346688	0.0036300145872107947	0.2456567937168712	0.4018383019463563
-0.040512091297960295	0.0018409527163114614	0.25992786417722336	0.3960866974188506
-0.13160419908250776	-0.003495460765422953	0.2767250500689289	0.3913134936105831
-0.21879013606455122	-0.011991743826479717	0.3086674553796138	0.38805207044771306
-0.1525013170518269	-0.01746467436770016	0.3563266815634718	0.38681651684602025
0.4202919796309663	-0.000632062684201129	0.3993356581161709	0.38729778548788674
0.7306546035475259	0.02713155452620164	0.4176625382784964	0.38845044890007396
0.3989320545643076	0.041070818612445326	0.5055902702629034	0.392842155283041
-0.1042876638778214	0.035688422865383984	0.40357176565461383	0.39323949424285654
0.020285977117266096	0.035125102121577934	0.4552631195731234	0.39550822413212083
0.08005583838714658	0.03674855047587422	0.38608938120380687	0.3951676067191767
-0.21247397711548	0.027849617131632698	0.330270866115957	0.3928502748889189
0.07729857170155885	0.029594470978812515	0.4868259200524159	0.39616631249671186
0.18736563454478672	0.035096675654192167	0.43903342397354783	0.39766101319358027
0.07753711373222405	0.03655957445608138	0.5071640605051664	0.40143583504679303
0.2219326003741806	0.04287755074422139	0.5880935066861999	0.40779751326312264
0.01640098118472122	0.04198505316360568	0.6038271943969475	0.4144036140526479
0.34073816295420545	0.05194130974401423	0.6145513001973828	0.42107362010747806
0.5099821022032036	0.0670385535519924	0.6840868448946011	0.42974261286484916
0.6248343347423528	0.08522416570565894	0.7141497507001069	0.43901507410738927
0.7238358686913007	0.10582068109821696	0.8773920020099377	0.453153609472837
0.9413352504003258	0.1324807395268599	0.8441692772133629	0.4656301638216136
0.8826946992539153	0.15616705485973736	0.8503219976160736	0.47777577445332753
0.25733732569321344	0.1593279064772768	0.821622764738215	0.4885188492911974
0.49750533894859017	0.16978504814755646	0.7870214799387156	0.49774912947883787
1.1176732754419771	0.19879703032584572	0.6409263146513959	0.5021313679030062
0.4271107863916932	0.20571447368867024	0.6684438403992623	0.5071703106511234
-0.015769859389668905	0.1990711250662709	0.7081409825295648	0.5131985193538198
0.14719223567052575	0.19753051365398067	0.5989660536732446	0.5157457708153943
0.11308352523432852	0.19504713965951104	0.5985393135858368	0.5181804088785351
