-1.0	-1.0	-1.0	-1.0
-0.1179081103185764	-0.38058642821819444	3.82452129030578	2.3878261431980174
1.0674451159885434	0.4550167116784176	5.207494611110001	4.014947992931576
-0.14694406941476845	0.16172613629784838	2.0159554822240424	3.0409880938400846
0.36270886170461836	0.2462820104151595	1.5291444401971686	2.4049363787644054
2.905338995189641	1.2296240169664334	1.901179058059228	2.2186425407107984
5.856220074434761	2.7550864592799464	2.8168792843723787	2.4158905894138063
-0.17311906712222114	1.8843178837417547	1.5487405055511339	2.1580235096266924
3.3979239125322254	2.2941338015457235	1.2114964385115763	1.9017467308968996
-0.4038044279972215	1.623754456169698	1.5075190567311525	1.8037897461760797
-0.1628530657005285	1.2136052035206233	1.207169061037841	1.666823997162787
0.011492891278504391	0.9571703665306786	1.3603227561992774	1.6014412029913636
0.8554175263195347	0.9369002234953772	1.445656760345102	1.5704074198609517
2.169187608974382	1.1671479839740986	1.8514440254664901	1.6229180341734444
5.110361950213868	1.8608431985350666	2.6476108127648494	1.8031831005202323
1.092718987082335	1.733180193051453	1.5979991395539401	1.7690810873174438
2.7392709852839188	1.8916350740346997	0.9583137714023693	1.6413889477699746
-0.23333668199415147	1.5736224043017963	0.8872933737465654	1.5285346346075372
-0.2664172668854943	1.31131254412501	0.860615318501162	1.4333184189814716
1.1895074632376264	1.2947347157092377	0.9398472681694447	1.3661568162951774
0.4084611263846982	1.1793400625834316	1.1963101261178073	1.3440425648922947
2.4858301027525966	1.3423824035035241	1.7044310549782185	1.3890173818613207
1.2991417224398418	1.3372016569789595	0.9500080138316593	1.336417304921083
1.9915352947997382	1.4125942233320048	1.6912316455161438	1.377299389128122
0.920693719964381	1.3580120187306362	1.3660982948706857	1.3760566919347843
0.6956534913822119	1.2871345714171065	0.9499706140570663	1.3304623720021582
0.2490128688096067	1.1798698268837584	1.0752981312557206	1.3040975650545734
-0.008076510039860207	1.061207594732588	1.0080617367885596	1.274526916271428
0.444283651812746	1.0015681223748438	0.7681954790987868	1.225578660071211
0.5017695099015222	0.9547588259013611	0.8361561922621685	1.189106825440998
0.44209338665524833	0.9081971450759612	1.2332584305969543	1.1931170672638287
-0.11563244672686346	0.8179404885292589	0.7191912745917215	1.1513376982018007
0.9201074365807214	0.826690134493627	1.1117872352002647	1.147950536144415
0.5451329042819335	0.8032465140117391	0.9006689149146125	1.1273609589634561
0.2834233589837605	0.7611317549787207	1.2591832698566612	1.1380412703566365
1.135785316416364	0.7906876558408968	1.4028301885694647	1.1589301207755458
2.7160838633730298	0.9386904698899563	1.1998098513229136	1.1620731734592646
0.8532234530095602	0.9322851843484368	1.3154911670709981	1.1735720817869773
0.30281897695793125	0.886257148301316	0.8939739505218607	1.1531274020721023
0.6145764038142767	0.8668637839854154	1.026831281439264	1.144112127466466
0.044696031370374145	0.8095381294367765	0.9303594605795451	1.1292082368750322
-0.17192574251467552	0.7426592873046529	0.8491358714034125	1.1101234873434667
-0.12454195468243145	0.6848786293804996	0.7976502393206015	1.0893039362835983
0.7084725283938003	0.6864166842037887	0.9820618760326039	1.0823138862552764
0.3391680709949352	0.6642635321238664	0.9554009443786491	1.074217305615515
0.19427616989543073	0.6349044725370996	0.8295054784163935	1.0589309125603164
0.14294168987520162	0.6047992464242338	0.9102158476467535	1.0498305866617579
0.5568904269112704	0.6019262812037718	0.793011214462743	1.0344289921902128
0.13404507080802297	0.5744165542439925	0.8532448518657794	1.0237760005618401
-0.014657643502847373	0.5404469468813049	0.865087476040227	1.014625413590251
0.690436782303226	0.5489335289529431	0.8107894547306729	1.0030928443544194
0.3030562806960697	0.5352796386657592	0.9993835719625361	1.002887156201416
1.5053127083402593	0.5881692953159985	1.006024737419935	1.0030585915723882
0.6244268948928262	0.5901111854497874	1.083394525382562	1.0073609625718638
0.8865288439488361	0.6057059448238182	1.193927893912457	1.0171763269023741
0.7654662616362193	0.6139661017319313	1.377373405652837	1.0357999242455858
1.0037540115631725	0.633778531497436	1.411813271047968	1.0549122079119608
0.5355951227925846	0.6288710585677126	1.2221230589552934	1.0632696687680245
1.097718460717787	0.6519209393190295	1.3567925503405824	1.0777000252651638
0.8793580302897803	0.6629220090735413	1.5949773900324251	1.1027207715254748
1.5103141219602474	0.7032608184592202	1.6455941696899958	1.128563519133102
1.7277617977060933	0.751268745084585	1.5971005535623792	1.1505190879547795
2.9497786201068523	0.8527062275937822	1.8672039159676612	1.1835863273620961
1.088758028460449	0.8634326370821654	2.001022993961462	1.2207311870199202
1.2059318929402947	0.8787639156203735	1.8993383205295444	1.2511075598181702
0.5948416131771392	0.8662417298352254	1.6596376657351333	1.2691257682460364
1.9122997720374633	0.9117092890057394	1.358431469377435	1.2730074507237457
0.39816773966713837	0.8897065473724945	1.4410094784186098	1.28020540807931
0.9589281894640058	0.8926310305352281	1.46050790158024	1.2878222585944443
0.5600871489628756	0.8787791315839684	1.4314791794515216	1.293806858450846
3.634339220561765	0.9919919958903465	1.448273663292055	1.3001535391077974
0.7208189082512548	0.9810014320011393	1.5540253450789212	1.3104430661766617
0.7175498050654501	0.9704662412563239	1.4593593669035334	1.3163984559691992
1.2207580368809152	0.9803438326660354	1.504744178620808	1.3238314366998893
0.8202270298498002	0.9741070660920401	1.6225015694971692	1.3354651000846331
0.9794076461976406	0.9743107169702763	1.5438809537870264	1.3434789449346645
1.0209123987588797	0.9760798570027411	1.660654694333775	1.3555205780613377
2.1011532517057834	1.0182599716842278	1.7057386465571902	1.3686504121207719
1.4492537545972537	1.0342187410045898	1.713622776576464	1.3814238952349678
0.6599256439796839	1.0205282731948242	1.4969431932576964	1.385649434037413
0.7592306988885069	1.0110855870046795	1.4708356349184535	1.3887273889352243
1.326752523863734	1.022356421601415	1.4339331657964167	1.3903409614710567
1.7232415042898035	1.0470875436139266	1.3870356114354854	1.3902236810565332
2.096560396186708	1.0836891127549255	1.4925838880333702	1.3937934036811623
1.3720710053655645	1.0936312365263934	1.3229988092986478	1.3913526794061908
1.4378660058555344	1.10536388962245	1.4630320282985791	1.3937955476991406
0.6617523372297194	1.0904134418710338	1.5297312047253389	1.3983763926611732
1.3176357520449997	1.0979857907992963	1.46109564879526	1.4004663654437266
1.59792916080101	1.114463798118536	1.6332215038371563	1.4081376615433867
1.6261527414643533	1.1311454943197785	1.5716030785817963	1.4134664115773377
0.9984227908683028	1.1268649921872478	1.6554454079602094	1.4212708265191032
1.0970251008039646	1.1259128544563444	1.5677595938740208	1.4259451685893607
2.1485524028694134	1.1582007212859233	1.6681190989826424	1.433591246108059
0.9572061443230468	1.1519205073269365	1.7723013427349077	1.444173683417223
2.6307317712375324	1.197648629376142	1.5676788945567108	1.4479925784160792
1.5880493868310244	1.2095972032618327	1.67347326965821	1.4548934418493875
1.1763745753510397	1.2085903069358377	1.949321596984777	1.4698731135918646
2.049020944084422	1.233799218646523	1.9944603077647347	1.4856083156996398
1.8005257261513545	1.2506300827637347	1.8910354823789906	1.4976489136720619
1.685750630643191	1.2634257730794185	1.8429434552703237	1.507803103378981
