-1.0	-1.0	-1.0	-1.0
-1.0	-1.0	-1.0	-1.0
-1.0	-1.0	-1.0	-1.0
0.9674693747307002	-0.041398876993199996	0.7737737497002299	-0.13577231226007813
0.39684931043874316	0.1429776575165589	3.363231626131613	1.3363025879994481
2.6266241366586467	1.061450935583382	2.6969201650148222	1.839470133566525
2.6145847962648157	1.57354361594171	3.7034355014265685	2.45404881286938
-0.5235950759145644	0.9499116443480733	0.6655457641397251	1.9221964011788146
-0.15043043058529837	0.6519886515468609	0.600797427801619	1.5644210823969562
0.4800628427251181	0.6092688305808867	1.1848105665371844	1.470096112022771
0.9362881531736396	0.6843420124558468	2.0061309962542477	1.5931526031302092
-0.008336173862099838	0.5365797246789048	0.7737816147145398	1.4183641691255962
0.21239765950515332	0.4719992797738104	1.5791349660594287	1.4503917132892696
1.0697887570493378	0.5836941105484483	1.9813656711805536	1.549602539386032
0.5161683663151231	0.5718148065304303	1.6596313628416555	1.5689588260468885
1.4181919703745671	0.7124832211317849	2.4988074497948443	1.7235002346246824
5.146636719826393	1.4108425378798648	1.8350598644957952	1.7410704285068421
0.6633388925401538	1.2989749840034528	1.748503970332815	1.7421830432152525
-0.22766354383696763	1.08134243396559	1.4105982397449979	1.6949132383235397
0.34729655879270016	0.9814386736045573	1.554427587094692	1.6757930497958893
1.9955154871131109	1.113473793494229	1.5573369922814448	1.6603699038884288
0.5785743550522007	1.046721951692032	1.6449745211398632	1.6584488852251558
2.2521191910031795	1.1911480933781724	1.381093568538526	1.625217814871474
0.0067139861161866765	1.0546785319173861	0.9897995076272057	1.5520056315891257
-0.34768266190641917	0.8990695614921314	0.7069948187913426	1.458241700941913
0.10187498232065795	0.8137634965082103	0.889916389194874	1.3974266995336904
1.5294402586507232	0.8877120972218073	1.632545260202933	1.4217211914744419
0.7930574065273466	0.8782571069178744	1.5848331140478078	1.4380140934594339
0.5645284400072177	0.8479282794281489	1.3987676764498271	1.4342200983998397
0.4268007376672398	0.808487041859183	1.503548245067143	1.4407132873449147
0.01206263260070739	0.7361534215862753	1.20123922185225	1.4189637069619025
1.595139278431252	0.8118785228636822	1.5020593059447074	1.426289460091552
2.3758857041549977	0.9458218833605208	2.2905027582201405	1.5003018371657468
0.9982333343183911	0.950186391398486	2.244524543670661	1.5622704943843715
6.5988993438953525	1.4078347356325818	2.12182808798935	1.607605360657434
1.731513023666575	1.4333698698758846	1.907874355404509	1.6312938124584426
1.2704592260089789	1.4208478874285775	1.9179659093221448	1.6533306060328505
0.9517592696525743	1.3856904740925615	2.517505052991037	1.718099556517461
3.2456455024978226	1.5216955892707067	2.55830389976414	1.779537772670118
2.8436540405815487	1.6160617762298952	3.054409514542284	1.8705427623710293
1.909206650070022	1.6365017253886602	2.959534122172142	1.9464732756879868
5.929788275860747	1.9290556977963726	2.7553975645897584	2.001595618705422
1.5252806260400882	1.9021525546443088	2.412554603512766	2.0289774100554596
3.922964355498416	2.033872692455844	2.766850066488876	2.0770732233169613
1.8030880264057814	2.0191493790483546	2.649780060394756	2.1136095700015236
3.1092439617971657	2.0872456485806903	2.276814713300262	2.1238047194640033
1.9180984444474642	2.076894925956879	2.7823026055530065	2.164101240098315
1.6016432916168895	2.0483937726997903	2.879414565959015	2.2070001097162177
5.3277137218158	2.2412063757626095	3.2612618788378462	2.268987217743848
3.5724236651481167	2.3179735200496427	3.1794031608991027	2.3214881873606052
1.991615054833939	2.299508834950174	2.6364063559353106	2.339306492561542
1.5433331962606402	2.257517280084457	2.5254998670015567	2.3496468630387795
2.688393226865177	2.281010641276159	2.449791016304136	2.3551076611020214
2.8786391458131573	2.3130143716058362	2.515391115722606	2.363691467731134
2.6518818757846976	2.3308422836790363	2.7112482288486333	2.381976526842411
3.4097238150847895	2.38662535858034	2.5886242214990123	2.392661100622469
3.5545491628514334	2.445988980610922	2.4868256927499837	2.3974469825341305
1.695201079522513	2.408463283078825	2.202859439917912	2.387721391486739
1.0638145921527813	2.342355859216211	1.9324663213651405	2.3653392629521695
0.944763915139065	2.274753668978222	1.8923986327557665	2.34246312833719
2.8748543258411563	2.303320410138515	2.048077533332286	2.3284494354086664
2.6105082360427265	2.317715842854008	2.00077168970058	2.313095083356743
1.0934807042467294	2.261230539248362	2.0477441684537756	2.300851935218395
1.5365194622513525	2.228299181327101	1.8872513374315463	2.2820575659931617
2.4544267953172048	2.238421402451838	2.0079968759373195	2.2697900504366495
2.382796866303017	2.244788770698971	1.9373434462375427	2.255127408069751
0.7908934239727166	2.1815944283232955	2.084121688215281	2.247694879231069
1.4456677760547483	2.1500636633026726	2.1594136706286307	2.243912490646333
3.5353476957421153	2.2085813203057465	1.9866750468869259	2.2330468160978825
0.7965037942776014	2.1497608080116097	2.009442393141231	2.223732620863552
1.8637807083857525	2.138011911534452	2.3013249372105813	2.22692117131434
2.990251076764278	2.172553070157872	2.8011884720446942	2.2501961412637606
4.491190484994611	2.2652760781595704	2.559899697091524	2.2625819030053607
2.2684564654173878	2.265401864729281	2.615083915595618	2.276493275279513
3.477696388378291	2.3126232649943326	2.858825684316386	2.299176625151335
3.9816434248079418	2.3768003935428323	3.030946357797011	2.327314443907042
2.6665782503435254	2.3878020652287324	2.983877447290671	2.352241373539621
2.1737167043713694	2.3797753216319855	2.540200140723629	2.3592877345651986
2.6812887548367104	2.390939848698622	2.4994559859528263	2.364477882019087
1.7936572577185008	2.3690924815778724	2.7931370050437776	2.3801563904600322
3.9620044943864867	2.4266537706854527	2.8751349631158045	2.398042331968036
1.5292874449644533	2.3946118296587247	2.469563120060387	2.40059598508634
2.278395454303093	2.3905104942149182	2.355810163748258	2.399015181058199
2.1550486470978725	2.3822975955842387	2.6150456788129057	2.4065486003687284
5.3906690279333045	2.48601223361597	2.5920841823180223	2.4129445168849384
2.5877165326822014	2.48947799021781	2.591818723073741	2.419040532691548
2.261317216366726	2.4817885474576364	2.3982234455124627	2.4183388050116967
3.835727059590308	2.5269098669302794	2.4112949165720616	2.418103261988461
2.015763287724657	2.510061971511434	2.43345150076133	2.4186089701055846
2.8423802637076476	2.520895617201879	2.2607264742005917	2.413460957262506
1.9098512118780882	2.5011883022915176	2.2749098396733345	2.408992526326677
1.9320408751018108	2.4830269455845433	2.190399689932595	2.402016985450424
2.0376512699012377	2.4689647918420863	2.1556663419515605	2.3942386848832835
1.5215924241155743	2.4393644472306786	2.308262368699248	2.3915520802397188
3.254144718318102	2.46455942350938	2.144025638301271	2.3838979881869946
2.248701782228059	2.457952402343806	2.20757347440958	2.378500958354225
1.6906852868454592	2.4347059445161587	2.164970679984761	2.372031549039253
2.0324198428876388	2.422639268513853	1.9778524210320256	2.3602080435372677
2.1800440385469924	2.415434905469203	2.1451211460820834	2.353820621177225
2.2770805647716754	2.411366087624771	1.9274668284707288	2.341282646248287
