0.6728733791352746	0.4605959354622544	7.452787280563895	6.380180053854702
4.8380355319690045	3.5344767811513274	16.213660015060245	13.285345728451476
11.687729769795832	8.239403651023146	27.188419503979336	21.30827115686973
6.047908729646549	7.171651619607154	16.11942923894474	18.7801354784206
244.77141383481847	107.13285943590118	24.26681706215912	21.08845223050302
8.121415111362738	70.51757716625535	20.408305324248623	20.83692641218058
5.36291455719922	49.03504175492626	12.618441733871695	18.127159643912087
6.341069291864542	36.33901749439215	9.333845116941236	15.512266310587979
2.63529023674333	27.213572374437746	6.945693080225359	13.192824996828183
2.821995059506736	21.152792211444137	6.229664331646349	11.462629701635105
21.040441697624196	21.126999499189303	6.008434178061119	10.210517063884975
19.732960263232766	20.829621380488923	4.741947052265482	9.043960011719298
2.593206665732674	17.196730531479634	5.017923240586524	8.241929928407615
2.9457662941507	14.533999022672264	4.549354152941716	7.551988093770941
2.2355677396291536	12.370441222457867	3.524978053770302	6.843550269755709
0.7825283635512086	10.444522057794064	3.543171576028241	6.2950245752646214
4.001829910134758	9.429826492426407	3.267226095385584	5.818159461873227
1.2741600786770824	8.209290202216463	2.9353211835277624	5.386728024140709
8.053388491469544	8.18706493246264	3.0933606265598232	5.059793024687637
2.425628283481637	7.40293284781324	2.2528817042104023	4.677772142013973
2.188820119737442	6.724044028615076	2.4756184618674957	4.391046963603522
1.993664494700448	6.133723511225454	1.9963083002460573	4.0921992587940865
0.1695782829662389	5.419125426488148	1.7649401205062971	3.8133575185885835
0.20608116014662947	4.818482159553882	1.410939099092873	3.536552907708298
0.9936237224046596	4.394067918364444	1.3023940602884263	3.2886462900809157
0.6475321819955391	3.993158421863474	1.7715885183216757	3.1263093908256634
1.554750089276855	3.741208141817731	1.7849581391186504	2.9877136313115926
1.2306175888355289	3.490429112404703	1.728224063459387	2.861905255053787
1.231211119246146	3.2720253100920065	1.730005999092131	2.7524818674512095
1.9109355460704904	3.144550639108596	1.5110693347588824	2.6362157157821
0.7245366108264626	2.9247573899018806	1.8572753471191352	2.5654697069377757
1.0426828945676556	2.7588414408378954	1.4668274109417077	2.468617978348446
1.4296122514763523	2.6450049364744523	1.4374543700680245	2.3803080763404414
0.5729014595643593	2.4724707967934436	1.3653482292512216	2.2957973918659396
0.8133536030454009	2.338053124855019	1.3845257812696414	2.2219687073735224
1.1117923431795314	2.241315539360971	1.5104999884107113	2.1658423449759465
0.7357217463533601	2.1255837069768164	1.0802408422437395	2.082394610568214
0.12581119395600382	1.9757036231949017	1.30367396538335	2.0240308520661645
0.9631777969167328	1.901665149372974	1.1949458090601435	1.963406058445142
0.31789351884087735	1.788609934270966	1.1853239645733975	1.9078636274459582
1.4021750672242415	1.7616657627449315	0.9653525153908382	1.8421470259542327
0.5098504800138397	1.676364830554312	1.1559026265938521	1.7953852157609695
0.3818412831950051	1.5901121012260444	1.1212682320948604	1.7504696310793344
1.2126361042893943	1.5655077217958477	0.9967721122722655	1.7013424146457168
0.525660352699356	1.499169532398858	0.9196358584007893	1.6514726560875972
1.348822812082786	1.4897781398995935	1.1843274357353182	1.6222913965230763
1.5368106035023241	1.4926565940160614	1.4252753427701474	1.6102354452605305
1.1942345549597384	1.4747602947573086	1.394236898482914	1.597282242899448
0.33370597687155357	1.4076705362737365	1.1314159169272302	1.5698911311332164
0.4508495307204501	1.3524942995593965	1.263211979724264	1.5522064212413382
1.5984559586294145	1.3664108213085404	1.1837266963022848	1.5313583225985914
0.42677419663184324	1.314231061865073	1.1448201726370622	1.5098934139712723
0.5964605533461054	1.2750960472920756	1.3759212226388016	1.5025889134471635
1.7302855870652678	1.2994718875940983	1.2592863460730803	1.489560379131738
1.4063657262568028	1.3050955642320101	1.2110492552531054	1.4749074602604306
0.49051139985707803	1.262977796787152	1.1084620682412654	1.4559605340402193
1.2698407133761678	1.2633263992846242	1.2894978389525424	1.44749920704291
0.6214147738156999	1.2312421950917356	1.2615147643820612	1.4382031520328624
1.7211774378149136	1.2553288062983605	1.7644220150196936	1.4542409465088069
1.6325468417857087	1.273574893592143	1.7993146140400391	1.47093217915217
0.8536516726318104	1.2535854008395582	1.603411475497309	1.4772389120087586
1.732990538236507	1.276050331315036	1.5182310880946353	1.4791598925592324
1.6481449990945851	1.2932183418770653	1.3231548266889037	1.4719618089261752
1.009388347260673	1.2803208532678227	1.4437319503879853	1.4706788865514429
1.0322348281073976	1.2692161324650462	1.4092593946917154	1.4679298858793879
0.9777490374658215	1.2563613133248501	1.3734910347651983	1.46376496132712
1.2499290961275076	1.2560816309322624	1.5141302805369206	1.4659540103790105
2.385830931680256	1.3044863432286093	1.6221730838401704	1.4726476808155904
2.215670747134238	1.3429769238543523	1.6795966027721247	1.481389998848364
1.8397892762208743	1.3636720246970073	1.762875723385858	1.49311558744725
2.218790514961681	1.3988045690114586	1.7642914173247992	1.5042568665394045
1.8846117253593455	1.418494958369001	1.8557623935899898	1.5185040081517927
3.127407464426679	1.4868347615251531	1.9431314911901665	1.5354853164939648
1.9572660652162512	1.50539994221353	1.835881613699733	1.5473402635814488
0.89551751387078	1.4816440752884792	1.654396929862656	1.5515102017192604
1.41839520415443	1.4792119719673864	1.7527082951394783	1.5592466770585278
1.542467347061037	1.481613151580023	1.8534194373411852	1.570414752488146
1.011051466950451	1.4639714661591392	1.5818237895349787	1.5708428484515111
1.1768441564448229	1.453339624711194	1.4367051963350912	1.565876006957735
0.7998416010506855	1.4294365004152145	1.387341662414335	1.5593457023129988
4.1258734637016925	1.5268760324052293	1.5035522787687716	1.557329230945676
1.0250754525327128	1.5089581800956604	1.4564444854979617	1.5537266430507763
1.1933497469920686	1.4978210017830142	1.4910826301013125	1.5515156637585439
1.3780421726142893	1.4936429995325011	1.4380763220091932	1.547558746413737
3.4527451731896095	1.5611841049138553	1.7775869072569477	1.5554889660735096
0.9118344944406227	1.5390514157102566	1.5228670053045579	1.5543767498474637
1.1854290646659522	1.5271335278445193	1.5112005469669851	1.5529211953949171
1.6207506437163994	1.5302535165371665	1.5351012347938733	1.5523273415358987
1.4515387267253863	1.5276588243605365	1.3279097749571283	1.5449301973030254
1.0327308286519203	1.5115227363930415	1.4523598512569094	1.5419119367231948
0.6820578477968227	1.4847705101339468	1.4097983907505265	1.5376505825442481
1.6827318439441692	1.4910871215092536	1.3708138875775373	1.532326863206794
1.5259653466188268	1.492188387048425	1.4894599584883692	1.530973463901327
1.6668531654956191	1.4976454708653604	1.5723959513264125	1.5322674776781144
1.1109492975747406	1.4856874800609705	1.5659127160503017	1.5333073571341052
2.13496460298749	1.5055598447752403	1.5355226054438695	1.5333751456937947
1.1522860782037991	1.4948564638964803	1.5352647147925866	1.5334324586222556
1.8009761753591707	1.5040383278207723	1.4830320988896912	1.5319205445581408
0.6764774848141311	1.4794611656721868	1.5151026014524445	1.531420731972049
0.8614331658584091	1.461287014578272	1.3584868933608556	1.526335481398596
