-1.0	-1.0	-1.0	-1.0
-1.0	-1.0	-1.0	-1.0
-1.0	-1.0	-1.0	-1.0
-1.0	-1.0	-1.0	-1.0
-0.7817774434080966	-0.9081910202630319	-0.4254875159769328	-0.7582953576016074
-0.8058028004446642	-0.8703270122598007	-0.38216577644676064	-0.6191995200641278
-0.9563291665342124	-0.8986833035582265	-0.6903461816948355	-0.6426577458632754
0.11967300697180483	-0.595852026375286	0.9298801063948154	-0.1750280774544556
-0.6187108385489865	-0.6020412240222479	0.5457137866127886	0.020115951859114967
-0.10697739697911668	-0.4790285459447131	0.26577853092642045	0.08115781314541115
-0.7283891980602515	-0.5362739505004124	0.12149329326946323	0.09041753874171676
-0.6333826390132365	-0.5569892258310991	0.061157832618422336	0.08417577500031759
-0.6928371928774311	-0.5840515832901216	-0.47318742230843247	-0.02685695179049674
-0.8436883665434518	-0.6325636030414468	-0.5017497059585256	-0.11558862601386866
-0.7025102825944008	-0.6448687732853041	-0.3095163233480517	-0.149704780226793
-0.5095266278780708	-0.622374928528025	-0.16608691511531926	-0.15242769155365155
-0.7021594716964865	-0.6349406221515397	0.11211122497564197	-0.11076395757631663
-0.8165433589261725	-0.6621183598904331	-0.43859240053939774	-0.15982506693901866
-0.4044887189135412	-0.6253915099857315	-0.03525152832992151	-0.14206623313647526
-0.4339587537144779	-0.5993374943783782	0.060053110629053164	-0.1145577739593785
-0.4424047590839749	-0.5789043906658091	-0.11179525197126083	-0.1141978975938076
-0.5780337285669829	-0.5787956889144381	0.24246695326076018	-0.06968829685053246
-0.23365049743293964	-0.5374418348433568	0.20231427731768425	-0.03709805512356246
-0.6293552376109708	-0.5480319925541355	-0.22855663858380393	-0.05915769538873494
-0.8534547807200046	-0.5819223479546486	-0.38190383097599656	-0.0949701826358047
-0.3874427482177488	-0.5611113065677406	-0.11659015141917539	-0.09728349714523643
-0.3383053037937388	-0.538089538511204	0.039892826030873074	-0.08310942552909695
0.5462323151494075	-0.4297781987717867	-0.031768009552403886	-0.07798098408241894
-0.5922446448316985	-0.44548420204604955	0.07443452732228373	-0.06324664985016692
-0.30276018069735133	-0.43211720380617036	0.3433498946780964	-0.02516630745497106
0.1381029561094047	-0.3803279381827589	0.5765056685754977	0.029479555624194242
1.1160891291552204	-0.24840969007611824	0.8533427330799743	0.10210815986014388
0.18327495508708536	-0.2114397624880836	1.079248149253166	0.1857914226998727
0.5835793163238836	-0.14524216148575597	0.9678439633709017	0.2509093865733256
-0.29533450830613583	-0.15740231002708938	0.6089199577990694	0.27991466263444
0.8044379044439578	-0.08152411410682303	0.5941599666970385	0.30470506354101
1.432654532556442	0.03486867854882281	0.5786613234625091	0.3257640237056152
-0.279174361554804	0.011331751576886484	0.46826115914957245	0.336444339006591
0.3633706755215176	0.03707368251755083	0.6581799224112386	0.3599703929835374
0.4713894571164803	0.06807660269431781	0.7851523748290536	0.39032130490059336
0.7383063706395547	0.11480822249480926	0.8879653034382478	0.4250193638531272
0.34512407856998717	0.13050224792157739	0.7905114727831746	0.4499245107551266
0.5077582894505539	0.15563860801327234	0.5982885034512069	0.4598100262778988
0.17734202625600837	0.1570533866437116	0.7524011060723199	0.4788818188248223
0.09358272469100681	0.15300431542630433	0.7775726686346134	0.4979373456810061
0.7255902726234438	0.18877295317829468	0.8434514599153604	0.5195212292184201
1.285948580662803	0.25591411783426565	0.8364063944685294	0.5389129830790715
0.23031049279935067	0.2543787045362298	0.7912076550557827	0.5540435529638135
0.045773385939535505	0.24211360228899825	0.5412017340370243	0.5532886943700897
0.3705255795241311	0.249518759850488	0.7447197425490795	0.5643279644348145
-0.13712893049763164	0.22764275496660158	0.4765794886098311	0.5593635741528475
0.3329969541174147	0.23349359067431585	0.4367350953285707	0.552554073140018
-0.005479063787459437	0.22046428333781165	0.4537846053487604	0.5471691786569579
0.5701112429610891	0.23918826366629498	0.4892292765646895	0.5440668335817844
-0.12649313622808178	0.2199493425568515	0.44457804214671537	0.5388326208738643
-0.1291928321324618	0.20189703601191833	0.3939068993849806	0.5313392212146264
-0.30708500479118916	0.1760260776796514	0.32998940940245536	0.5211048049384559
-0.2390290096781693	0.1552807238845786	0.3283438019884519	0.5114701515961704
-0.0437406070050852	0.14549615240060731	0.4124854903268296	0.506603672848261
0.3114316568752984	0.1535224399518167	0.3924601233384466	0.5010823554883772
0.001856166157301109	0.14630278254165519	0.2920731069994238	0.4911330299333452
-0.03643153132555199	0.13773984928711003	0.41668565670852264	0.48764438147327205
0.06596727219495024	0.13442844843469182	0.3550750437610273	0.4815279005196187
0.7855037878833904	0.16401344354837621	0.45629415874773294	0.48038112190067195
0.03856013047752627	0.15839782833907212	0.3591892868989819	0.4749562607208475
-0.014472612495944004	0.15077337052631457	0.38189043045999926	0.4708515218726803
-0.212670787008707	0.1349760516931513	0.29328174864607703	0.46313337680244104
-0.03680343420458554	0.12761637940821569	0.45702352856650297	0.46287193394116466
0.10178108691418819	0.12652515617131455	0.5891659634450679	0.46820697488015406
0.03186905442589261	0.12258243274018499	0.6112482518823872	0.4741657374472745
0.2905990329775119	0.12948540323887991	0.6246532283993955	0.48034852920686033
0.3915754405111209	0.14010815692056444	0.4603862447006557	0.47953972245275267
-0.006503189299766121	0.13424520016811603	0.5034675286593333	0.48049658790146776
-0.15759724346302995	0.1227281120220407	0.4586518019015624	0.47963472051514566
-0.1495323717159145	0.11212339843902908	0.5276326242349223	0.48150472330677085
0.21693999661712793	0.11615357417238892	0.5088953152908875	0.48255763154900055
-0.02062717943776926	0.11096055256721638	0.5007751216753005	0.4832492020915242
1.3895938682034616	0.15889839184404964	0.484064172735732	0.48327989977571484
-0.03793754361807811	0.15160973783014198	0.4704937328419454	0.4828062969746074
0.2680554080556894	0.15586912626252403	0.632513690029171	0.4882823440016917
0.4394263737666251	0.16611577231190977	0.563754161781308	0.49100947270109185
0.36357183100481194	0.17316593692063198	0.6005908375002387	0.49492188035600737
1.0172422088265805	0.20295035590204158	0.7117074839470725	0.5025713639455789
1.5711097023506388	0.2506662623831355	0.6787928684951259	0.5087169477088587
0.5049255134790687	0.2594318143754617	0.8012166785335757	0.5188008253372878
2.5896155535120986	0.33885300226855475	0.8544726488396686	0.5302414427671414
0.19709239448083493	0.33407538847905127	0.7483743182426403	0.5375926011362935
0.04276176440021495	0.3243666002562302	0.6834222392458107	0.5424522555421285
0.0480297095705986	0.31525819702174696	0.6350994641236101	0.5455057325669845
0.17549747881834277	0.31070170885393766	0.5746058692956164	0.5464545522936373
0.17761632844171715	0.3064092790923434	0.6040934322387232	0.5483133117865389
0.4026157786105067	0.3094790522160522	0.5573358502362393	0.5486011212555189
0.04146359760442775	0.3010167927905474	0.724237506887909	0.554146282164917
0.8740975546306629	0.31892238155590147	0.7672404788917864	0.5608042998404348
0.8260948168723528	0.33460503637541117	0.8541099423762502	0.5698736772750865
1.7217283160699934	0.3770603962143435	0.8628268796429075	0.5788399193965039
0.727233400939665	0.38766995247704084	0.7815790393935307	0.5849825485754678
0.432517624729567	0.3890151051373232	0.8375177297259901	0.5925572613655621
0.6260449700946922	0.3960545654182972	0.7513079688601016	0.5972719956552328
1.513891698572147	0.4289265189194318	0.6811503460489481	0.5997384566271124
