-0.5368485705470938	-0.5956196645931011	3.443683380867106	2.879807038746963
2.1867652834217854	1.3581982549444116	10.51732800363892	8.242948963510653
16.279477016478992	9.968693503362035	16.782591543170643	13.170848011883798
51.27199753050603	30.09271227301722	15.971035878733932	14.535170492250487
10.641349463642106	21.909280133520227	12.110420413906308	13.515047704386749
12.023453676218328	18.253416019481918	11.862262725467817	12.903832971446727
6.502777884032784	14.379041940599842	9.227572688186893	11.691710268754306
11.958381984301685	13.659202342075744	9.43052826650507	11.019295324878065
7.876954516481803	12.093630981022004	8.862596322738563	10.435358560838951
6.473147819633444	10.697062232255536	8.121630942157871	9.860447100614667
15.825763876678181	11.874451574975994	6.685690522774883	9.131622463501966
6.601690044468522	10.749663441142125	5.573794882024399	8.372664640698948
7.221967258712487	10.046909264899442	5.039710611334053	7.7087049367046365
4.402594658502857	8.992293872061285	5.981641963630493	7.386011401306886
6.004813718164223	8.466731029354737	4.761521426615111	6.9243065010820795
7.347097784564841	8.280645779678611	5.16354758995488	6.631666110170811
6.5704029961284744	8.011289250725728	6.534774293566056	6.616405094228033
6.134572380801673	7.730430271836656	7.367227094998233	6.728770575071633
11.225234323368337	8.228638459273652	6.6420178464858255	6.716403764399817
7.278367572002228	8.099305682936436	6.264641837453954	6.654918208513738
11.165511676804996	8.498532931607345	6.058942724841497	6.5773212138940975
6.053223109458135	8.193374585346259	6.191930493580526	6.529227402599046
6.6280736941378215	8.005828767360796	5.840214250401153	6.446674432377747
4.671628642238658	7.6216646065879115	6.237562478101074	6.422580890959054
8.980421503304273	7.772437499702997	5.5199318627369065	6.32242241052081
2.4174788236142297	7.199413510511189	4.0211965567501	6.076172874468025
2.203802302046484	6.683238073045583	4.009754327405461	5.862659537892411
4.331200895426651	6.448296977371062	4.375185926456916	5.714078418278912
9.368826625975373	6.730630983420116	4.957809376157256	5.640968090182376
4.052072057898569	6.479766709649553	5.092702596765076	5.589619655003603
6.181053594841428	6.452636720580676	4.828516826575774	5.520494004504944
5.654518466124164	6.382278736371413	4.843167366089331	5.4607844113339485
8.463364105371006	6.5605062311433215	4.845720548664668	5.408110708930248
6.564725454770906	6.560857784745786	4.485420203533809	5.331282787285194
6.768452611992965	6.577677985539513	4.38073528554086	5.2542723750393225
2.548919181492027	6.259855410205265	3.9088204358164793	5.148131887946426
2.1961817325723962	5.947489041146022	3.7252291133343283	5.038756985608884
3.544155644217952	5.7673626490052445	3.369721453600457	4.913665212071412
6.943566737959038	5.853370062636398	3.47429382513058	4.808414757098386
3.3093270824130236	5.6717677358595076	3.288133973884669	4.699892091593779
3.545172555142753	5.523490639488013	3.894741562981034	4.643752737421368
4.51788503225134	5.454967164370214	4.236758783387433	4.61601977112777
3.5573453310449397	5.32853024276318	4.3372633233357645	4.597446232599396
2.2068499302741227	5.125053513287209	3.7396277825836224	4.541532308493882
6.91263631642274	5.239094081594353	4.532667377750394	4.540966472894328
8.467964542083843	5.440796085548665	4.792572467584787	4.5566840154964865
11.642867605282458	5.820329069798865	4.5978276202628265	4.559202320762569
4.648003730989582	5.750024307123737	4.552410863916361	4.558796237736294
5.950938672659856	5.761837502685146	4.471808207436616	4.553681785610909
4.7856719330278175	5.705546001715847	3.7879643421021676	4.509525995231061
2.5801977548455115	5.5287168516021366	3.6830394587159807	4.462764688512507
6.274358742923891	5.570125389822969	3.7539729191368343	4.423404944578511
6.332490769573839	5.611693920836898	4.212550064697555	4.41190991668484
4.4991741066562465	5.552118853055438	3.9099600321799963	4.385030865873962
4.385598584771802	5.490746227988395	3.461977326460369	4.336467418165592
5.729890889045148	5.5031107281607845	3.8448714111387563	4.311049359397997
3.5629062991178033	5.404492259350247	3.5794053323936526	4.273860527233107
3.845525773174031	5.32657221027425	3.3843159697741134	4.229399553665695
5.100217141310251	5.315443415148863	3.395414265185038	4.188397867789956
4.9007111131963015	5.295382392908581	3.1624070758767635	4.138769940932567
2.1917619278982436	5.147640064754704	3.1947346905555865	4.093830841173666
3.3400299829496367	5.062936241415534	3.190618197873752	4.051506882674894
4.119019117413485	5.019385373968444	3.0050037845373847	4.0032226174382926
2.3410592007872646	4.8976806845447864	2.9196801276785314	3.9539856104586315
2.577931105125888	4.793842798154352	2.830290446707998	3.903686201154075
2.8857886718107824	4.709689048332389	2.9652912293453793	3.8622988792589057
2.499869013711348	4.61363800395658	2.9523955229554733	3.8227496299521846
3.1127667056451793	4.5493338118063065	2.909461304155782	3.7836204009431027
3.0091036068223893	4.484271570345117	2.986932501267052	3.7499667296014074
3.3771918496203464	4.4381562536894075	3.1598450225999954	3.7253854575419068
5.716975388823074	4.490697499246031	2.955991563896516	3.693775538553478
2.1627433393728213	4.396346046608939	2.9315349700293503	3.6628825281126467
2.8911649948252744	4.336154364088382	2.8369704549473944	3.629854659256239
2.1582728952730057	4.250207349869065	2.5719562438481076	3.5881064835713916
3.768789096270191	4.2314560095416915	2.5203460209005932	3.546516097932928
1.851580562919887	4.13994416547202	2.4881570821163472	3.50581949672011
1.7817653536417541	4.0504143819888085	2.6452345954930885	3.4731469440522673
2.0010654402456627	3.9735817952743906	2.849472915474606	3.4497647846775257
4.877708779631741	4.007059499550647	2.5871250243993806	3.4178219411039246
1.5414035720412222	3.9168728719311954	2.4337350946022465	3.3818269406038217
1.9013342732233984	3.844037685824608	2.4401304487333872	3.3477966975439335
3.2828451477027505	3.823999109765028	2.736784314859055	3.3259792674522304
1.7530966470394422	3.7509238264398803	2.436969328478821	3.294608926516542
2.7869921365641663	3.7173047296863686	2.5517251126507174	3.2686992271199617
2.9426340245372518	3.690596977293808	2.5854923822695732	3.2451447942575022
2.05465478228943	3.6348370831214423	2.3248409280354623	3.2137766882937013
3.0315627349117396	3.6145056489868255	2.3960441368222685	3.186217826599478
2.460193566898828	3.576035485835309	2.3787429646822136	3.159306654302677
2.8990800159506347	3.553722622864208	2.4989870293449123	3.137542115174756
2.7611626261330002	3.527883239499885	2.543903148823378	3.1181880524946646
3.629629590393537	3.531163543042764	2.450597376246108	3.0966559828015114
1.7000095653057836	3.4727325740180115	2.2917133247197	3.070970268867695
2.3673242872244735	3.437830978808047	2.427080586786177	3.0506402972647084
2.6606108380172673	3.4135465805007366	2.5266373256355834	3.0342675439771893
3.3019566056213874	3.4100958003089676	2.617817286819511	3.0213897793835462
1.698836326172041	3.357719302920753	2.396632528350966	3.0022677583274273
1.8015215394364459	3.3105697933228564	2.3781376545884716	2.983357877681756
2.253250261592928	3.2788556683224686	2.3705081792579015	2.9649756028120144
2.5921982901142497	3.2584636282403467	2.463270211320132	2.9500762605345763
2.336648632617786	3.231355421241912	2.1587065688832427	2.9268040747177673
