3.7728112999179046	3.167170605895021	13.378614940968388	11.554056251190378
-1.0	0.2409426824539005	-1.0	2.738475266165238
-0.8622134059601304	-0.3956461725825904	-0.08666836748732498	1.108193754733021
0.046381569734110784	-0.18027899266062086	0.6640574609791097	0.8917993124355132
-0.5222946339893801	-0.32416920582602526	0.1163666317839882	0.5655651904828953
-0.5395868311006286	-0.4038325526991363	-0.19963503315671371	0.28258747699414455
-0.7251477922623204	-0.5097753562212527	0.40397906524363747	0.322612090557888
-0.07375534395203631	-0.3801148685147837	1.3437839014317423	0.6262808060734983
0.11321879579320848	-0.2465425111360926	1.2526701692311564	0.7958785429488702
-0.5920717897083425	-0.33239904128952447	0.4347684938736993	0.7061506051983288
0.31353035715560407	-0.18411378572745674	0.709203261760651	0.7068515254607122
2.2581380333092516	0.33686789206261714	0.9534675774292005	0.7594596773867479
0.30686983118442623	0.3308920407000915	0.7371514185739063	0.7550157461163365
0.5480615576065606	0.3714692780303348	0.9363547330284394	0.7888982134329368
0.17820165082932116	0.33746915513376585	0.5064889960131342	0.7392161177879346
-0.24181709354846237	0.24119125838203015	0.7866188476421558	0.7470941768632995
0.8189607548520776	0.3321875253141533	0.8839518741202679	0.7686488281833634
-0.1318841577693749	0.26273690967688923	0.9173435677517923	0.7909017875377444
0.12453339136844499	0.24303503096903745	0.7556310460664761	0.7858736357139362
0.021363217203955953	0.21286545614876262	1.5579806601887922	0.8909574370007027
0.5264899177325972	0.2537002021196113	1.9866999437698736	1.0336258086265495
3.4825780094794645	0.6566438423970993	1.503723832965178	1.0922913572115993
1.545761340861667	0.7631742849427932	1.3977634290983953	1.1288918984817342
0.3599622595476497	0.7167168066900842	1.1684113301615153	1.1334458473262026
-0.3951511553178716	0.5933416069834208	0.8625082252133349	1.1033824049858367
-0.10840690461832547	0.5182489620239474	0.7085435322582436	1.0611317514798575
0.19587119214808424	0.4849390570373917	0.9907392174339755	1.0538585176428406
3.102684199698155	0.7464213915330362	1.2019661477045283	1.0686525833450213
0.12468535019934102	0.6863167819254727	1.2634008058507042	1.0874793587559326
0.5023609685009898	0.6690881894692959	1.1418128642610665	1.0925681346491478
0.3735462981648914	0.6422462354008127	1.2134039309278046	1.10354291973217
3.8323755974022733	0.9234755923743185	1.7545898609109676	1.1609368639684234
2.6985277331049997	1.0754926828159066	1.3404504388176406	1.1763105913878342
0.10607959309864468	0.9947743172550079	1.0355682950872005	1.1645918248096723
0.19209182828028015	0.9297429556364187	0.8596529752594291	1.13988672810222
0.2749304027475956	0.8780858140464871	0.7166953173938169	1.1065018412814047
0.39109149755189865	0.8406516441069536	0.7149517815286104	1.0764043351051553
0.3872033229283871	0.8066666865089338	0.7798190383949968	1.054176154260131
-0.18526013640452033	0.7341344542001331	0.7126448570150976	1.0292026173005309
1.1089763721542432	0.7608919143501212	0.6636565808361155	1.0031086512177696
0.11413199097179483	0.7157966628921775	0.781703264533147	0.9876713132684689
0.3875139336426512	0.693426768529722	0.9120144380081752	0.9825157880670201
-0.0508545726687728	0.6438360546655719	0.6336476270334008	0.9592710877970401
0.05429454794761934	0.605408817927447	0.5667844926375722	0.9336883396974203
0.024074457728561205	0.5683218854747722	0.8049957095477327	0.9254782166449147
0.02431923915146772	0.5343390764162661	0.48731128712258176	0.8981068003500889
-0.08057467507612992	0.4967100119066492	0.5859626051137865	0.8790056556423096
-0.1378268887591635	0.4586560454495032	0.6223499368668883	0.8636138421900597
0.5380673098914102	0.4633253795490293	0.7192325070790409	0.8551250141561524
-0.24517760095673846	0.4224686590809219	0.6163093918134543	0.8413536709173461
0.7002664885901408	0.43818652237119804	0.8018055133013708	0.8391163776685531
0.6089635585870978	0.4476705033628763	0.709180430010325	0.8319011546542276
0.4055444277471085	0.44537374235751637	0.8555959311881911	0.8331931764712339
4.454753536639811	0.6600770043558717	0.8643906742372816	0.8348640353786245
0.2377567961964544	0.6378580214204639	0.8603362062292428	0.8362038219872541
0.31741133053563875	0.6212893816155753	1.1214525713998365	0.8509523922201547
1.5508638754320447	0.6685385163199069	1.216155714092888	0.8695152339727048
0.596679029646056	0.6649467568598249	1.124508001217749	0.8822602108718447
0.3975449976941252	0.651800399107757	1.0441123090210729	0.8902173087211498
0.2726388701684974	0.6334602004023027	0.7976500370574502	0.8857398851546183
-0.1198007504329216	0.5976025237214369	0.7187192059155831	0.8777891122556849
0.39603281269443924	0.5881568703692466	0.9714936571537618	0.8821798933580494
0.7733584629509529	0.5967021489974254	0.9295507503455498	0.8843657880847637
1.3111205302866402	0.6291657651020583	0.9981436428401236	0.8895359985495801
0.98734052783671	0.6451984045468568	0.9956893648164256	0.8942875112844413
0.5630151041468066	0.6415740191885635	0.9105082317702677	0.8950032566702968
1.0623672735108252	0.6598642129350176	1.015904654662671	0.9002584448388116
0.6635545024503899	0.6600223807767247	1.2857457578874953	0.9167747292867712
0.5104705018685367	0.6537053026772264	1.3142338967821927	0.9335645254483742
0.8566251716283879	0.6621582035320217	1.3675528299260025	0.9516427191174461
1.4231907565628887	0.6934252428245242	1.2552823774249884	0.9641177868844926
4.112963284335859	0.8320200321576354	1.3507906662671312	0.9797900906906218
0.9619713327636046	0.8372169539695646	1.2201859330268698	0.9894036913463227
1.078706700190812	0.8467471138209046	1.4181121385577522	1.0063222208424758
0.41588125833805156	0.8299646684823401	1.2094304096610466	1.014234221962428
1.2041972934670664	0.8443544887882022	1.2701308353472154	1.0240737466687544
3.1007794717976624	0.9300216513280792	1.4250036246994515	1.0392955756682802
0.6813149498712663	0.9206972195943217	1.435313214240749	1.0541426453977918
0.5274085358502771	0.906134243954575	1.3439752652132935	1.0648746584309485
1.3245938538996174	0.9214398874323289	1.4941066970100363	1.0805742959519575
2.1593414980369237	0.9661727261301953	1.394069951030862	1.091902407742415
0.49600208963370096	0.9493840587240618	1.2465362919212009	1.0974231117557571
1.8391240601601653	0.980779569349937	1.2336567535924488	1.1022300219951449
0.6479112669458957	0.9691700486583641	1.1430398927043712	1.103652980884053
1.2996890929010734	0.9805643731380196	1.2512514331994011	1.108741007424642
0.788627392367407	0.9740222681141402	1.2131201471448887	1.1122985155105054
1.0906110039557122	0.9779512266941666	1.145079834752078	1.113403061664327
1.2008078734295817	0.9853778874090235	1.3239319313966225	1.1204188524110594
1.1909867362526954	0.9921546995879134	1.4518667904266818	1.1313433829479091
1.3279666869642481	1.0031027809933288	1.4035203070360174	1.1402167943319883
1.9577945294175758	1.0338930068738872	1.509568972167144	1.1521287075425186
1.6125557068417513	1.0523575250404953	1.5297265508353237	1.1641774447670201
1.4165152656702689	1.0638550579294068	1.3113698655637296	1.1688246880363735
1.5171107658503118	1.0780165739101597	1.4555067853211074	1.1777817134648187
0.9414131112523185	1.0737925336994336	1.3782688580236826	1.1839813351160147
1.3253589383616924	1.0814921303509784	1.2903222804243781	1.1872360270867324
0.5764318559980854	1.0661897938164588	1.0982268761777578	1.1845391113236174
0.9873875709262219	1.063826409834875	1.2169344746034474	1.1855111251035924
1.0782844830888205	1.0642559194597525	1.121123824845062	1.1835990851858553
1.5994451423039413	1.0799939665627813	1.163245230124768	1.1830003488320915
