-1.0	-1.0	-1.0	-1.0
-1.0	-1.0	-1.0	-1.0
-0.8032599504967026	-0.8864689118616734	0.7018456265166824	-0.01793058246306467
0.3719762034151002	-0.27332245870576466	1.067134495478101	0.5107407152464225
-0.6866612308440203	-0.44721926091810515	0.04008450125931118	0.31272974521785346
-0.1464345524194668	-0.3359865946010453	0.49135044429676333	0.37878503847988965
-0.5873466226493687	-0.41886404422944457	0.3080436783850793	0.3554603989637395
-0.9044390817856222	-0.5632608356813349	-0.4176980686661995	0.12554405942590519
-0.8226944178636905	-0.633503720883448	-0.18382226540517332	0.04178162247978068
-0.7040184786490298	-0.6510251256339081	-0.045192874128153315	0.02017030405413145
-0.5164836840937727	-0.6201387061417111	-0.04455194244134042	0.005311942321793106
0.36645183682796656	-0.40967900696889736	0.011102929963257013	0.006547251163582013
-0.6716096879002459	-0.4618583867480164	0.5028461454569242	0.1054155413677329
-0.6080167585838665	-0.48916744767592046	0.20269460109144122	0.12359173065511664
-0.322978943256074	-0.4599313378261648	-0.07892174692030907	0.08796526381633041
-0.6455672921529534	-0.4907841331604498	0.20001360540831392	0.10658786176179236
-0.027140232909952045	-0.4177623223619905	1.202630091511414	0.2792095418011611
6.570070789001238	0.6280012141195188	1.0943187746518537	0.4011945620607571
-0.32565038756608256	0.49205190136349697	0.9960661472099865	0.4859976931474954
-0.02098586866699914	0.422227229000389	0.9818141677299554	0.5534780053451323
-0.3854186971355331	0.31706997944282356	0.6193922307029669	0.5620602121609473
-0.5473548056841757	0.20919536449652232	0.5620392965679617	0.5620575484312302
-0.10274056232491446	0.17182070918067516	0.4510932703344057	0.5487625573044468
-0.11056434200583065	0.13928459381600344	0.8445706915872446	0.5828455850231968
0.1916354948153094	0.1450936679814585	0.39468145990711756	0.5619665974068087
-0.5523106561970702	0.07046579240013684	0.3515260974983869	0.5394479781099653
-0.2875129939549025	0.03347743726613417	0.3247912366636634	0.5172686335241317
0.08604623704844849	0.03872845664871116	0.4412450321873391	0.5096747486060749
-0.17672122943073765	0.017900389832502306	0.13920561006228493	0.4738605790772725
-0.2682994744649386	-0.008904016090178324	0.5079325461823743	0.47705178206331156
-0.024904362909265343	-0.01035714494937745	0.7538984006506388	0.5021959698414411
3.0502668397353174	0.25945577771188133	1.1569438920140036	0.5599162829513677
0.37828069552894505	0.26963197717218335	1.2087232712340645	0.6154805768098213
1.2070711955231905	0.3476883504993695	0.9407858598391066	0.6425674121458012
-0.12177643422721174	0.30965354546565105	0.6070308521459604	0.6396887292862918
0.5170673275966657	0.3260161025794637	1.05070616981207	0.6721132709664912
2.0475287897429175	0.45834605722754085	1.032839533405442	0.699841945654724
0.8620923786067585	0.48860682962399005	0.8930545633500948	0.7143235124869101
0.9917406333719048	0.52539753903532	0.9674770482443735	0.7328350054885793
0.08614316338735395	0.49404199370357027	0.7236270440740344	0.7321776156989788
-0.060021968072278775	0.45540983872535135	0.8620961318237923	0.7412361217697176
2.1398112361662327	0.5701886069620759	0.9040099503885848	0.752328126249812
0.10325629799963121	0.5390773751964166	0.973607406954142	0.7670717717494964
0.13284293649939927	0.5125984109531037	0.8486301994868539	0.7723881465451847
0.5204731054571365	0.5131011093153561	0.7937628495552225	0.7737521520875372
0.11784227592386931	0.48841010135336616	0.800409628694523	0.7754175580328646
0.1718492758679666	0.4690384872096758	0.786206120333075	0.7760779404148237
0.045722732793498366	0.44365192489035143	0.8254487095868823	0.7790392577978478
0.5346512529559868	0.4490025381126017	1.0753944152265476	0.7964641112991468
-0.012551918926356764	0.42238645592866697	0.8244156492769963	0.7980762250664641
0.11781912518163828	0.40515452607482505	0.845758091135945	0.800774419104719
0.06917487652847898	0.38649700309213264	0.7723032689516498	0.799193582424157
0.5635566727852255	0.3961511711090593	0.9831396849894669	0.8092233079502351
0.5938493872836164	0.40673796050565203	1.1170777448578977	0.8257089827346176
2.4607606032603107	0.5148023673376052	1.1853554554766643	0.8446303230643897
1.3671785546215074	0.5588742360632188	0.9335212300674045	0.8492264624784049
0.7721158444449283	0.5697129494367079	1.2498172993939	0.869587880892783
1.6929172191016857	0.6258531103603877	1.0687449005810308	0.8795422114527134
0.8008778591730263	0.6344577415832946	0.907418266652734	0.8809125399713906
0.7849415768906274	0.6417366482606288	0.9025480198049112	0.8819589657652391
0.29190265920884095	0.6250834750269858	0.9137190225957663	0.8834709256818376
0.17869775646706998	0.6041659005060669	0.8367767458675339	0.8812827976974784
0.4901262528023933	0.5989044572944151	0.7244320517015357	0.8740461241152835
0.5945283282815157	0.5987054108352481	0.9706745828463983	0.878436728659201
0.6958301189771339	0.6030529280097854	0.8248871430128069	0.8760396742593377
0.2929054857488709	0.5893740062722779	0.9326733624402106	0.8785374882130732
0.5013215773924022	0.5855469196395267	0.8179416360860248	0.8759038565221589
1.2320729847970004	0.6132477334264497	0.9833835830207511	0.8805091828092078
0.6851222599386317	0.6162842829252322	0.9573066726565631	0.8837537581943968
0.17837105686774768	0.5980427603939258	0.9807487463981983	0.8877939629343665
0.5666240040120738	0.5967519861490851	0.9236696775876938	0.8892679938515666
0.25332909488217714	0.5828331798047723	1.0215359613623463	0.894628994885845
0.6672402207545902	0.5862089283840646	0.9415133444702981	0.8965042735805975
0.8862174103526705	0.5980488941407618	1.2053380410537922	0.9086926019982149
1.2931439790646513	0.6251237108179901	1.193610560609529	0.9197904261536254
1.1527848823123148	0.6454136094558491	1.2466245208215834	0.9323580749008376
2.9852798290420433	0.7342485982310687	1.1082131642997544	0.9390347154204606
0.3460469445013319	0.719694174290032	1.1199356763088004	0.9458165403385532
0.8505019018271012	0.7245376088665418	1.0669425113333117	0.9503014508538674
2.1211447604475855	0.7756216849396493	1.084298788988809	0.9552027897487847
0.7368228458151296	0.7742192189016073	1.2225375206057172	0.9648628422156533
1.1508785308749112	0.7876680925588255	1.3178237344155082	0.9774655009831388
7.302601871892655	1.017557079805817	1.0704329291302042	0.9807457714191568
0.37301852285608805	0.9950777759000666	1.1369964337726794	0.9861950757293734
0.6205758172638125	0.9821661117037692	1.248993068772351	0.9952545738605925
1.1001095282022906	0.9861855825701138	1.4046169672686326	1.0092066981239385
1.2424122645617333	0.9948204361143982	1.4974430619317216	1.0256605140069825
0.7307097815929366	0.9860183468921013	1.454798802357955	1.0399621439270965
1.7183954509391919	1.0101580647063009	1.4700695777516852	1.0541388422173932
1.1380788697515527	1.0143285205853223	1.4376986190792818	1.0666437575675416
2.0153795245477717	1.0466139862858266	1.6267230533662347	1.084707048383064
1.3346860595252714	1.0558059060792773	1.5739364684242272	1.1003176835048314
2.197785330187311	1.0918616262344734	1.5734987250107197	1.1152573331050637
2.6519506993370423	1.1406057172378823	1.479144203465903	1.1266267782578114
1.370468148377428	1.1477135855701017	1.6461876013233216	1.1426928100151645
1.9126112048385453	1.1711248423709315	1.5293051088874372	1.1545259020130159
1.4268025923676877	1.178870927969022	1.5443147438228477	1.1663352455530278
0.9204002474132023	1.1711179698194178	1.4396189159809563	1.174532188079875
1.2110706369278788	1.172304485831285	1.32580678725876	1.1790247462280399
1.146202698074656	1.1715367265735637	1.3633484348702227	1.1844449376182284
