-1.0	-1.0	-1.0	-1.0
-1.0	-1.0	-1.0	-1.0
-1.0	-1.0	-1.0	-1.0
-1.0	-1.0	-1.0	-1.0
-1.0	-1.0	-1.0	-1.0
-0.9695683214269313	-0.988746106690017	-0.7652266319808395	-0.9131788136704612
-0.9756823606846511	-0.9844387814620292	-0.8235000500578346	-0.8836102966382566
-0.9102656160228222	-0.9623817169884323	-0.7249962482651509	-0.8364428417691016
-0.8773822591851729	-0.9393677175564418	-0.22908728051824667	-0.6719984847684234
-0.33029724176357145	-0.7880268117685891	0.2625945275412307	-0.43977221613329587
0.5937111427245625	-0.4708232761890857	1.1809423726993127	-0.06770721188395112
1.0265871060599983	-0.15139548011539206	2.3744305241140657	0.4532499527395957
4.714770414801696	0.8179969848720718	3.1493071642959443	0.9903334208041463
3.6807779785422197	1.352895629519912	2.597311205098219	1.2905905515817078
0.7042209661230943	1.2387795674406292	1.8999872779097657	1.3977959789802585
1.8890773927521458	1.3468596135129336	2.692889872666718	1.613041597893392
0.5271138200878291	1.2177532499133004	2.28324665170952	1.7185956710605166
2.1885337271144367	1.3630350477400417	2.0545251256864456	1.7688688655328768
0.9288247640431742	1.3011355515239806	2.168461567614635	1.8258335855608325
0.5308533595453748	1.1962997972626752	1.3694973462311761	1.763725761283966
0.8945708425916139	1.1570142990065833	1.9298987490176556	1.7853622639894535
1.1713672088321987	1.1588057277651367	1.8917974676648566	1.798645057527089
0.5035044832908127	1.0802904535161333	1.741234295245854	1.7917665431117702
0.27759099070680415	0.9878042122844217	1.5553289526664011	1.7645248733967693
1.2116521701036413	1.0126433363064424	1.5733910960471569	1.7433167814564996
0.4560984768779821	0.9530889313085522	1.3120084887001586	1.6971639666026372
0.24917286507864933	0.8803562525956792	1.6475292026508073	1.692035660345086
2.341790625846267	1.026336398105804	2.2254586820139015	1.7453181407536817
1.3871244322427954	1.0612145878068664	1.6099320063437261	1.7322300564881932
1.3177713724601632	1.085243177134073	1.7736402110936411	1.736108842478472
1.0677623867076136	1.083655524596698	1.1987980952737205	1.6873086396943453
0.5849133562249824	1.039688551613891	1.037322676386236	1.6300086596933343
0.1423903256496375	0.9628432826069238	1.015202845113493	1.577356410223357
0.6939765562960964	0.9404560070377384	1.318644892337312	1.555814707741296
0.2827621781965981	0.8871711908643847	0.8578562260758844	1.4992677932374407
0.17924066058968036	0.8313238036043247	0.8173119407129137	1.445469609639991
0.07082021674436212	0.7728653292139862	1.2247675261371227	1.4285046961558137
0.1350136295428288	0.7250593297750301	1.036786953227805	1.399146194687857
0.08735927014725209	0.6784289832272348	1.0563353503706603	1.3740788823505126
0.13790118427557396	0.6398443150374624	1.0957879845780285	1.3542136378332281
0.6200565195418122	0.6384646048462934	1.1927440457633542	1.3429551592216318
0.4795355873293792	0.6276348895383448	1.2121640438890227	1.3340428177424766
1.009452282758895	0.653075187713857	1.5329259463964524	1.3472944304759253
0.26634023996018086	0.6278670225373224	1.1889279013386393	1.3369716961414224
0.08713756390049454	0.5933706145852264	1.185242377642568	1.3272920903719805
1.406718532342048	0.64417935158724	1.318104196039625	1.326718482060031
0.7932286846838295	0.6533003780691591	1.3275540328671371	1.326769676924886
0.6156039680353949	0.6510398368315995	1.283418836391697	1.324170099895114
0.4689206766305585	0.6403321700310236	1.3466554196934024	1.3254925975541263
0.586211211789667	0.6372112684163385	1.1804218863132734	1.3171269683740308
1.4751891489768312	0.6846239560258478	1.29571634693513	1.3159161212174344
0.5099165246076394	0.674922441091304	1.42604653276687	1.322032470376521
0.7724434405880598	0.6802397990164062	1.4232677345404179	1.3275524191946917
1.378455261444917	0.7176299613913832	1.7176521349970542	1.3484430561948764
1.043041387655871	0.7347499893306755	1.2841636494531579	1.3450609638425224
1.6044090465938154	0.779714790508748	1.5599385340067307	1.3561705492042684
0.9097347955558552	0.7863234908010048	1.4686654768054606	1.3618884548393542
0.7066377453018371	0.7823405151023202	1.1753353312362007	1.3525639921369503
0.38050059604544706	0.7625849492689127	1.097205495446329	1.340009995486851
0.6462333928253625	0.7569570070422675	1.1754952155784943	1.3320523858547353
0.7605850775587017	0.7571296106937504	1.2370880428059667	1.3275316443692358
2.8265383059397475	0.8541024315931762	1.5666330807853148	1.3387363934411378
1.2695402313866349	0.8732705417332833	1.3554563796186838	1.3395079776204715
0.582060601745201	0.8600378318319029	1.4123625161124278	1.3428185353359496
0.8806529231459828	0.8609609006157495	1.4228981755026218	1.3464034722402598
1.062734406274831	0.8698601322787618	1.3145357623721505	1.3449980642025268
0.6004421836371523	0.8581497082177583	1.1874179730785541	1.3381487518689137
0.4225468690746579	0.8394864934123769	1.2620834089221318	1.3348900352391415
0.6348499553206224	0.8308424654648405	1.2201639481886475	1.3300440546874541
0.9786397620837903	0.8369989976087233	1.2057694151460359	1.324867332480712
1.0460184793937395	0.8455870370497913	1.3569981363041106	1.3261879812595407
1.2404102555283028	0.8615894927572139	1.2810650462136621	1.3243594365177125
0.41729125976172377	0.843822093668793	1.3135248958863195	1.3239261475193187
0.6140541069996102	0.8347548698810048	1.3936939602665022	1.326679883880952
1.815722699325212	0.8729655050909335	1.3447018631513812	1.3273822851962565
0.4550046656671838	0.8568940870504269	1.4626398511582086	1.3325834516614705
1.7334755465854634	0.8901740656249573	1.5156722446268218	1.3395345023227168
1.4760427232849458	0.9121389089883716	1.5490429525411549	1.3473891134628473
1.2890844392814111	0.9260967703046623	1.7817943430099668	1.3634746479939857
2.0183032889051615	0.9660464792162149	1.742349134569217	1.3773327024880366
2.3345960415096516	1.0155003681828632	1.6079657012938058	1.385666322160156
1.163117494592568	1.0207710114327857	1.6681334748748498	1.3957519358204524
1.4515382145232865	1.0359708653039745	1.3530233011009902	1.3942437450840668
0.6488925031466943	1.0224706809369355	1.39537957172289	1.3942829595596988
0.9509585665040465	1.0200051543943411	1.5455548494153573	1.3994980299405495
1.0732937874515378	1.0218210974367716	1.3738247456006034	1.3986225836869668
1.0386501852184749	1.022387763687894	1.4357521960604478	1.3998733049570768
0.671113994944821	1.01068087416142	1.5184494758895952	1.4038249830373677
1.3250351638575282	1.0210418360097782	1.4264166587961271	1.4045692356480988
1.3632244080457836	1.0321975211096301	1.4777550876432946	1.4069549378772241
1.007368743828283	1.0313966546967919	1.6381849964039743	1.4144124624215912
0.9542806571887141	1.0289358072660146	1.5651521130728692	1.4192222176821283
1.242104048807326	1.0356663172937495	1.7157965492642644	1.4285861481742446
0.8894077957217745	1.031096441200574	1.5269348572741923	1.4316588438994091
1.8324899696258194	1.0558772836081012	1.7169186640038387	1.440479605129244
1.8545027366114213	1.0803207475089995	1.7497425158412794	1.4499451830061187
1.8729165494085116	1.104334654550323	1.7156527256629812	1.4579955124998398
1.1281749877205032	1.1050500705045203	1.7203688481587158	1.465865802502781
1.2668399251779356	1.1098549097906085	1.6790707479545417	1.472197568581505
1.30853479793842	1.1156974406870663	1.7128717654254517	1.4792750171764242
