-1.0	-1.0	-1.0	-1.0
-1.0	-1.0	-1.0	-1.0
-1.0	-1.0	-1.0	-1.0
-1.0	-1.0	-1.0	-1.0
-1.0	-1.0	-1.0	-1.0
-1.0	-1.0	-1.0	-1.0
-1.0	-1.0	-1.0	-1.0
-1.0	-1.0	-1.0	-1.0
-1.0	-1.0	-1.0	-1.0
-0.9916086802424374	-0.9979149385066414	-0.9302530199234584	-0.9826693837635508
-0.9786127740426547	-0.9934837695603667	-0.8255154971063422	-0.9465918017630354
-0.9386885880740266	-0.9817948529858708	-0.6060836663515816	-0.8739545547688823
-0.9458446965714534	-0.9746331942104328	-0.831107154570456	-0.8654188920738475
-0.8892326056573546	-0.9586764540116086	-0.8169693574855845	-0.8563662939185859
-0.8970542272771252	-0.9478357945692392	-0.7757227262420323	-0.842179384879454
-0.9073303460444287	-0.9411037617578258	-0.575843903203393	-0.7979142482437855
-0.5801215898550756	-0.8842506640161392	-0.3966318692957512	-0.7347140354479209
-0.46532379711970706	-0.8215561513738983	-0.2575669498684351	-0.663306569139923
-0.3936141084233553	-0.7605501135956547	-0.25070292623090396	-0.6044871109408851
-0.4865399750413605	-0.7232573195515182	-0.28532311687692835	-0.5610488780653327
0.1877719865988985	-0.6046393703983828	-0.06697833646604567	-0.49671985803895213
1.2813943516876245	-0.3692744616933401	0.354035765935385	-0.39055099301912855
-0.1584696074592301	-0.3440166477999085	0.4644722573911415	-0.2881056362231249
-0.5073181857964937	-0.3628321043546817	0.2062679387901285	-0.2311441497697415
-0.18502712927118647	-0.34310234427965025	0.20833195029159168	-0.18237872174243597
-0.4481460132295575	-0.3543428125864748	0.15181108188433234	-0.14661755868410153
-0.5593228831102841	-0.37552248977273806	0.018670370604330522	-0.12953883207933048
-0.25139651063905	-0.36312369449329673	0.024349543753423797	-0.11416710213125791
-0.36536340941680545	-0.36334015858321334	0.15087109489884165	-0.08854516472347596
-0.31193682650068977	-0.35852583063936927	0.3168524974450222	-0.0505769041169557
-0.06268056830801116	-0.3316561079948669	0.4054274735549874	-0.009160965223636408
0.9329270881058334	-0.2201752921342991	0.8017394147604089	0.062324995988404464
0.3938889372704706	-0.16758613491930274	1.011638984481575	0.14362530770115578
1.0995506218364133	-0.062077266011465904	1.2269033656182904	0.2338251499000119
1.543436406524961	0.06799849146259596	1.6290666144288517	0.34686511987817137
2.551034149701317	0.2638822665486593	1.5969195374277452	0.4454806387133745
0.48357596938791914	0.2807701601366839	1.3507154561139747	0.515065064057528
1.6226373354709311	0.3813420186948089	1.334197765574241	0.5764586040140387
1.0236966279033735	0.42831268528920585	1.3657163955296365	0.634171218849293
0.79098638913556	0.45420176412156144	1.0953288426927443	0.6670904494622933
1.0286390724232701	0.4942545118948096	1.425141469082872	0.7199456856420279
1.184646708589959	0.5412994367828277	1.645167551653993	0.7829924102656691
1.6981821807229127	0.6183818493599189	1.6308664955131444	0.8394858661332982
1.7896157500658139	0.6947255421532503	1.868121491529258	0.906534752656333
2.0443368174065895	0.78082604900698	1.5982923735007617	0.9506666353052127
0.9072892256319929	0.7887262968890203	1.3630217900524473	0.976426117307909
1.3567061460669496	0.8234839426241305	1.5754231823675968	1.0130818866708657
2.208983832180085	0.90657489471124	1.5227623333966451	1.0436485948248513
0.7362569289947516	0.8965611247086425	1.2614753587605203	1.0564564152417737
0.33099546528362467	0.8639472328320514	1.2755656984475823	1.0690921578024124
0.12344740766695494	0.8220506087002366	1.167730939147818	1.0746735305862036
0.6976922754501287	0.8151448191284465	1.1334965618557051	1.0779402125377429
2.2418451096740086	0.8929331822763349	1.1352810506395818	1.0810667793513962
0.679437897653054	0.8815007184111479	1.231505061340278	1.0891230589774321
0.3925410260519251	0.8557759135809306	1.0892852157498125	1.0891314958459137
0.2813866926163562	0.826077241640585	0.8687222731062263	1.077735179399943
0.3563397940315285	0.8022010286574652	0.8788959616422336	1.0676283758397638
-0.048821762906929744	0.7596651142038753	0.5809991214125807	1.0433056046903788
-0.05747304355034688	0.7194920054800216	0.7786777649740086	1.030295633974069
1.4404280714882223	0.7543643430558356	0.7961775859223401	1.0189713549472712
0.8122846909217896	0.7571215181058051	0.8156913457045138	1.0092945503600466
0.21707591275370586	0.7318151769868597	0.8409330377617459	1.001405293743697
2.732383150633396	0.8241201549471016	0.8025319215904079	0.9922295859082833
0.7113518301504165	0.8189959291163895	0.7100314942620547	0.9794063908016131
0.390609034826535	0.7998203449546826	0.8037427630699951	0.9715433842786645
0.10068901441731981	0.7689855369496681	0.7516545906728143	0.961845430659326
0.7872841765067153	0.7697811848952645	0.7610445467020865	0.9531177652336671
0.71479691989048	0.7674255814003614	0.7461511457830292	0.9442504807082768
1.2869802277225544	0.7893728634702109	0.7313763145382537	0.9352585609754331
0.22202826884886906	0.7657400566588215	0.7446491482275648	0.9273188476763086
0.09465583933025834	0.7381687601372777	0.5363753734559755	0.9112571909372413
1.5766241325856263	0.7721516899542253	0.5866770403716974	0.898102185870451
0.1376908217360886	0.7467799920685425	0.599444355447702	0.8861592793296273
0.3972049196771097	0.7329847101064619	0.5929094203798229	0.8745868426600545
0.25402697532780816	0.7143288195115733	0.6537687004535411	0.8659859350768007
0.9597973580489669	0.7237673518825118	0.7201557425333278	0.8603781808515578
0.12291731168052888	0.7009556381344477	0.5528505032094715	0.8487026455383906
0.7191635968991348	0.7016382533496535	0.5548232048176789	0.837684704890584
0.4352716054066179	0.6917750215129683	0.4964468984679602	0.8250490976977858
0.3046307149523988	0.677614369429876	0.432144756307864	0.810677758854861
0.45420482607474266	0.6695407865677898	0.515598446084178	0.8000142594076536
0.6734170423705832	0.6696788096377324	0.4315185475465171	0.7868562170187285
0.6073614631784363	0.6674794498148766	0.493625795429832	0.7765087452275445
0.6029044844530189	0.6652269933363331	0.44553083072601996	0.7649651368350994
0.22192540902102564	0.6499436547774218	0.4751862901051349	0.7549745511578803
0.2649217065997418	0.6368203878173277	0.39594799544778625	0.7427372934191967
0.9433870893675027	0.647151741456923	0.3511390993168577	0.7295397742560816
0.558839284862914	0.6442084184595565	0.45659679130401853	0.7204433158303409
0.6913795215331766	0.6457630046548741	0.4444427817140604	0.7113459761561172
0.4183058321233526	0.6383470948543226	0.5152916795596916	0.7049538626669878
0.1773838059826207	0.6234798800648307	0.46394177864788433	0.6971804705873035
0.26598564151863835	0.6120724473589993	0.41894712795899336	0.6883021580654496
0.015952898769977963	0.5932509282999023	0.40992287158938456	0.6795126818122952
1.2542382628981876	0.6139029961512599	0.43548611826325656	0.6718881531121996
0.03020708422956897	0.5958536091784974	0.39206414068378836	0.6632351712774414
-0.10897018956383975	0.5742810792891673	0.2805841198746164	0.6515233456145006
0.36484204735229175	0.5679355196128748	0.2860768214266447	0.6404510953224942
0.2563499634881079	0.5585894459401299	0.2815534813577325	0.6296858976233757
0.16472057545295904	0.5468922282207433	0.25359039496002	0.6185165071998973
-0.19223872689893884	0.5251566490350879	0.24174151820251044	0.6074367086403534
