-1.0	-1.0	-1.0	-1.0
-0.7238961363329741	-0.8061171680198811	0.24389582631533813	-0.12652419168928108
-1.0	-0.9179994757696281	-1.0	-0.6305734063582722
-0.9384096617197973	-0.9279438363716452	-0.6112013900795962	-0.6211348632162836
-0.9528881331477956	-0.9384382148088017	-0.4783330399880854	-0.5610563485291025
-0.9062059750168965	-0.9265184665373541	-0.4389963697753886	-0.5159175842034904
-0.8433029306330917	-0.8990809716573457	-0.4376585805025909	-0.4901143350321272
0.2025852116984499	-0.5714756267480557	0.8618858957848741	-0.08806654660640245
2.2537656460076594	0.19347202540935937	1.1052990411077248	0.2350429471539408
-0.21465077450022285	0.09206233571984801	0.6521876356659866	0.3386944089619106
1.171284511726828	0.33981783526366405	1.5158854708492195	0.6089404787956378
6.121260910110123	1.573115817014008	2.347065435400817	0.9797173127479455
2.0162250237843082	1.6613881756033022	2.30499530769965	1.2437272443711125
0.5778090737081125	1.458926155195098	2.58165360608565	1.4937132588567774
0.9093123732042985	1.3622371020738862	2.5638319064983097	1.6819696359106584
2.4622464533293718	1.545058710214073	2.2909372088204556	1.7831798023173926
1.3498126173687153	1.5143082862034523	2.5473017728654876	1.9035255033881993
3.2349222498282995	1.7718070601081397	2.9391121684171333	2.058506507546265
1.365509264587812	1.713886398587153	2.462319086751817	2.1160723816512146
1.7127067808944805	1.713725228876358	2.4727200638164732	2.1646113698980214
1.5161599467131395	1.6880020554578197	1.9686260391872232	2.139093955867152
2.0401968620618076	1.7319544002012655	2.4472151774229927	2.1775462998281903
1.044662224857782	1.6496061836899383	1.714937663452627	2.1221187600019973
2.555051012946436	1.7539314391132854	1.8812328581233442	2.094364456702306
2.045104053735412	1.7862412621502304	2.2820432612963195	2.1151904294887625
1.2223547820498832	1.7259010843958236	2.0843292172576753	2.1118884107629916
3.8419728761374934	1.9445471264510505	1.3396167899252363	2.0320931488209864
0.7400671298667736	1.824233314807778	1.5789027307952375	1.9868244954376921
0.742698204059377	1.7196788076789074	1.3250391173560256	1.9228481153519028
1.1002728937019661	1.6616674855347386	1.1836674652505836	1.8536191142274165
2.992862984652949	1.7825714737619949	1.287188513274419	1.8021745689534954
0.914467329720009	1.7060432421266465	1.5017586826471225	1.7756915217433753
0.21117774948933477	1.5780215628067076	1.432471974909951	1.7462977675822913
0.8442910862156245	1.5169272917706884	0.9801879405366274	1.6825074213210547
0.3566328484172576	1.4229228411020713	0.9646918942632436	1.6243517173426163
0.60385789945437	1.358308172408381	0.9002461438904852	1.5672282742567165
2.09820085031965	1.4151828051578526	1.04295306178597	1.5269285164419344
0.3903576885177358	1.338373963790997	1.0399635571063301	1.4904317512529057
1.093614863165671	1.3204764436449383	1.1720084811580032	1.4671477102054036
0.2695636116785769	1.245458752736981	0.6306234011988885	1.4074338303726717
1.2570664918625094	1.2462682180267532	0.8571585734702483	1.3690659708811257
-0.15177587312537688	1.1510029969280042	0.6389899610629091	1.3193174906701737
1.4652760959872144	1.1719426713225678	0.4890250068720523	1.2639958903834172
0.06767137736956697	1.0999642554756268	0.6152592533434165	1.2217100871852296
0.20539250090545447	1.0428940434769074	0.5642263271519061	1.1797652048541933
0.5413612175679594	1.0115643198835627	0.7105937460187186	1.1504570518684512
0.21073294239462337	0.9625581714351723	0.7343254654106968	1.1249924477113602
0.6099760444672817	0.9414136113411222	0.7850381409884601	1.1046052266022404
-0.0015670661945644815	0.8859699262028216	0.7136614902494169	1.081619410268642
3.627628058273352	1.0440715666536042	0.5375501969699028	1.0502448248532263
0.14724939554484595	0.9933302142106033	0.6041260221681342	1.0250039389255754
0.5015672769391624	0.9660217684835848	0.6472861841399693	1.0040286813888843
0.11922587615891289	0.919851973062118	0.6334393157743927	0.9838231991702073
0.5609176901526269	0.9006314258515473	0.46715805393477194	0.9561561278487634
0.3116856325408577	0.8696461557915216	0.5539436676896936	0.9349950908025813
0.3129409188144465	0.8408617681448995	0.41986303996102214	0.908360216048226
-0.0010080164839928463	0.798070497032785	0.4333377465768051	0.8842153136161517
0.870857888116982	0.801708562745004	0.3801222086869731	0.8590196842372315
0.5733830142996228	0.7904834159382574	0.4148496169564384	0.8371829332958054
-0.16562518939009818	0.7442358590062648	0.396667294243485	0.8158749350317485
0.26813848127147977	0.7215721655062017	0.24038732866785906	0.7884799443319279
-0.4028394952874895	0.6688824243233384	0.17054009120319535	0.7595233296356783
-0.31629878329092376	0.6234270039241281	0.17137019212507387	0.732386531738612
-0.2362120395429511	0.5843646401479705	0.12961347601742146	0.7049963015945968
-0.16990788443285698	0.5506013429328489	0.0935452121788869	0.6776260214252172
-0.21792473596650264	0.5167058962968658	-0.007310298874971033	0.6474172899197104
0.22512302894914948	0.5040320264699356	0.14644564422232342	0.6256421965017187
-0.17806179349178175	0.4748078868857748	0.17073843614825668	0.6061520894863617
-0.0006321982359058786	0.4547244837245741	0.16852674829316516	0.587666056893019
0.36010880975011283	0.4507835524884294	0.15158425240875983	0.5695011847832763
-0.4256765029801214	0.41477427662655875	0.13979339507667254	0.5518467558376299
1.2485124138289674	0.44856555503207307	0.1901334457504773	0.5371864694592359
-0.17843045579577754	0.42349223345975995	0.39308940434347805	0.5314242464325849
1.1371122419849842	0.45165442231600217	0.40887370495796804	0.5265879612033759
0.5423740424055923	0.4551884070023229	0.23949296857250424	0.5154054505631802
0.3549309887429666	0.4513330917976781	0.35789058274326213	0.5093484564099493
0.3588328866172288	0.44782132725983925	0.3878384736422762	0.5047353169777833
1.5188843316877745	0.4879766501287168	0.4042465059618032	0.5009677464860516
0.2587204023999674	0.4794876595954285	0.3339716899180185	0.49478416547111426
0.15143288780660735	0.467488254096051	0.24714008533459952	0.48572594763097543
-0.10761911784574074	0.4467056562577363	0.18565511995138184	0.47488218769200174
0.1726292128694058	0.4369190485376282	0.14542774118179613	0.46311822864911
-0.4448021708460309	0.40580606448490397	0.07944038012820709	0.4495794776950688
-0.16323428453856004	0.385959788810851	0.09185441953464646	0.4371030684173558
0.1502764966329171	0.37783434527605864	0.14139751022295677	0.4269083180716071
-0.4229558987942391	0.35054011311987976	0.014364873086438523	0.41284702792857164
-0.04358586056661795	0.33725756338644786	0.0804884442289473	0.4016461042596038
-0.2823807020477893	0.31660694691222013	0.0714169453593183	0.3906405419156671
0.02693381947116036	0.3070588600019952	0.04464381743685819	0.3792359865715125
-0.2270170469749011	0.2896465864173243	-0.011274935051865165	0.3665042743394269
0.1269723373028202	0.2843998414325213	0.08292550029669665	0.3573581189966424
-0.2072395434922173	0.26871213087290124	0.029014543954884786	0.34688102331552706
-0.23342429633700235	0.252857975442744	-0.0028611727679771493	0.33583841720412644
0.3799287179580335	0.25682824676873994	0.03926582449849114	0.3265721946611253
-0.28502646266187626	0.24007276782478937	-0.008495461526666914	0.3162110515164034
-0.16464573253467263	0.22768543880851722	-0.0007978548049841772	0.3065082172670981
-0.19835100341041279	0.21477743140475813	-0.006158438279404765	0.29703506533497515
0.6050005863585233	0.2264820409639312	0.15870221558250908	0.2928856998580449
0.04175493171429645	0.2209961176129822	0.11467468945207249	0.28759329936307076
-0.3490839130659257	0.20423176572184198	0.05330853733150609	0.28070363263509024
