-1.0	-1.0	-1.0	-1.0
-1.0	-1.0	-1.0	-1.0
-0.8208121595779533	-0.8965976168913079	-0.2785607603641702	-0.5836852742308667
-1.0	-0.9469778858716522	-1.0	-0.7865243890961424
-0.9470541445554319	-0.9470099664752616	-0.5590918142023031	-0.6908406347915936
0.7242359857017744	-0.3289690068419092	2.055666790856706	0.3248411410933367
0.43258637000010736	-0.07787215211540066	2.881502949883662	1.1678130745383033
16.038265702521596	4.714626657325472	3.5049559887427106	1.8628153452707408
1.5106671567219259	3.847138883366007	3.1518897900208414	2.2118376135439326
3.008057529242987	3.638645293755066	3.4928110317891194	2.5301318327206523
0.3543374544660023	2.884670861240718	2.915285170538963	2.6185503393643894
2.0305745554154533	2.7024747313937962	2.428980026753056	2.5781110429484615
1.882616610489681	2.5391504809077996	2.2589103633195284	2.51452320793915
3.4106363000648203	2.7019842426992775	2.3352100384374643	2.481019591232643
0.4448195414507061	2.3049003810721893	1.7332198396130072	2.349465119416583
3.5136510556795404	2.5057955317847163	2.298377259930882	2.3409742610398716
0.24651407776487488	2.149968875325036	1.173839230358165	2.1571557406151225
0.5485500838920585	1.9103086189714658	1.1281429497498316	2.003158908809047
0.1221450892041469	1.65539399427725	0.8098521025853105	1.8330450714090607
0.10833628700457476	1.4448392339517726	0.6589739679618463	1.6732538039083855
0.13145134773327194	1.2738334280446337	0.614690709756915	1.5354268108520501
-0.06499629997340228	1.1067563260022175	0.7393052739647628	1.4360762985085946
0.6338460537412234	1.0500944509474701	0.5135722493251618	1.325546012063909
2.041445403365943	1.164317517971312	0.4745207131299658	1.2274915756323566
-0.11807905706113364	1.0220201745291093	0.5674380454260115	1.1542509613094296
0.2815018026963034	0.9427789390684229	0.4641621731192651	1.0804061413922232
1.0836439616837117	0.957334272809705	0.48971835814846143	1.0193729930706525
-0.38767841608793296	0.8229829058877569	0.43109376300776514	0.960610550751523
0.8510454886958705	0.825695719410499	0.4385060478455338	0.9101374868903669
0.49593546599272864	0.7948113826284113	0.7639116236704093	0.896442310346449
0.4118776477187158	0.7600323421677542	0.5726252985498625	0.8670324519389092
0.5743585308458554	0.7436643559821305	0.511238397395031	0.8356673455000303
-0.15048593181237813	0.6670886588433964	0.4303635012009135	0.8009569854290823
0.470788977213785	0.6507438557569472	0.44259465485979876	0.7711179856647692
0.34365286937831274	0.6258641112090308	0.5292580831391507	0.7515231388023011
0.14944831033428407	0.5882804868779812	0.5842538249195308	0.7383276530436338
0.12097254359761167	0.5523595174179119	0.5136330774194333	0.7210559649272763
0.20325533126109985	0.5261947324569889	0.6532663672126027	0.7159753622234026
0.8043108930556178	0.5465315354816229	0.47319216074229287	0.6982225962242683
0.7128880933077637	0.5584067386820588	0.5676721653544121	0.688903550158839
0.42824741134602196	0.5493314541985175	0.38399573817537425	0.6676439213155858
-0.11476277189480444	0.5040788636139397	0.3295544603327538	0.6446059334355148
0.26383750103671755	0.48807192349693307	0.28805115873855947	0.6208491461350141
-0.2022569509223282	0.44307503381284086	0.33245583297641335	0.6020511803672055
0.8737118066116492	0.47054805717257286	0.4257625268807852	0.5908046630663406
-0.10310895982634194	0.43471273463719284	0.5078311277663001	0.5856214541707101
0.3931122095879058	0.4321672886693657	0.4648446909325854	0.5782308836214212
0.06307098321022608	0.4100322549116364	0.26627977405049097	0.5595229634815138
-0.24087090499521413	0.371761654121769	0.2813561603427528	0.5431679979544974
0.2597737694643967	0.36530372135538536	0.30478412109432806	0.5294212550321502
0.6219222352272007	0.37982326460351934	0.2630441068437235	0.5143500736495912
0.4104542017284081	0.38152469310109605	0.26569732689697445	0.500542245382336
0.0010759318138562346	0.360781656376884	0.16883241194857712	0.4824566401042938
-0.10131831653436296	0.336036451041845	0.055566936691538116	0.45959699668615994
0.24039479873288716	0.3310044549836033	0.13840796082110907	0.4426987032270078
0.40453553874259907	0.3348063005083479	0.14891294422369628	0.4275085814517823
0.0936760151566145	0.32254973760593075	0.14989399916666835	0.41339755598892625
0.5082540918001932	0.3318315780231329	0.20894413021311897	0.4031785038765321
-0.2859699402385979	0.30145858029099504	0.167389816492431	0.39158651179409
0.13777009337035784	0.2935407634170908	0.11690911411678018	0.37830009427995703
-0.09898958709773797	0.27485510149043635	0.10808509746556294	0.36543704902829566
-0.11663961510402687	0.256509715971434	0.0042148468676814765	0.34851022418863753
-0.09241480745214548	0.24041071144820036	-0.0071952253475024985	0.3320983626237075
-0.4308572081299087	0.20990795962038034	-0.013004190395829784	0.3164167070919637
-0.24776072378661784	0.18942153543355822	0.07490508519338479	0.3056060303605417
0.13756285875532792	0.1871341683113581	0.11868957718443163	0.29736199745396497
-0.11962629850931339	0.17380064646953386	0.062228461388112555	0.28714179478747126
-0.4245191346142937	0.14816573578065806	-0.008595091125137566	0.2744711239814195
-0.24737068459092537	0.13145762468734268	0.02513230092977814	0.26393868557475963
0.008347842620093804	0.12632955877227214	-0.04333786929357464	0.2511390818570429
-0.14509243958016138	0.1151782517379718	0.039466198188540025	0.24244257650723755
-0.3688283428599687	0.09556154752465607	-0.053684041926499226	0.2304406774419494
-0.298737141343832	0.07979367289323336	-0.044477589639626336	0.21944681491843943
-0.30374222909103843	0.06465799591999177	0.05738178508674174	0.21305127287656322
-0.2690040886144326	0.051661370929881434	0.04996810826155218	0.20669894699557956
-0.11204181279806269	0.04536653494070331	0.04639865604602322	0.20053494600950472
-0.20187929787445202	0.035979686711081316	-0.01841237116786698	0.19222247333903097
-0.22728560245552043	0.026109507220193784	0.03586669493147565	0.1863604604615492
-0.26155524087400916	0.015457667347208881	0.003604714351371774	0.17959324514551156
0.006463741864237482	0.015128576744694255	0.024390248114268376	0.17391623887272512
-0.18268541552357642	0.00798006768779369	-0.030219838994625547	0.16653923742311827
-0.31986868821435943	-0.0037263979366116695	-0.04109791370047766	0.15912506716496932
-0.1760778598994881	-0.009808261862571999	-0.029278493592852395	0.15247674967684155
-0.10065905150228083	-0.012976948112763176	-0.0245508274856977	0.1463025136573619
0.031534091760440974	-0.011442640912976754	0.07087224714372287	0.14370175521360729
0.06404016791172262	-0.008870011785310217	0.15745702543048412	0.14417045094834613
0.12515871026341707	-0.004353299464124327	0.16329280006763813	0.14481467858599006
0.5287233039335728	0.013412252734848584	0.045198694309039	0.14149466822610224
-0.10605244070045539	0.009474579281409934	-0.005949629254481836	0.13663476402346353
-0.28182679977344105	-2.2659106099554016e-5	-0.026698940470738064	0.1313095628570622
-0.21944484608708448	-0.007099524347231045	-0.04732156473164473	0.12554828056938816
-0.41163385027598154	-0.020007899910282734	-0.10074206959311083	0.11832745185137439
-0.15724230210302004	-0.024340891609020643	-0.08968395972303778	0.11175979722411822
-0.2954361549902871	-0.03281116931160988	-0.10834421757878365	0.1048826942614145
-0.3806558995649393	-0.04356737376838238	-0.1342770732115921	0.09748728298077469
-0.15570211836414094	-0.046999591884588465	-0.19823821668777275	0.08843592087994323
-0.25947814739928465	-0.05343729701667399	-0.1496596103925436	0.08122206728487025
-0.1807058056100559	-0.05725466704092408	-0.11473823689350049	0.07534429427700196
-0.42423568816426116	-0.0681533042007837	-0.08228252545089121	0.07066305046886256
-0.25271010407798067	-0.07358053588249003	-0.09735440705632514	0.06572219421362391
