-1.0	-1.0	-1.0	-1.0
-1.0	-1.0	-1.0	-1.0
0.4060753816898355	-0.18860812614957012	2.6269385643005436	1.0929663632197566
0.3584966023403817	0.07795527582850492	1.4780569388387925	1.280592413224733
5.119015164529573	2.19879256212096	3.248496234818247	2.1085143628303604
2.1623510767493213	2.1853159788534713	2.5756272062013017	2.2812564631361854
0.23340292069367452	1.5417391003918715	1.289875807295359	1.9543825725453572
-0.255614532547772	1.0072551072988687	1.1717316863786262	1.7216434512867038
0.5407387541572399	0.8809435921592317	0.925787647588028	1.5061617131801026
-0.23544968770661068	0.6035439521903374	0.5261491464997545	1.2626497054674801
-0.4570225552118323	0.3600710076722202	0.6968595625933074	1.1327617211939196
0.7783582706511314	0.4493001071617557	1.011185836270096	1.106827077400637
-0.4771684956206411	0.26473755845396285	0.17026736514067564	0.9202542769597617
-0.3696638003913787	0.14620235407220306	0.04128336696359458	0.7560222810359853
0.2534519598386513	0.1650697301192885	0.4021316033352751	0.6937651911598703
0.06823816181511755	0.14897604527051178	0.484970254065723	0.6590630356795311
-0.4691852046085957	0.05161842180606935	0.21022360613838398	0.5883728210089083
-0.29015511614403977	0.00047027489514217535	0.19788949711206194	0.5299349881543414
-0.3595654077315238	-0.05085513281205567	0.3884502770984677	0.5097655674260166
-0.2919162533690658	-0.08366366942464509	0.3900457190701936	0.49347150092905023
0.6526055290550343	0.012200167074408297	0.774216979212516	0.5300251540253014
0.08281553356061488	0.02101268908193643	0.5646210465402279	0.5343427609654627
0.6829562152818316	0.10032402905735571	0.8514570485808706	0.572338152641966
0.6870830049401047	0.16793034573826215	0.8813162585638281	0.6079387815811206
-0.055396870036089396	0.1431496384746871	0.5898424291882969	0.6059310640267022
0.10898014986447824	0.13949335903458926	0.3521625480362034	0.5787759266906674
-0.20131671777351268	0.10427889593752382	0.5751441037810212	0.5784007888685698
0.7228390465480417	0.1660656488370862	0.4596816065433744	0.5665418487563354
-0.29616197412749534	0.1213810650946876	0.439921634347183	0.5543011898158055
0.22798073301976962	0.13136491775219405	0.5162266233450459	0.5507353853187102
-0.07365820198644513	0.11274401712241455	0.5178053409632888	0.5477444593794583
1.2331570946875114	0.21151505594200004	0.4258732633933753	0.5370007720723275
-0.046926339421839325	0.18938203700370093	0.6174656316973535	0.5438920805412613
0.02731318022696505	0.17588750511385332	0.7186782332053825	0.5584459998860829
3.0359802687467647	0.4076062787805479	0.913116765191045	0.5871807539817573
0.231776466492168	0.39373554041708814	0.9827166230672681	0.6183843217828073
0.976855875039933	0.438559445098605	0.990318552730167	0.6469747471024958
0.9760774104696148	0.4788458016912489	1.1726887243732418	0.686376422486352
1.5763984292302395	0.559101677322082	1.3126645235417658	0.7321722043080892
2.5823053691466673	0.703524742806076	1.1176637276932424	0.7596898166067718
0.5754683087974999	0.694596179020315	1.0135983313882306	0.7773938156902973
0.9424975395155262	0.7114885971637561	0.9106501840225294	0.7864741083253566
0.10737693883510402	0.6712372110996043	0.9099795300554772	0.7947031278231993
1.3419154380002616	0.7149534508614757	1.0011060422702296	0.8081570138379863
0.30333606604177055	0.6886937395742867	0.8326862221191627	0.809721758875042
1.2821102661952173	0.725763562815098	0.6559400021939565	0.8001154057287476
1.4657206651657182	0.7710449817969649	0.5271751149382742	0.7834131404009075
0.3262522669571377	0.7443704226625112	0.7922431486480541	0.783943071325605
0.9126750384412818	0.7542663273632761	0.7182865239797518	0.7800828900935821
0.1742353176807947	0.7208182115651225	0.5980223745470985	0.769584408749808
0.1704935816303097	0.6896815546052568	0.6552662508868392	0.7631167441300317
0.9483596827734393	0.7040467246947961	0.6009835203581375	0.7541133305128249
0.13338861205481534	0.6729328076216763	0.5259942426036812	0.7416757437783521
-0.06242410179634972	0.6335546002035031	0.4667317135983098	0.7269527989460576
0.5827002671106105	0.6308790249119021	0.4143706431246994	0.7105074238228692
0.401587224926391	0.6190236169804089	0.37532159911163254	0.693176805239665
0.10370059787422625	0.5928304831234106	0.423122954451038	0.6794504305021656
0.4232549083433841	0.584354810382274	0.15642352239150958	0.6533085069174545
-0.13632863811241092	0.5489236485431965	0.16076318642522924	0.6290933059534802
-0.30204080332477634	0.507761885372285	0.07203216504845256	0.6021477832848305
-0.13087371509190038	0.477360734424614	0.15933644000255698	0.5810684865950677
-0.2866988186290642	0.4415570865290366	0.05489908441296798	0.5564123353049746
-0.3215297384003989	0.4063489218101639	0.05540045675409866	0.5332961444620654
-0.07601390488091941	0.38443025987756463	-0.005444021595222059	0.508815679666168
-0.33616977203173826	0.35217432823461814	0.10594805331816026	0.4907822539285822
0.2603626410739108	0.3481250203899833	0.024633432477937367	0.47022295683526605
-0.26366730206328204	0.3215330496672335	0.11419007479737342	0.45474774184228606
-0.17914651981099694	0.30008155303177886	0.053143121725351294	0.4375411462908021
-0.2931913778632371	0.27502071887885915	0.05914097123744244	0.42155696791427677
-0.2858640523223538	0.25165699226919647	0.03609749915949245	0.4055007011336267
-0.15456277608656865	0.2349676804592884	0.05460800577706437	0.39108455193310276
-0.07666457214090605	0.2223372378376336	0.003265406691004946	0.3753662569886911
-0.23822848656129825	0.2039193523571048	0.08022209300137995	0.3635635580954262
-0.2171946275854454	0.18730069429656604	0.11219542359574053	0.3536437557804617
-0.22219527703793018	0.17135030530452422	0.1253432834786099	0.3447512315359891
-0.01759487361120471	0.1640848785754616	0.15472439008935535	0.33744420244671325
0.06954449319547806	0.16049558331090852	0.17379403144461802	0.3312311057189783
-0.11213055966721719	0.15027452458706225	0.1933481038348175	0.3260617566442585
0.4961262749294706	0.1630809215061122	0.11014890689684975	0.3180668056583804
0.045445833598593666	0.1587780986704168	0.18511926199735673	0.31320388794319776
0.14848506505554315	0.15840603145694532	0.16722364270761525	0.3079285417545239
-0.2653393827953012	0.1432753399417812	0.12258746761117778	0.30131034209913765
-0.09443819721678082	0.13488706257019545	0.19181959073770427	0.2974465577001697
0.8076095705995829	0.15834896523451492	0.22598456223028496	0.2949540466479461
0.6181548475965204	0.17420082977895524	0.2605441427761328	0.2937675477825554
0.7869212679474566	0.1950846312467034	0.3074615671985568	0.29423417101090266
-0.11372437116937939	0.18467731755508776	0.285829421606401	0.2939507856480339
0.9587671296824629	0.2104748463285595	0.38184751774325965	0.29687981316043777
0.6105549246352022	0.22366138525076829	0.3813268995061141	0.29966292791977844
0.35543754939812566	0.22795747061663696	0.34822187417929995	0.3012459242337424
0.48051121761780435	0.2361027387353516	0.2980976400239692	0.30114429431006284
-0.059799780594747	0.22666073833325195	0.2340438687803521	0.2990031311991299
-0.011505930208571491	0.21914108079367622	0.24959167727525267	0.29744309200788743
0.09756857867430146	0.21534266694927595	0.2742843308900993	0.2967195658391031
-0.11270452733612057	0.20519849702577653	0.25884642309833095	0.29554820125228654
0.7036867722425111	0.22045563261129542	0.17311567385529036	0.29180087472237104
0.06450336186697214	0.21573059889393242	0.23730230812192032	0.290149667222098
0.12455818816789721	0.21299590303348404	0.25750937207058744	0.28917064046670293
0.06381157428172268	0.20856537455248692	0.31244031709554476	0.2898616450974687
0.12085929847009913	0.20598621362935088	0.2402494712076959	0.2884027099654316
