-1.0	-1.0	-1.0	-1.0
-1.0	-1.0	-1.0	-1.0
-1.0	-1.0	-1.0	-1.0
1.0754689162084605	0.01122125378013239	-0.07319289337288537	-0.5484360006277857
-0.6736690521254197	-0.2769206633831832	-0.37823261243755824	-0.47682926848348384
-0.8868774838897023	-0.5024879327548538	-0.33134784289763075	-0.4230290135467798
-0.9466649579773	-0.6489402064822569	-0.4973149087374059	-0.447522259743518
-0.46322234437695387	-0.593712814066524	-0.3473073218690482	-0.4177211133875095
-0.8138763172458666	-0.6533231434558415	-0.26812752052686095	-0.37721798165384013
-0.8581856526272935	-0.704227057594665	-0.31505407507716954	-0.36177162524916207
1.0378479831002578	-0.3043015525155002	0.9277035524142669	-0.06574885337644043
-0.029279924170888982	-0.24563377917268614	0.2693277926586366	0.0057298994657632996
-0.28668979375341197	-0.25381249206225087	0.3994441564050222	0.08416220657554607
-0.34632287739639134	-0.2710976194513415	0.6626328388733833	0.1922470712855684
0.48925803141621804	-0.13733482846327694	1.0451787323828454	0.3422959460440047
0.5339434383265267	-0.025768142451404463	1.6380878854144103	0.5576570714520206
1.1207314766211098	0.15480029474433987	2.0243940412479957	0.7886614113795198
0.7585138941440936	0.24514890961498037	1.8998386463796773	0.9549544010303519
1.3145910535385146	0.39760509049235426	2.206882237663915	1.1334251635886021
10.656682385195614	1.793865591693793	2.4867262770530862	1.3176092913115443
3.0212821037205204	1.9536783694897775	2.967763130708872	1.5324633849758205
0.2422665483206432	1.740105560422685	2.174894977561699	1.6126353705894028
0.6621080563936719	1.6109446883524483	1.6195345241057875	1.6134622518806672
1.1271233812429884	1.5551996346405819	2.008773697264068	1.6590105014277237
2.3210261424205116	1.6401777364667964	1.8502520304289556	1.68023134087605
3.908383961349526	1.8828952023606798	1.9086151533272178	1.7046708028415591
1.5811810921421272	1.8517208396681824	1.8135651051576165	1.7159229936974838
0.6563432091075956	1.7323164988383195	1.608032979873982	1.7051462693111268
1.0306837166473972	1.6644880411836622	1.6081699445483912	1.6957713019631502
1.5389088102657178	1.6527268842443168	1.6941820410847965	1.69562261984459
1.256933909762929	1.6167798076679811	1.9548337335703323	1.7191650400407648
0.6641955615874824	1.532803879925269	2.0265875537377047	1.7462662158234248
3.116960501547668	1.6684733765852542	1.7138045264913515	1.7434867660625866
2.2307635723851154	1.7152931615276317	1.6780193578725977	1.7380360403150963
0.4766825561832271	1.6149436778693205	1.8970898313781368	1.7509224204337537
0.8133100859133457	1.551704034870942	1.7831735514805138	1.7534666993365833
3.7319317418267453	1.7192949925364611	1.7040224299761078	1.749666529896817
1.3452981150171484	1.6912648969156825	1.8525953914712137	1.7573814688762277
2.575769042128092	1.7559424426040358	1.928294233853444	1.7698792887526507
3.418792205587253	1.8746426388039081	2.269952887821862	1.8055764584923226
2.6722808326852276	1.9302581717653027	2.438372578475357	1.8496983619586365
1.5322549550665032	1.903137244003268	2.08998106560854	1.8660713902489037
1.4853462312181844	1.8753004962485145	2.219536822102179	1.8896227842690343
4.175217397440221	2.0252139151182083	1.861529155889634	1.887791903412312
2.1113345534986414	2.0307081832172784	2.0021997971516408	1.8950907872489853
2.423085034580657	2.0552199391919226	1.8044833358360868	1.8894312599571568
3.3078540542818953	2.131874591804123	2.115354887501412	1.9032568861299062
1.071527190412231	2.0682842026305166	1.5418176770482823	1.8815810304802674
0.8666112920332412	1.997630359082645	1.528982507902462	1.8608497247312972
1.4108864614906547	1.9637954312973518	1.6487040471851904	1.848616605188735
1.1345167187276588	1.9168758335987275	1.3685144728248568	1.8214531637869427
0.47075684839229437	1.836569961464554	1.402734680423916	1.798201118959514
2.2560460597029657	1.859441388210712	1.4327665003218546	1.7782767132566604
1.0862853192303263	1.8180392137337131	1.4398807933062665	1.7601560434550945
0.800642810400821	1.7645127980708626	1.4510638270676086	1.743894340517194
0.8294001812254301	1.7161630684547102	1.4213996839583571	1.7272197585742641
1.3916669268240285	1.6996691556503793	1.297864801004641	1.7053960080263528
3.3409950777367117	1.7817056336250907	1.3084611894794498	1.6855561466139082
1.022647221534271	1.7443879701887037	1.3117018785511356	1.6671763420128105
0.9888967859819375	1.7078441130442519	1.3108973333303386	1.6499425804435086
1.2334016447257579	1.6852590252215003	1.5665682503545955	1.6459735832422457
2.818609126317751	1.7383679903647957	1.5190117291928993	1.640024447836462
0.9740402876125398	1.7031023051510261	1.4966375629910775	1.6334084385717555
2.660213776293381	1.7465939189901425	1.374345065914956	1.621636484009826
0.798166455099782	1.7041400402061249	1.3663627664657607	1.6102100047623376
0.5718598239553172	1.6542012743486785	1.2615132713623738	1.5948308679446592
1.3234290943701192	1.6398241055441476	1.3922922942510207	1.5860274617054495
1.2718139440046206	1.6240572534728397	1.6738169843368347	1.5897894455265469
2.114410998053956	1.6447706936692348	1.5504400744900568	1.5881272674890656
1.385698739441711	1.6339792802054016	1.453856016251648	1.5825344804770576
2.021409825078167	1.6498965426196497	1.454201650663463	1.5772616833090694
0.9935471907980475	1.6232947986740682	1.5201780674177474	1.5749481836568981
3.6876982974855084	1.7058504224320652	1.6097066267266125	1.5763384916712293
2.7223312704044265	1.7459647285047977	1.7890329443247337	1.5847323085429768
3.433111925976399	1.811681814688308	1.7372289688986196	1.5906724212963832
1.3053930844326347	1.792213740704574	1.6677697354472358	1.5936368412950697
0.8301365032281423	1.7556879594032981	1.6765620757762436	1.5967853755210664
2.101615407007148	1.768656807772052	1.7408820366170565	1.6021873764548897
1.5185213453534363	1.7593945489835807	1.585532264302203	1.6015705624469336
2.1333424634772835	1.7730727886382813	1.654568799359085	1.6035093288143178
1.7689663582298096	1.7729241755540128	1.7493970835863317	1.6087810001016436
2.2025125294085726	1.7882625937430627	1.716534263809181	1.6126279018350829
2.4090548867877484	1.8101678109445465	1.6342162371616076	1.6133893421534782
1.3718579582867418	1.794880443986699	1.6968278077404686	1.6162985975259248
1.4411577738465318	1.7826852030215607	1.5525648294945569	1.614100898223421
1.6998491688505917	1.7798618206368326	1.612758955321198	1.614055161362618
3.171766059879758	1.826770098824158	1.6164282353877448	1.6141348211604436
1.9313747736534088	1.8302558830719566	1.6820802762592226	1.6163989009930622
1.9153459646211064	1.8330605521383525	1.6650036207315817	1.618000984204877
1.4235257647617066	1.819708286933202	1.5590864085157428	1.6160797938797362
1.7516182519676127	1.817511986167248	1.4322524658775162	1.6101507598901272
0.870927660833803	1.7873073807260527	1.4960698813355915	1.6065105127399142
0.962097571332345	1.7612525550734173	1.3910248927649809	1.59970657930866
2.0725755765212943	1.7709795247401798	1.3979061222543017	1.593401335165208
0.9142769751054551	1.7444879419069865	1.3687159998094933	1.586453165545159
1.2878294044824168	1.73051103938118	1.3208875245361762	1.578325030672484
0.8051993988140072	1.7024760951463	1.2277401247583235	1.5677030703090113
1.5701936854734164	1.6985078316861628	1.258829246531194	1.5584380137072436
0.7865210595044181	1.6714235262018757	1.1610800779176853	1.546637151140244
0.8086559058887575	1.646052229618682	1.2035420523356595	1.5365478463191447
