-1.0	-1.0	-1.0	-1.0
-1.0	-1.0	-1.0	-1.0
-1.0	-1.0	-1.0	-1.0
-0.9135437381621352	-0.9578763097293443	-0.6304434712467355	-0.8199426574341739
-0.8064815267949601	-0.8941826384314967	-0.008301693950787503	-0.47847518980673
-0.8753746026916519	-0.8872272687317552	-0.11126863251863595	-0.3426790779046037
-0.17190763906831596	-0.651374907609793	0.202648565545418	-0.1628757812237398
-0.21450019524838437	-0.5214604276606681	1.2902511763127418	0.26924412431963995
3.145472818391788	0.47137874821141224	1.5013832321042893	0.6028513730809704
-0.49492074781103923	0.23127416991675176	0.09246573781047007	0.47603150506137704
-0.5344610532874858	0.055485282238235456	0.42343597634347097	0.4639570234574777
0.195026076134734	0.08525205769752442	0.44609770282562167	0.4601471470992009
-0.21230354459572498	0.025975755385749366	0.44671065030235546	0.4574704297272263
-0.6056106117100755	-0.09203343218663529	0.039236012030799294	0.3793251699794764
0.25790719927433736	-0.030471452730226223	0.3173427690840622	0.3684210635520979
0.12058520970379072	-0.005365797090391089	0.660918105445099	0.41703417517728014
-0.49327809636470865	-0.08220974910553913	0.40284071138998545	0.4147988705310308
-0.3196124927301033	-0.1177381825894892	0.2994439532849691	0.3975355653746935
-0.6198600002615083	-0.18931893861128046	0.38775415219271636	0.3961413565194507
0.20007350474759278	-0.1363226987179612	0.1122422690499465	0.3575025573401822
0.7060910306195227	-0.02663855783678315	0.5168715209730756	0.37825277584734307
-0.1769248554663534	-0.045393260911371414	0.5638381702398423	0.40141272449911614
0.05320464475021902	-0.03357958366414293	0.6248047794846203	0.42817875498633096
0.061827015787626394	-0.022586731220009537	0.5954445537729127	0.4474512607341088
0.2027355560728692	0.002415664938206774	0.49602320705650804	0.4528410815146682
-0.3582204606213637	-0.03617525766312346	0.41751664556584367	0.4490612661911886
-0.19242269099059606	-0.05231951959674774	0.6254875660271402	0.467290989551977
0.6937408505184974	0.022203406827595806	0.1234977509775188	0.4329500340376746
-0.5025439533985339	-0.02852505426427676	0.35197995526873416	0.425122603276777
-0.0752761587704407	-0.03290366731740546	0.5485904449306169	0.4366860530129628
0.14611250916337948	-0.016644801743393667	0.6418990883956983	0.4553242268402746
3.5776786330933534	0.30021625248423867	0.7495410284218023	0.48126122269111926
0.388718199460119	0.3077959316894059	0.8147133026373996	0.5098187402073937
1.314888848197746	0.3916519163270087	0.787125575341848	0.5329088509307482
0.02128978105447521	0.3616461763883241	0.5921246593277498	0.5377067108362248
1.4851559680434163	0.45027844674719963	0.557069137569532	0.5392343561945547
0.098375690217539	0.42322859317390704	0.8291945621934951	0.5615234854662696
0.5270350050531241	0.43100895765751557	0.8728470683913772	0.5848570281429606
0.6665457385489981	0.44823211366467564	1.2482376014954144	0.6333652762118576
2.339995990317839	0.5832723368033339	1.3179899929660466	0.6822358760432823
2.6552198650117154	0.7277390590887922	1.0324421778760557	0.7066540932724439
0.8869286088991335	0.7385865633912232	1.2846094261365666	0.7460370948384893
1.36314142378265	0.78020031940369	1.2764865206973446	0.7813806874301419
1.8506578834025005	0.8499747477581923	1.4953695000447884	0.827919818892914
1.0692377762580398	0.863963162461826	1.3103848901114903	0.8586995532912631
1.7640970501975963	0.9201930759069568	1.5784680218225384	0.9036623521727667
0.9228680425368512	0.9203571373333705	1.4911277733096324	0.9396123951116002
0.9312334285502277	0.9210095985076188	1.6236256524178363	0.9806338934146164
1.605909259430638	0.9612796940008721	1.678826048942737	1.0216855528676185
1.5845740029224529	0.9972230808550302	1.5560627953302615	1.0525014041656897
1.5215371886274291	1.026888869663305	1.6028555776341422	1.0836405354671617
2.1825822561628505	1.0910674748821085	1.8413602369000777	1.1257187666459254
4.672687956446781	1.2863486641749176	1.6280871934334598	1.153109525033425
1.655191285569333	1.3061006679798703	1.8322811353416908	1.1894796996419061
1.9969331983130671	1.342446060747109	1.8340462218292681	1.223390989828323
1.5274671036183705	1.352012511404408	1.8669908337955365	1.2566680827906778
1.017496418140797	1.3350094084989852	1.5878741035717243	1.2735027980707665
1.8146406596191702	1.358982636640611	1.6280416077572615	1.2912236272081046
2.2842274507224296	1.404470001182938	1.6278593030890942	1.3077732259441563
1.301360007080525	1.3994824135043822	1.5355306651647025	1.318789891977496
1.2460934266172128	1.3921806606417464	1.607365648086211	1.332527095891082
1.3143826957466271	1.3885354409742034	1.5864163441373544	1.3444247155707876
2.8405458024894417	1.4555296385743448	1.5879608361038207	1.3556609901106733
0.9063088442972993	1.4305726915482802	1.5446205350865139	1.3642472780647465
0.7343218480339455	1.3994067771549799	1.3584815312397227	1.3639892757190721
0.8528416147653439	1.3753010715837908	1.293206451831721	1.3608678354856836
1.8237293247574868	1.3947922257592493	1.3085891241011178	1.3585954375659486
0.9604188899810884	1.3761815834681066	1.2738461407492876	1.3549644523777045
1.5316866325845826	1.382750562929457	1.4025994108234485	1.3569767960256804
2.8966168259460496	1.4458119741607591	1.4503071525997075	1.3608649942105822
1.816295641515611	1.4610333895337821	1.4147382495902292	1.3630784683195718
1.207344328293774	1.450751624693245	1.525165077626431	1.3696481154231717
2.752674703161078	1.502815761434968	1.477880759824695	1.3739766589436706
1.4101032473894706	1.499157600187555	1.3180016083292254	1.3717682734250056
1.4913791883713179	1.498854940023791	1.1471480883448186	1.363019264667649
0.4401027194870064	1.4581434440643801	1.210022616989416	1.3571360795722676
0.8271613554254851	1.4341877371763925	1.2614089850239432	1.353501693153401
1.2288635785020174	1.4264898793197611	1.1943709572294297	1.3475356860188916
1.1162602611611105	1.4150021245977031	1.1025203947277875	1.3384627281737909
0.9886603154547386	1.399407605929749	1.1542459730873444	1.3317244460056337
1.6535789156549527	1.4085919589728495	1.1687479988178224	1.3258345876981585
0.6440326735168558	1.3812920183838426	1.036666043004847	1.315509175582069
0.7492971587458976	1.3589908790447085	1.1559388893210314	1.3098782555261486
1.098404736956292	1.3499020809372855	1.0576691795399182	1.30108162895429
1.4442331801505324	1.3531537232011783	0.9850480737113918	1.2901857674392936
0.571829012300697	1.326522763468203	0.906139245461905	1.277095582969789
0.4453134170182611	1.2968249167087538	0.8963288795471607	1.2642632086420105
1.2415362216812698	1.2949819489994816	0.9799431926915869	1.2547874024622692
1.1179348424729048	1.2891460532969572	0.8634107420360928	1.2418870960800708
0.5073383460059169	1.2636570564336473	0.8003461550293882	1.2274916277828658
0.8471165787668851	1.250222837670525	0.9225474349816825	1.2176566187364468
1.5794569248961565	1.2607278861616926	0.850352845672546	1.2059359657233317
0.10652733636989065	1.2242860454204263	0.7453765618344197	1.191394603252634
0.5404686139922175	1.2029203913221749	0.7103328369777819	1.1763639120986427
0.26542749242010344	1.1739308327690368	0.7061434186037332	1.1618235199041274
0.3134080164874675	1.1475926966928487	0.6450439415821816	1.1460062665729165
0.5853511871964014	1.1305580181069521	0.624169630092569	1.130195769330546
0.5998813868978736	1.1146404954223357	0.5571377085435112	1.1130070157589445
0.5332256374586706	1.0973736645185999	0.6106089557104595	1.0980868303924338
0.061401791787081716	1.066908780699979	0.557807431300529	1.0821986890475066
