-1.0	-1.0	-1.0	-1.0
-1.0	-1.0	-1.0	-1.0
0.9246449017905529	0.1106382693780914	5.075757410769889	2.5060850391574845
-0.8057294618523662	-0.3358393581178115	0.22997888546263257	1.3971084031269783
0.09865013067990147	-0.15304418388119123	3.1257828896011617	2.1243834281482
0.7688535940758401	0.18788150675153936	3.4368893175613735	2.6097593240255033
-0.3897020919260151	-0.002557133105743681	0.5566154939896777	1.9328047310028915
0.35242093981834155	0.10300343950485291	0.7323963356619223	1.5758357139532624
1.3995222145941106	0.45404182373349533	3.0238688175250976	1.9678971538612244
0.763004633269377	0.5308124568931003	3.4313815879692733	2.3315415437242857
0.4180413051082046	0.5049236449730783	3.453305565683369	2.5890631534997652
1.4808724695791011	0.7131133191190653	3.010818763021896	2.6790322171228755
-0.021832301910060803	0.5667041610192249	1.820229317962836	2.5079492548495077
1.326458358449194	0.7086613668701964	1.3854084437246992	2.298207714469635
0.9461066662917532	0.7504327219951308	2.183951923685926	2.278107088740872
1.8489580734625317	0.9330084522102835	2.685306310760766	2.345783969871623
0.13586205954881247	0.8074614745434165	1.5802461357138506	2.2252151820200163
2.04241866278742	0.992278831763018	2.261991504814699	2.2307187952034386
1.996529550710969	1.1354416137258863	2.365129605421118	2.2498801226074012
0.8811302646142403	1.1008295715477252	2.2540271066646316	2.250444110420342
8.649311432695333	2.0836585646649746	3.9942528680831595	2.4774919124583468
3.807383506575362	2.2987689083457794	4.204852057036245	2.693055960821237
2.2016285995770213	2.2871307100563927	2.5673049666150645	2.67798983714068
3.136312197890156	2.3849734970388123	2.700309957026146	2.680562138587683
1.9573092594804367	2.3375193386927102	2.994898208653762	2.7154421197218896
1.7630457460325384	2.2760462925318543	2.609878054887257	2.704146314862948
0.5852022180730858	2.101338402174947	2.1530931919139396	2.64720859263997
2.4149962594274896	2.132669585125672	2.0748678827318505	2.5900386561309126
0.6252818055131208	1.9869471131824072	2.4901816386298616	2.580385463858099
1.4431741863280236	1.936019272196197	2.346118768939541	2.558444898855947
0.7493979730386782	1.828246645624485	2.2889199637949065	2.533965739614466
0.8812039082316254	1.7447595315128126	2.03029094098957	2.489564342187575
1.017546198963951	1.6824806558993726	1.7402958353035798	2.4253967578554123
2.92067252360277	1.7855797233444863	1.9318176377962213	2.384299241263742
3.004561900804016	1.8843392579595366	2.555914428810722	2.3982033232789823
2.9045638323590555	1.9648234465511036	2.495717104179593	2.405896225672804
1.5150585064091802	1.9302515753946383	2.9456116685276577	2.44738428238975
2.61694212145988	1.9817188473699	3.4547845695588624	2.5228884866694945
8.536696240479284	2.461036017149389	3.7229626569907284	2.61064106784395
3.375088361189044	2.526283930032347	3.745251788047529	2.6916331712758153
2.608826575649708	2.532038834567802	3.5704135854156798	2.7529056697193726
3.181350309801041	2.5762844741494257	3.566426276062307	2.8083408599748245
2.7571458052487343	2.5883354663519453	2.9940400817563626	2.8207142199532105
1.3956024721821811	2.5105911724282173	2.98143278804435	2.831190579421453
3.409487192632165	2.567937463652621	2.8326544267181393	2.831284094880017
2.438904344482803	2.5598769893343873	2.8960733364013134	2.8353313536914264
3.6815878594212768	2.6285195393447114	2.8005668154652654	2.8332041071140064
2.8704760247819716	2.64302978184219	2.5280768017927877	2.8149049879873878
2.108463415366058	2.6116002145531305	2.294747334556352	2.7843226599102864
10.014062833820953	3.0384760552939296	2.5495978376963597	2.7707875385086824
0.934781389324838	2.919451309118375	2.2616280689219352	2.741980662109574
1.2072750304913695	2.82437095642766	2.0383753442408903	2.702908540404133
2.180054481881991	2.789241544612951	2.202231862939096	2.6756108192640418
1.322609992998689	2.7107036306698005	2.238004134532182	2.6521773880056223
1.8147453629430412	2.6635657617601627	2.187632100984494	2.6277366008050813
1.9545465631178982	2.6269056751848683	2.366879923547685	2.6142485129756037
2.5682181935065223	2.6239220980169518	2.6001978632592464	2.613533765971248
4.835548377913127	2.734464593351942	2.408459711512756	2.6032841923548014
2.1361323384157216	2.705049006265022	2.663732186368756	2.6062563761885746
2.935992301554494	2.7162203175508894	3.027331091900118	2.6266244725674595
3.6414083303842304	2.7602626507413643	3.282549219619309	2.6578489748285623
2.723734016404738	2.7585511049839533	3.6995161704408552	2.7066615121260234
6.460983025310931	2.9293785824357794	3.403221570690361	2.738800334695887
3.208275690092516	2.94205186074844	3.159113978457298	2.757899647016014
3.67182414067038	2.9747185785610673	3.150177371894129	2.775459214395138
3.9067807197117634	3.0158267231452154	2.5947306095591443	2.767488195321565
2.5415666861290624	2.9952126577853835	2.640603094659837	2.7619730159607117
2.40325017628546	2.9698505213052107	2.7545262316164703	2.7616545085583573
2.234362369156907	2.9387825381046606	2.613484501818686	2.755395946849556
3.4499479584755743	2.9600761233224224	2.5698189939956775	2.7476663226727496
3.4767463283331264	2.9813039891996995	2.5812149247448835	2.7408280673312184
2.271141632574123	2.952521656396347	2.523727130653792	2.7320295411540236
2.3146465255088113	2.9270135304207665	2.421541246292408	2.7196135538699235
1.413824753407134	2.8672976930157987	2.1493199461750865	2.6971080374904197
3.2286861890398075	2.881374700668279	2.156781896536015	2.6760618401031833
1.0513100217640332	2.8110043599480625	1.8752665632329863	2.6452691525339382
1.478753399438708	2.760424664683667	1.8872626238874366	2.6164910696594275
1.4964815222067243	2.713038006305624	1.9996172177719216	2.5933639112687055
2.5283467538298705	2.706199425613415	2.008087799928548	2.571692198893413
1.533592678091916	2.663308742332743	2.0035958386998893	2.550912783286501
2.0350493239895715	2.640604975316852	1.9587227635175855	2.529512457379649
1.8305989240174538	2.611681901725447	2.020281032234809	2.5113289736785545
1.5615904260229447	2.574627087571992	2.123092665067329	2.4976286434082047
1.5362094515180438	2.5384102599565024	2.1656922519579958	2.4860512241289605
1.9965615281087437	2.51972902544846	2.1693861016542297	2.475133307804056
1.7406540143555804	2.493174911194207	2.1535862338823244	2.4641735643680494
3.4411164025573218	2.525121458552468	2.1032476196134033	2.4520098197596534
3.3274170531231277	2.5518591649006646	2.153774797670194	2.442070423625892
2.8549355970523993	2.561848457693749	1.919093549608823	2.4248325161071906
1.368051641156499	2.5229274361187195	1.9714783262400508	2.410051714978095
1.2636185276729375	2.482312003378155	1.9293864834577161	2.394549079047688
0.8950710181577926	2.431664438469821	1.9030968203472995	2.378866917008297
1.6936168059351528	2.4083613901709415	2.0683050273239965	2.3690608999130167
1.4982555068103856	2.379925393711588	1.9137120137579693	2.354833475852898
1.374350347047013	2.3488304719471356	2.0237540315135063	2.3445955322538277
2.162320158798998	2.343121387196392	2.0814508646045122	2.336540919696934
2.134232972915233	2.336792146780843	2.1401019185894015	2.3305888689974723
1.432427242159474	2.3096654973596547	2.0947947873963724	2.323515885783064
1.9195182854115806	2.2980785611286887	2.112820790151311	2.31725830192243
1.1450188178800054	2.2641702665277297	1.86469023271815	2.303949211567098
