21.640720175464203	18.767750565253703	49.544488042457836	43.13070009824762
10.833268795024166	13.196079466544534	27.072149787342894	31.854228046853592
11.619991781703026	12.286579631631486	25.487391394018484	28.18017124350194
46.38705435915266	28.901199263863525	29.710321474507502	28.925700422810312
22.47752491991438	26.19867932392732	35.29989979012029	31.60740653452266
37.95846425893817	30.547544111331757	23.618004863205645	28.652854363209933
10.066155225624982	23.79450265360803	19.093890992216416	25.501111607046894
7.241583493766557	18.8721148831328	15.889950728192314	22.643012473691073
26.74802451842327	21.00455461884663	16.157197722368164	20.88694702116027
10.947610470077358	18.505621961976072	16.292262132536102	19.745268092361464
25.208632089662203	20.04442299462442	14.09581901548557	18.448331444788074
4.2435560252659	16.673778462036132	13.115362329195843	17.310701847575032
19.922418258647795	17.320941234082426	8.486935210825122	15.55291159487571
18.772389659799266	17.59213865020806	12.47175088626667	14.977210259342245
8.785509949162071	16.042864202712508	9.17764687176223	13.956943000454311
13.323171724326505	15.590848596148316	10.282839282128739	13.346303785798753
3.0064413016563813	13.60886145888766	8.349511520765313	12.559332246250339
66.06757952045271	21.45956841884677	7.54114656277655	11.808335577564266
3.086428916571978	18.840354810928634	7.786527712851369	11.234999684435156
2.2436189044067505	16.581536749904615	7.3767235666489075	10.709886405311694
1.9769520389362305	14.679988233505393	5.647939202747394	10.050810440146797
2.3359284653002153	13.139530495493236	5.30623153238178	9.458719233872063
14.583933398438115	13.312595160207444	5.483647997516588	8.982444305955955
6.5343011591585825	12.531605188314195	6.854519122874681	8.737266753304421
3.8011291478088287	11.56285330741443	3.726826180835465	8.181298219096657
2.761653662677273	10.621053718369183	3.674455585133268	7.699030002407426
3.238765221109505	9.858273054600726	3.7354468940715817	7.289490485142416
4.12386855217168	9.28547168088844	4.180724355632566	6.978960232936323
2.138147851532594	8.594523117315628	4.075665217371864	6.698291068808933
2.3393725825526834	8.008688323817243	3.8125739151957507	6.4280258691791285
2.8523219540303333	7.540371697118511	4.414386139677846	6.2451414660217415
2.7694510178328144	7.119786959546918	4.482059564315419	6.0897156938241865
6.201264390219586	7.041123619155245	4.133186105159295	5.922156575358506
4.288537705532056	6.811928454682425	3.413705360452437	5.713289406509474
7.577388261761568	6.873946242008749	3.855493797313982	5.562775848523802
5.438303654136871	6.760691599033183	3.7948264991504788	5.42330576088561
3.128504868079677	6.481492931247753	3.945906568687441	5.309741755583226
8.254651492143497	6.614389755748841	3.8132318641862533	5.197580898983392
1.9316781734938857	6.271977704139056	3.572686634088152	5.07876453949064
1.5762858449873773	5.936783041508203	2.767341443769576	4.9137671489993915
2.0383941458423083	5.664967613572395	3.0386937993864596	4.783027384363146
0.9872695492555228	5.346220409668165	2.503844807921486	4.627719538949866
1.1794048473433314	5.068589790333651	2.739052481450712	4.501879904369167
1.4775726628185821	4.834520937018401	2.3317258082357295	4.360425645326852
1.2767101805256513	4.607546521498884	2.374387195083088	4.233724497424806
0.5302274777939748	4.352843772026362	2.1756279177641384	4.105158979685593
0.610260715713989	4.123818795696191	2.1359835972906196	3.984656504029176
1.7762284849120231	3.9830310579057793	2.0714782262564695	3.8699211225166836
0.8374818505768664	3.7980844500071163	2.1192475672243765	3.7669882938535686
1.9105651590443644	3.6892383056317506	2.160859732121225	3.6743689962859447
2.043138935686928	3.5961036335523318	2.084357180958084	3.5844077154133407
1.6331582766123312	3.4870974234832204	1.5455485993686078	3.471185844257655
0.4442415385688172	3.321191903963097	1.712066011172233	3.375273922760389
1.2465133091104281	3.2100930871620443	1.3621832073533922	3.267473160908426
0.7970668096503817	3.0831410006798565	1.442630381474037	3.17146611536693
0.24927909542932825	2.9366172931518033	1.4317718909760067	3.0815159626802675
1.292216293007868	2.8530342700596836	1.7181978225296297	3.012220008545742
0.29821200650463076	2.7253388009182733	1.1462324399072008	2.918953873045522
0.5403085366344422	2.61791569549122	1.4710977437585333	2.847772505950346
0.55388035712632	2.518076869286978	1.6185056722500644	2.788311844296835
1.469976141194271	2.4681836414891585	1.8498297563853439	2.7436367786187192
0.717188932380491	2.386132029375224	1.8969747363479095	2.7039617645985716
0.463134655033018	2.2974067045089988	1.5991056928977843	2.6529850658605363
0.5304179345763134	2.2171140291871723	1.8923662755195436	2.6184224420912487
1.7434682253633547	2.195912664877079	1.930012715489927	2.5876077085271136
0.43745294674764845	2.1183566200141866	1.8965857305214544	2.557130681768925
2.063553436546419	2.115974829610073	2.499517416633272	2.5546267872695756
1.321832593431382	2.0819498647349364	2.277202357436105	2.542740624881745
1.970340061328717	2.0772352538643943	2.356678668687979	2.534881019195541
0.9033296991150603	2.0283358452418456	2.093928543882662	2.516513055495018
1.3080463437713847	1.9987428134355318	2.4986302153581477	2.515778389158465
1.4768981190384851	1.977593006753017	2.118741037779625	2.499687161766907
5.3746957862665665	2.11344385048785	2.039993836230211	2.481304821562345
0.8239241628746461	2.0625549434980925	1.8782438554962795	2.4575064289339386
2.0697160053426815	2.0628345574572116	2.0330032338513293	2.440972080382972
1.2933572106312807	2.0332461600783898	2.2297911964618793	2.432851342855779
2.6789130309665175	2.0577588846328525	2.843010290718329	2.448422824396796
2.632006155387879	2.0792876498050616	2.7408922017901327	2.4593873586345736
2.7096745794194885	2.1026293749695633	2.9072422492363064	2.4759701478268745
4.046419883324968	2.1737281851610883	2.796933844336313	2.4877104372725234
3.2776505618233296	2.213619458417484	2.7403337196507604	2.496838733164469
3.521723017223114	2.260326441601558	2.632673882711617	2.5016882223442316
2.2349720976230434	2.2594312638810345	2.79459718473693	2.512023389863963
2.3991544265137166	2.264303811614048	2.517132553355059	2.5122010652501485
1.922764253867991	2.2525283001498373	2.5579074436918576	2.5137759617382236
2.5913043419607384	2.264074215483856	2.8353186106698227	2.524734430619959
5.584385988629506	2.375972318443282	2.9275531878340564	2.5383097446851615
2.275876154349493	2.3726361538202414	2.7973741275839425	2.546943208685972
1.6576382907589515	2.3490692089129945	2.731636632643675	2.5530306442335435
3.0869628257155988	2.373126365755797	2.6970280575981005	2.557725298894222
1.7473403870697144	2.3529432874123213	2.4811414528313183	2.5552550517041888
1.5361986111541466	2.326881634589523	2.601729520080197	2.556737819141147
2.1538111826528303	2.3214170634043256	2.3304079725352955	2.5495916672687793
1.4176093156387055	2.2931778775755682	2.4910382028424065	2.547761851983015
2.6553634697384174	2.3043768392888806	2.5067333710584503	2.546492498687914
1.4151805624005611	2.2771609230026217	2.2131689065852664	2.5362900261347128
1.3653179872890813	2.2495340672711537	2.455435290515531	2.533840333469012
1.3224007866415777	2.221724940978925	2.591845920169436	2.5355804877056483
3.2598173114552056	2.252554497523943	2.857846113205842	2.5451513755606956
1.917080613747833	2.2426893409872113	2.8051190509958563	2.5527963650438448
