-1.0	-1.0	-1.0	-1.0
-1.0	-1.0	-1.0	-1.0
3.452504031715028	1.5693682061759455	4.104655305731616	1.945699532804737
9.776319320754496	5.56800358722408	9.333887543873166	5.545412712188041
-0.6874586219441022	2.9362522226392507	1.0798101045039257	3.666677607295316
-0.7369153533155166	1.5778833062673812	0.4910929768149732	2.492318976962828
-0.4871272503455234	0.8970162672825917	1.241973107740963	2.0800598921007403
-0.5906102677844214	0.4546366634557122	1.0377043395898315	1.7700915999676985
1.561961552391021	0.7544501049573789	3.429913791697425	2.2194962833925533
0.9890133729331205	0.8127340664704727	3.0094964376508493	2.4157943692569037
-0.11267215096807881	0.6002897253094313	1.2289928553976486	2.143341767172528
0.5923681799669809	0.59859984307355	1.6958090368940475	2.0478738811519333
3.0955926758469143	1.096027672694079	4.432432865405992	2.5229036356455254
3.371455788113213	1.5211818451218209	3.208703596056634	2.65104259267602
1.2927539926525018	1.4809960498052992	2.3328539568486075	2.5950657517842104
3.6091800167321075	1.8347014393705803	3.5670083629948284	2.756603047548869
2.11844561966834	1.8793894881683224	2.9227600659836073	2.7827715498272996
-0.029767605232922212	1.5936746807588453	2.1409330551262116	2.6867174177211237
4.825134993685497	2.054340387600979	2.049023126463947	2.5958095938777306
0.3713569567990247	1.8252860227474716	1.759010050236128	2.4819207971098685
-0.006151689427582818	1.5868288228483318	1.371658530152211	2.33736219260767
0.9230270094051225	1.5039909456295257	1.4988277443769893	2.2327189006263786
0.8257112167375915	1.4227225033280364	1.3671667981919424	2.1290123229583005
0.3022998008373483	1.2936283683456247	1.5292589218871404	2.0599095671580456
0.15884780873774207	1.1677107121417243	1.464592668593753	1.9938521095439832
1.4543914407120209	1.1983884528290023	1.7326126839214306	1.9658979877531615
-0.07752281323525123	1.0665538343062857	1.7885542968505352	1.9475741703016332
7.16164621776616	1.6753828774330373	1.3367525486903995	1.8865599045515653
0.11929333457702929	1.5249522196719583	1.5930603387964295	1.8581866900489898
0.8387506777757896	1.4606853292461706	1.7659523210277097	1.8495488508690894
1.2149336797920096	1.438365190462087	1.5719450494851142	1.8243357664487587
0.9731770637390618	1.397356064938133	1.3961958961124852	1.7865926583938285
0.8135823031459786	1.347361328265611	1.6875944710575896	1.7781146171570352
-0.05308527525585516	1.2307529226119418	1.658148511527025	1.7681261385095746
0.7191163938866849	1.1893012734840513	1.979197003700385	1.785226727337239
1.8550261551433072	1.2418195997288093	2.1032314375555434	1.8103139586457644
0.5780544439265545	1.190797421966773	2.1499830368852795	1.8364241182545933
0.9864272623468067	1.175480707157377	2.2731385650168994	1.8691561784379873
2.868330791172665	1.2992665790550215	2.799079510547304	1.9371548393397218
1.9298192035947799	1.3442774322109874	2.9868068741221907	2.0120823905973
7.270007496921854	1.7574489928234769	3.2134885002439724	2.0958504076001225
2.5050854501301316	1.8083945939921229	3.5314674668065136	2.193676376966063
2.9689235203409305	1.8857198966973612	3.113753852982991	2.2549806482708417
1.6589481266176622	1.8709383443910963	3.367779227798019	2.32751468204703
2.18246723083077	1.890812731102896	3.147373542439654	2.379818595115412
3.658991971301236	2.001268029005041	3.127057029353768	2.4264975210425663
1.6126267152571763	1.977485538086912	3.076711580168034	2.4662872018038566
13.970455001134475	2.696719842671887	2.6413179586405766	2.4767838267981013
1.742132121994409	2.6405938615348936	2.7109571864427653	2.490552778471999
1.7517615636072064	2.589338445350405	2.7143810426024015	2.503460710092513
1.8354921513338835	2.546686878019734	2.659064745562363	2.512265217482122
2.3100062100387704	2.5335436524769435	2.3296757614256456	2.5021257920882465
0.7126080221962212	2.4342607369972242	2.302213429825498	2.4912261897687773
3.7637343692506615	2.50545477874557	2.693584149207226	2.5020629616614354
1.674660855398749	2.4617453863027565	2.417887227658284	2.497633928701616
1.4017035167322436	2.4069362954448508	2.555746306462749	2.500638559159723
1.423391412136461	2.3569438878453415	2.579939190400314	2.5046692656046807
1.1176049959679966	2.294999264152143	2.4647778687436688	2.502675621778537
2.016565521482453	2.281310828124409	2.3791122854624422	2.4966011336486287
2.4605828258033595	2.289982879381205	2.377866018330248	2.490858382576751
1.8578195187116666	2.269410150136736	2.4474585652613903	2.488791977994097
1.6277206503534467	2.2393404683147407	2.505482230026887	2.4895737556305995
3.092894032540708	2.2787226889797383	2.7360759317000563	2.5009471025654526
1.4475557241949604	2.240954165818302	2.494351370619941	2.50064753125396
2.5291065999369264	2.2538527642373607	2.231110819277632	2.488582516019011
1.3757900155203062	2.2151264394776824	2.4161769558348896	2.4853894959789153
1.832468655427776	2.1984945497905453	2.39907229278515	2.481638368385054
2.2924701889865458	2.20252184843893	2.6198287558600932	2.4875601387918618
2.408087946941166	2.2112050962626237	2.485877738979908	2.4874888305108667
2.4423989441607192	2.2208355734802465	2.672129474586996	2.495180118665594
1.2879770363505805	2.1825091643960337	2.5164901420988617	2.4960557098209093
4.143473248256661	2.2619876968304853	2.4402287009009336	2.4937935187713474
2.256338802960068	2.2617622379883486	2.4878768073633317	2.4935573811920504
5.235864888644691	2.3791330078148234	2.6533895069190034	2.4998657820824124
1.102559346550581	2.329409013934157	2.320363691253412	2.492874573093523
1.29709469285946	2.289714168133017	2.457696493340907	2.491521860764326
2.382674560132428	2.2932434822354666	2.7765712826276028	2.5023439694878675
2.57200787033505	2.303695028609591	2.6535776957815815	2.5080142343351706
1.847045745768733	2.2867854622076234	2.5489250130381995	2.509528493159261
4.025922259176884	2.3503975697193136	2.721801223288935	2.5172923921548125
2.0594544523182154	2.3398836485994057	2.662804527815743	2.522550445032345
2.1322657866733885	2.3324693439233646	2.447473528016536	2.5198686220446875
1.6273144190725772	2.307586351798281	2.6529028375738184	2.5245623019410117
3.7578312231616158	2.358165150424799	2.5610500619232663	2.5258344465515195
1.639117187203682	2.3333751008323804	2.460932622457771	2.5235963990174186
3.0174361367078486	2.35669041124703	2.5505847074556507	2.5245160618871814
2.4996388356517087	2.3615078630501256	2.536044459185412	2.5249045061291846
2.148312655268754	2.3544025861165387	2.4512100105149104	2.522448326475708
2.0921169218450473	2.345757394487611	2.3692570635854677	2.5173989530866834
2.37776050564793	2.346800014472144	2.254016244628486	2.5088112830412777
1.4664368897780076	2.3184061558577076	2.387432904182335	2.504896094047527
1.1399675227260198	2.2808030602082114	2.2948644358556725	2.4981937657840616
1.7209579498936338	2.263126755382477	2.3768313480655348	2.49436172570251
1.0712274571476308	2.225886580734866	2.2844754044950712	2.487803987633857
3.3077545715298413	2.2593404783056497	2.5399806221409706	2.489417375910995
4.25367735429505	2.3203811122329085	2.831826118014899	2.4998975295975088
2.710263144887452	2.3321941942373643	2.9201044933294855	2.5126294197639107
3.6153752812078332	2.3706824846801857	3.18459784467899	2.532784483527086
3.1556380812480676	2.3939939123888516	3.0049896702407324	2.546807847608085
3.3598304007695257	2.4223959247977613	3.341455778752703	2.570175729530472
