-0.46548938636470094	-0.5333155257688169	2.4532028572086784	2.0150124594712513
-1.0	-0.861025924282347	-1.0	-0.10215875400076146
-0.7065227678366903	-0.7718681331788425	0.9741315170252611	0.5189267063137877
-0.694317752515932	-0.7340836053872968	0.9982202514224807	0.7524507772005953
-0.8150529468014742	-0.7681484110655558	0.34054669476082977	0.5791576472254483
-0.7539547404303436	-0.7628994814238548	0.15330523050989098	0.4216737159412478
-0.9300378375492225	-0.818007669255532	-0.5664791832980991	0.09586390967216452
-0.5629868461720211	-0.742171472771247	0.23835588030663546	0.13823701523778298
3.700960877662345	0.46082717161853104	2.0657052995600003	0.6601078389915636
-0.19103103032047253	0.29885451624046877	1.6581694951412707	0.9081046801868549
0.3442211598375058	0.30926925567852814	1.5244922313480727	1.0496079166618353
-0.19871797696457016	0.20090524472043914	1.0329815138829535	1.0460610388710392
0.26577174928162584	0.2138273761263778	1.8160904101092106	1.1994592589361277
2.1403420929182273	0.5737884631453367	2.1390175987274853	1.375011776309222
1.7814409806796627	0.7862401742588594	2.6971625427575083	1.6076061062728249
11.905239782353007	2.634224331341163	2.292927819929938	1.7215067574238905
1.2944134575330257	2.4232098998035325	1.9808801707231276	1.7623565695351147
0.04628248423289194	2.067490957527493	1.477030912756243	1.7196563626915284
0.5155434433216532	1.8462505500172282	1.3154268635138826	1.662030829274999
-0.40971911543920925	1.539212847081238	1.0757911366025876	1.5822435562223855
0.09873902097368381	1.3516599554170798	0.6932840172333019	1.4664989966704853
2.7294456060097603	1.5235992921802026	0.9971758247216054	1.4079308528719152
0.7239658172505123	1.4277907564648387	1.1705217649414132	1.3794856594708067
1.914672291392585	1.4838891537220342	0.6845831748303643	1.299419591965766
3.0450049383806803	1.6571151684244638	0.8686445540200147	1.2516203744183372
-0.03062749935526554	1.4765131118313284	0.869701984813747	1.2107523332229513
-0.15326838925173747	1.3081145671758718	1.0058634716924924	1.1895824263078372
1.7903557012678215	1.356284881783567	1.1387456593750893	1.1845043885080164
0.35570798508779533	1.259556835388144	1.4555000161782892	1.210702099856936
1.8662015945714603	1.31637325246458	1.5339198222751205	1.2409737123987883
4.788954806160509	1.6317632410332843	1.3181151736243906	1.247979729707743
1.2480838956820017	1.5979400655641007	1.8649931435027791	1.3023736836586495
1.9418055932995504	1.6273895245748808	1.5075871303054393	1.3199487795563187
4.126083111810072	1.8354446711270915	1.5699769458017738	1.3407677960444655
4.894562838085685	2.083288322414582	1.8026991599712403	1.3781927007072445
4.623994432851332	2.283721487933569	1.724756098573267	1.4055328985334352
2.251200149222208	2.281222025966588	2.057097279761825	1.455617809948205
2.609908842190067	2.3058569236114317	1.9279185961974994	1.4910163284477909
1.7458485676298072	2.2649076023232166	2.032565095749157	1.5306157515477223
0.9188932942674735	2.1688244758743647	1.7205714802327625	1.5441754417386249
8.797074455364276	2.6309789241139416	1.6810791463266472	1.5537209383769284
0.30487136825244776	2.4724734893447633	1.3802807416562728	1.541902263816945
0.8125131292921595	2.361871863152223	1.5782421713347348	1.5443234343220786
7.470290552505249	2.6948496567856823	1.8179997008724298	1.5621626884744373
0.9228006485567459	2.5817999233470488	1.8137517379819208	1.5782134750765446
1.5277220563362541	2.515953774974821	1.928002155474457	1.600064375540938
1.9319857164910954	2.4802186679695715	1.8024263800287517	1.6124482073263815
1.9057554579509186	2.445767415864331	1.868448182502585	1.627800994958232
1.2463542118107394	2.3752464786830494	1.693810290338337	1.6316823347260945
1.5002835130648577	2.3247904967882342	1.5786106202351102	1.6286219209328503
1.3987718190463276	2.2723976503716337	1.5440573592762883	1.6238378855310254
1.26299839961171	2.216344041205892	1.3770407476760278	1.610133205763372
0.18064009386840718	2.1053513722749626	1.3089843464009756	1.5937140346087708
0.39927381309882404	2.013991068498345	1.3294297013441558	1.5795620498352148
1.8383772343733495	2.0047517463944535	1.2303757653807317	1.5611908934571939
0.9553394598660996	1.9504922102343274	1.5125334906274643	1.5586749833323075
2.5135082195620413	1.979109351673884	1.4185164316492131	1.5515507113055858
1.260424511868718	1.9431879561258874	1.2006502947452669	1.534011951991575
0.9131268618218129	1.8925468270903911	1.2656027997835593	1.5208160246767441
0.2530028786073941	1.813240953639479	0.8903949494773509	1.490321992916126
1.1066273572189589	1.7796040897600691	1.0171106166786212	1.467795818178876
0.5724272645536568	1.7230357726652992	0.9969687244583498	1.4457326294339317
0.4727051153205577	1.6653466479717474	0.9446850772172495	1.4226148988251865
1.3401740948225314	1.6505710902608248	1.212405278052597	1.413063287579488
1.280469766175341	1.634004399006057	1.0312707448463914	1.3959732677485208
1.3479535353270995	1.6213886802507038	1.157003206225721	1.3854339930105177
1.6780516247329507	1.6238516711087447	1.2565566438059501	1.3798323339771708
0.27232510158730494	1.5659455945294054	0.9424823565049751	1.361094202383967
0.5696411478849561	1.5238598162612522	0.799153902994743	1.3373567382372813
0.6815786282980578	1.488774407495003	0.7402704166846261	1.3124850120023526
-0.001346484223843536	1.427553099542219	0.6248931768292776	1.2842357322564832
0.5790510860469629	1.3931635692593645	0.600570082352845	1.256527018453419
-0.08693124135743469	1.3339750751581634	0.5437239972784345	1.2280224704134795
0.0493973185765777	1.283280800842113	0.5069823747709892	1.1995675457977915
0.4958921112676369	1.2526110586629282	0.44871878725120795	1.1703210811085056
-0.15194649775987124	1.198602683870826	0.4947618442985411	1.144344374006625
0.8101160566473025	1.1838533644687108	0.5569851770710921	1.1220447406974872
0.2967602250501944	1.1505950302914294	0.5652462808442262	1.1011695644284614
-0.07388362618011524	1.1052541459395009	0.35569701139615506	1.0735655198963259
0.361625771794323	1.0780543085132628	0.4393339868109023	1.0503671078901151
0.0616253529209414	1.041323897296346	0.45460840492353793	1.0288382588166218
-0.021432804275327233	1.0033762443196776	0.5022990235022544	1.010036941258838
0.7165084572143174	0.9932532643141598	0.5824054956664364	0.9949469192170688
0.05715555970719688	0.960605504700103	0.5017401115429723	0.9777456034680567
0.7816703952734669	0.9544363871712636	0.5684097676083109	0.9636332925331252
0.17748378455787295	0.927954652564484	0.6512381095762654	0.9529855093475323
0.391697332471697	0.9098819755935272	0.6211804262159881	0.941803078415129
0.7900603796320911	0.9058885960006138	0.7097814281157939	0.9340704344967294
0.3699479836068793	0.8882232828552308	0.7859042295183833	0.9291863225766603
1.7726234114854766	0.9170566748505151	0.7376838640937693	0.9229426943056174
0.8551087408879707	0.9150588648579403	0.7203738772218131	0.9164095647120412
0.19485858032241987	0.8920777804017876	0.6948399200171398	0.9093392107679663
1.0472480887052202	0.89697701803755	0.7586570079286659	0.9045816979320476
0.9335660862581379	0.8981199348723354	0.7225602778337152	0.898894288917337
0.6296230337882254	0.8898173075712665	0.7770461750920035	0.8951263870245612
1.4393975192089994	0.9066379867097782	0.7929962408553188	0.8920002866746872
0.43907493120413243	0.8924719013750484	0.7340802182785071	0.8872157311083508
0.5744001802518002	0.8829314043798144	0.8285859563965594	0.8854571871233063
1.1197825790741573	0.889965360909029	0.7417403585228382	0.88118903369822
1.0619138332526066	0.8950218615421339	0.8575363711410278	0.8804935012382042
