-0.7961986933255001	-0.8220598403428845	0.8079989226666451	0.5785748492428551
-0.9019341927969077	-0.8781483928809445	-0.33056446505827386	-0.059831673268891494
-0.8483512147730407	-0.8609535814476938	-0.31093405605033686	-0.2047331383662907
0.96006335725292	0.02629241659329251	1.9293911697854509	0.835066858669034
0.8172089505801792	0.35904107507292693	2.649734960986852	1.5985207938604895
5.871326831461486	2.397531262432701	4.23326144882175	2.5728702051860437
2.2912733276112043	2.3624961327230594	4.144863017003452	3.0911811000549045
1.9610035478056331	2.243102860630946	5.660507383414052	3.8552279501431537
3.1545980951272776	2.489894083487139	5.609301415833062	4.3301509750989835
7.277164455691226	3.67942795578219	5.997368359435667	4.744418991808833
39.6847379889833	11.945112971306493	5.3508630282230865	4.883638541504466
7.3769122253938555	10.970623370245018	5.932317656381564	5.107343101405153
3.5915746957846775	9.500636850461222	4.710473575806329	5.028282016459579
1.4244595387979246	7.99163786450843	2.997154598962272	4.648774786285641
2.522713081231002	7.0295365894867015	2.978012418894279	4.354851578225672
1.5554498810040003	6.119739107513008	2.5108636867049716	4.048378764834598
2.7840545620391186	5.594383597729765	1.87057989649339	3.7053850861253492
0.6611553203098206	4.85610153906817	2.080144744065064	3.4621600031677753
1.3482664243253963	4.356036422689046	1.5256071972319778	3.1860916578017715
1.3554869412520811	3.9476608773861246	1.539314988216696	2.96196469774082
1.3091856587088233	3.604125959839271	1.40108407943409	2.758734960079606
0.8911930796939878	3.2655698157537794	1.0238673182396818	2.5422350242655667
1.2799208969434166	3.0276579644338293	1.079578289186172	2.3669858444786525
-0.05971173351850956	2.6719333947503587	0.8635797959817153	2.193764618296461
1.7761107998923684	2.572531424446093	1.5477021670813724	2.1220765459200255
0.5339841473623395	2.354390426538342	1.2314588487113065	2.02677346473133
0.6359374249210055	2.176830049984469	1.3262776018195255	1.9543946551280351
0.46631852868685675	2.0059694869158733	1.3499757334925135	1.8940199793785766
5.86228032891219	2.3787688486227303	1.3504413529304613	1.841471390695598
0.6105031466020054	2.213159363147886	1.4330277890213705	1.8032181089686388
0.3478703293416039	2.0437480216631054	1.6167689436551775	1.786284084655195
7.144700130792769	2.493428141075761	1.3693203036843449	1.7495265125967108
1.0350344000557583	2.368530133825843	1.5573066864015117	1.7330648060596046
0.4559938974619362	2.2092822415612576	0.8873849604175934	1.6626490221643628
1.0011698640731441	2.1114040535241854	0.9045837567265875	1.6012326631334322
1.0206980047587741	2.025360278041255	1.0934206615322122	1.561172534549304
0.641493391661329	1.9189850082427085	1.0288588975106436	1.5202545799291842
1.0369901969337016	1.852880992675844	0.7663774030518382	1.4637527674802682
0.017688298203333286	1.718686793299653	0.8341441232574258	1.4177139649178714
1.1218570443183626	1.6760833145800493	0.7681448983531998	1.3713457260602029
1.8082608959223658	1.685299617262225	0.9890371016625881	1.3446894030980552
0.3721552042654259	1.595819417430255	1.130680584183012	1.3301063459493832
1.9153135721469803	1.6171072425278674	1.10384459373081	1.3150309199701886
0.32384295643514194	1.53280992142159	0.9370385656318634	1.2903927423259685
1.0132760429596996	1.4996655742474871	0.8507900992754596	1.2623477088247759
0.41056412114145635	1.431631558542212	0.9893665400647476	1.2452953378257887
1.9283875886921442	1.4620304175476941	1.4479790230029153	1.257698598265256
2.5508593142564746	1.5273296780399246	1.5605637992852772	1.2758623287449802
1.584947551344364	1.5307176217341212	1.32219552153714	1.2785867516818001
0.907355265530206	1.4947710735122008	1.1055230374418668	1.2686073943332943
0.8104451359313469	1.4560526374904401	0.9553168639418228	1.2508818481620385
0.6126361126653204	1.4092161195100834	1.0876873417642834	1.2418195495167352
1.4078171363769751	1.4091405232028391	1.1253043921315973	1.2354673837368564
1.2354408728431054	1.3998390036417816	1.1717407412362797	1.232054923833723
0.4112600659867043	1.347828545852726	0.906976980467578	1.214951973179617
0.5433612553756542	1.3062338025496554	0.8721997377510786	1.1972300148493469
0.9192789335768308	1.2865655851898112	0.9355714311300527	1.1839304553278232
2.6128471762970347	1.3528556665799325	1.0260233036864936	1.1760377850906583
0.7506496518266139	1.3232493662380036	1.0743479981253157	1.1710384524400022
1.8290677124252421	1.3477163985680023	0.9106437508899388	1.1584431914069366
0.7144924641710495	1.3175729108567076	0.8874328561840876	1.1455422409126612
1.199426471913657	1.312036728392271	0.9872031909526002	1.1381226278330283
1.0520125239091485	1.3000397439459355	0.8880312810819633	1.1265839113059162
0.4278203547502919	1.2604055870050668	0.9994015041488176	1.1208045523874626
4.312681538350395	1.3970333065302611	0.9447996167869743	1.1129261177062713
0.9259289965598596	1.3762557488085831	0.8268552890734686	1.1003093708548453
0.48416717043875335	1.3374805120702318	0.7665789109993308	1.0858035474398715
0.24446025822499662	1.2906501274444477	0.6725889323282972	1.0680994634843235
2.1550574935312103	1.327164562155827	0.642499162129285	1.0501214981867637
0.5144087712925984	1.2933089095307002	0.6598546717228897	1.033864770146815
0.54424396368119	1.262533775636037	0.7090228992543757	1.0205188417310787
0.22838548612948184	1.2206200003780396	0.5687329243947574	1.0022082602566105
0.5609051611331628	1.1942382027987453	0.5390024632862558	0.9836848150385689
0.25160342455789	1.1570384303137815	0.5087431916245075	0.9649420237366915
1.1979049598844438	1.1586304948542145	0.556740930015267	0.9490421733910908
0.49088390103608215	1.1329542063458091	0.5221565033452196	0.9326275342329784
0.616011922932459	1.1133278997064497	0.522265402578169	0.9170476307391353
0.24056802703130908	1.0806069171548143	0.5281046128750344	0.902465543387529
0.4966191742391921	1.0589827345348883	0.47232832939210856	0.8865382274401374
1.4248624943382686	1.0723653381953788	0.44719469661889955	0.8704681419484728
0.4171608252658645	1.048688230814868	0.43570569589027164	0.8547570626587027
0.033482713091016914	1.0124386776807612	0.427477210855576	0.8395002886270027
0.6637556600330026	1.0001347393627857	0.43332709777005185	0.8251677303421028
0.25059009804692756	0.973993011132495	0.3451616356966951	0.8084265211796551
0.12528132991520202	0.9447329573010537	0.23731524943999793	0.7887369112299993
0.6817368540237221	0.935768945270802	0.22200577596031268	0.7694204042907942
-0.22765802997374962	0.8965600042035897	0.21377319732693634	0.7506942822534972
-0.07997142609321473	0.8640152777985577	0.21486574345312603	0.7328367570554026
-0.05834986365196437	0.8336134799236643	0.2593464431586494	0.7172301709303914
-0.0075254667178003	0.8061900944538358	0.24263278986844505	0.7017569217219812
0.1605389797498462	0.7853664351633596	0.2064346112627775	0.6857816684669908
0.016246899451084706	0.7608246200140609	0.15651997701309983	0.6688934864461298
-0.07992151883201681	0.7342793921793165	0.13387931541540588	0.6520011633839595
0.004261526566439189	0.7114703447271216	0.1205335581588689	0.6353956954777831
-0.20635287781205314	0.6830890509632301	0.1351376593919018	0.6199265124875295
0.030152152312999725	0.6631045387669741	0.12275172193339312	0.6047093902045784
0.03207373094691102	0.6439857583906572	0.13354388093781377	0.5904341933983865
-0.09514699154600326	0.6218154005705943	0.18948440021020718	0.5784075769742218
0.16832835390739986	0.6083475622215164	0.21619346162508957	0.5676503580908931
0.7797632868105999	0.613388342860949	0.20141536447584962	0.556880486345368
