-1.0	-1.0	-1.0	-1.0
-1.0	-1.0	-1.0	-1.0
-0.7362797969045984	-0.8478172515412096	1.4330049037724297	0.4039932053891986
-0.830112530833608	-0.8391910398054346	0.477615539347207	0.43986406760702845
2.791311182485948	0.6882070455062337	8.912885733929851	4.004571258436779
1.8013396978215508	1.0998525887132105	3.974842879963445	3.993576629357385
5.237182531510024	2.463996106567492	7.548639484697798	5.165737229028206
3.081181146603953	2.6475290871108257	3.1623748379444256	4.569990836238977
0.4958364323799891	2.064947825554675	2.667181301295926	4.054795542849112
3.0036654269214766	2.2981985954493425	2.276044314448309	3.61281406700426
-0.7836287250251202	1.5907075553093128	-0.08937737480950914	2.762906813271905
0.8060882973980035	1.4233324164602292	3.432866702628944	2.905822898016155
10.428032347175227	3.217167118029476	6.437150111328297	3.609302208549006
0.45600197099474715	2.701255461397051	3.441792905073359	3.578004479936923
1.2235096011778221	2.4412884710154485	2.1352333037590077	3.3241903476012933
0.6594834633697957	2.1451512469106944	3.31660321392631	3.3229292934779346
4.257234051916615	2.477795211416126	6.085110598295259	3.757960995218636
5.178343273746767	2.8819457646485316	4.371756206356741	3.8498185798631095
2.7044713678060757	2.856645343189748	4.152395153625789	3.8929525188751324
3.182722773930747	2.9010239776256057	4.953420695366851	4.037281582432868
4.637207340463758	3.1270788449085547	6.369279365970712	4.340912788876705
4.592886471359591	3.3100026519157817	4.538166435405248	4.365529292235701
0.6320650032773742	2.9891437902581397	2.6577139656490614	4.160906486501175
1.6133855780489093	2.830630367109039	4.223863731496079	4.168161420157518
1.9551577105641633	2.7334862588799353	3.8687633264996757	4.1349399969110445
1.8403318772934334	2.6379120719427855	4.753595817984716	4.20114246903783
7.737153855772737	3.164797713602706	4.342955058415405	4.215796384771813
2.844420109924325	3.132795192192363	4.754398012695177	4.269595787841543
6.829134458589658	3.4901288603706355	6.207587904428299	4.456946060552269
13.938766387929439	4.468711479897798	4.705533047195751	4.480227806251205
4.453661173516756	4.467345074867366	5.686454411431163	4.5897816304644525
3.5603009127588985	4.387384388435107	4.4534519077694945	4.577764124748628
1.711612855316079	4.158228840741093	3.837251304761698	4.514345798646469
2.7802132503260455	4.04348803126196	3.5356526867858955	4.432854704426418
1.3651723492025734	3.8264969721456863	3.5231211181651325	4.359150684668049
1.8766772100514761	3.6726791798895917	3.324030891950696	4.277492472159024
2.514466763436193	3.583649539795622	3.847255969546083	4.24442098418616
6.527028999827361	3.8042528760800574	3.639487532504681	4.199082694571793
1.0906082473818026	3.605824012531964	3.3109721835632007	4.134141630580324
3.8658724622516187	3.6243875079660324	3.1927156167661686	4.066939704165348
3.2069876071068792	3.5952847625398237	3.238339852653626	4.009166036598118
2.17733043824955	3.4986622873176643	3.6257903262351716	3.983041524769223
2.5497613082354764	3.435438032881307	3.064905041141584	3.9218670921134926
2.7003322457032963	3.3875225592228126	2.869081068942964	3.853244635127136
3.571915762210634	3.399286989880138	2.9049021512657003	3.7927447172549487
3.5844190235487297	3.4108519431959694	2.836462508719607	3.733007562186521
0.8046882697548561	3.2513696338492455	2.8504679081536723	3.6790015180959443
3.73362757704811	3.2802921930399576	3.3345630018324615	3.6583458582193007
3.013310222783055	3.264595457463079	3.4813323752955467	3.6479390394209776
2.447264366185436	3.2174629976721025	3.2346913181168997	3.6241086726182417
1.9576044450142422	3.146181481604642	3.27659842306129	3.604447177621825
4.825543775361092	3.239441017002769	3.3013231259955607	3.5876147972769603
5.318576722812393	3.3528035547278963	3.3739272116174845	3.5759650199805915
4.158171699805274	3.3959318986556983	3.5297800082781396	3.5734925289205597
4.295588315118232	3.4432638519655177	2.9371322633176185	3.540012852316898
1.944322560365328	3.365761275729434	3.630665282690802	3.544699386175197
3.7784922793831273	3.3867394713646455	3.4071553631803955	3.5377078116580085
5.120589154970403	3.4734006709702463	3.23135051543826	3.5223952676368846
2.674474515549975	3.4341232512660698	2.749471209587774	3.4843961995600106
7.182055635755438	3.6154133773181414	2.8161435738413876	3.4520725493980553
2.2057129513527944	3.5483072778312366	3.331183081556615	3.4463180751778815
3.2542829785135394	3.534528834524309	3.1551188425450425	3.432672026149458
2.5842082051708632	3.490681719726539	3.466728920307686	3.4342433133777543
2.171545963870891	3.430739620925059	3.7209170322442526	3.4472699898140116
1.936695344775805	3.3638623714830844	3.029389911347743	3.42856462355269
2.9320168494139134	3.3448161744128377	3.4207999925096617	3.428222363890524
3.5937970312097978	3.355638957840541	3.0193098686254185	3.410449284413935
2.025577431293271	3.2986529745954183	3.745122465487859	3.4247891561323947
3.248626796442455	3.2965406611747152	4.028056035485836	3.4502732828397935
6.546335939692301	3.431912123662876	4.426716454138203	3.490947435050286
6.32867248213966	3.5509254026785984	5.001900450378129	3.5530248767491663
6.785393892172937	3.682018636262673	4.395518819186575	3.5871713509629117
5.9006201238403	3.770740978409835	4.484271356842735	3.6230469443882134
2.972282125473768	3.7392315149798723	4.403276264312041	3.653838775341911
10.469239056592144	4.001376916454921	4.4728314266589475	3.6857405777057783
5.021284749676334	4.040594068630369	4.047191718090779	3.6996386787711373
2.717214632272386	3.9903512349878625	4.209130577801574	3.7189821559168266
4.880753777952021	4.0237341580080725	4.610947615458557	3.7524236478109607
7.959292071100336	4.169462896535667	4.384776519250323	3.7758391366125776
8.570349445163053	4.330433703525132	4.684869015849296	3.809088188828248
7.224335324828036	4.435008742165763	4.459929019768844	3.832606856265505
4.708965039228671	4.444789170988175	4.1688284178197135	3.8446107154167883
2.841986983785225	4.388230738235326	3.712566535587089	3.839950126055232
2.1627610938369592	4.310613743353999	3.411539002273397	3.8250078841503417
1.369803523489583	4.2092270440301265	3.106715518806495	3.8002437438692143
3.6856914776181595	4.191382410438975	3.3026581169035696	3.78328362437962
4.210833545750683	4.192037239120159	3.260062943105149	3.765649912934161
4.37254096694516	4.198052305557109	3.4455605999044643	3.754981907476715
2.8429648739926567	4.153387466989396	3.6405837303834634	3.7512109764754884
2.8874689740352175	4.112114343974019	2.9860421946860267	3.7262635233264243
3.1636243666433312	4.081523103405417	3.1552604948051455	3.707847006092763
2.0453147471001603	4.016549436689553	2.6780074995959224	3.6749855283031474
3.232511274915259	3.9917947500640683	2.7964828043786114	3.647248299079637
2.504640521577651	3.9453293782104817	2.5374986890667355	3.612574713411502
1.5196040402315991	3.8703201488207153	2.5035079346390607	3.578279711365645
3.2544792720019817	3.851471000566506	2.5511687956004905	3.5468428731135395
1.9611109737204573	3.794197401916179	2.61517428974438	3.5186156137261335
2.2009917756719033	3.7464088271028757	2.551506820635441	3.4896067248998763
3.1866916067314035	3.72978583246777	2.3981950585375382	3.4571935458537943
1.0660982105866825	3.651454855808187	2.336878499139647	3.424248388968336
