-1.0	-1.0	-1.0	-1.0
-1.0	-1.0	-1.0	-1.0
-1.0	-1.0	-1.0	-1.0
-1.0	-1.0	-1.0	-1.0
-1.0	-1.0	-1.0	-1.0
-0.8400820654657533	-0.9408609868879171	-0.25871128848204117	-0.725865126022426
-0.8912405343572	-0.9245003308529389	-0.16406139090440963	-0.5406294533016628
-0.956463854354558	-0.9340054115628541	-0.5658428041674595	-0.548127219882965
-0.622834565701829	-0.8497544194937643	0.7386638343537293	-0.19972239739652353
0.9084995552265089	-0.4128662943343252	0.9932997569596997	0.09671783168903403
-0.035024308809117666	-0.32612580683697234	1.612026476507928	0.44458469967480996
-0.3956835868306374	-0.3409638792367411	0.5077324127137903	0.4580554104436283
-0.018761640501770427	-0.27677770780698674	0.292890324579264	0.42515274762314936
-0.3624600364662829	-0.29278708646972496	0.6439773366300994	0.4660391773081456
-0.6569625179346821	-0.35685337451940735	0.6351079478994819	0.4957818466826762
0.7949383512969797	-0.16542493097160682	1.135775282613785	0.6021490451218019
-0.0227606412686846	-0.14295601970222094	1.822626622053666	0.7943685578540103
1.0200325809161979	0.031090850598222364	1.709660771048331	0.9313463733790972
-0.06649055041598162	0.01717992093620313	1.5217484626415092	1.01551198651272
1.4718684693335873	0.215163141447835	2.0674546520925277	1.158681440418876
2.848095333471207	0.557977318987604	3.7955816882967763	1.5020124307268632
6.1063567431691865	1.2503802509228747	5.677246786013471	2.0230557023789095
11.158047498976023	2.437477386053789	6.17482080087887	2.520504130438897
5.648802823726421	2.807484960916535	4.501159898296494	2.748714628350207
9.200944939535372	3.5169186071605063	4.828039531305209	2.979441796444779
5.7307898690485075	3.75382175538791	4.91173578864582	3.1862137747600103
2.286648495779953	3.6022253470235253	4.281855846232447	3.2994231062916315
2.533584485175857	3.495480239113073	4.227665492987114	3.3921436299932806
6.314825948105868	3.76803240988136	4.042052024799135	3.454971513143928
12.92440035825137	4.62558501202657	3.953675440393426	3.5016781287287113
8.979853613512997	5.021053323960533	4.769671341746276	3.616841325695595
8.805865339075922	5.354706646858198	4.464887431246062	3.691601440708995
1.768725130531661	5.047599978136908	4.017474855985511	3.7195095193541254
2.385921366952109	4.825974431960778	3.65163719585523	3.7138579754559027
7.080448855876584	5.008627087559263	3.6429746549117388	3.7081151430411854
3.445225042894748	4.8852927346046044	3.8053714209980214	3.715787629542726
4.123635116683443	4.82674550934969	3.3512426624721146	3.6877657182486354
5.177165619209432	4.853009467545178	3.2024921942149644	3.6513954330960754
2.793403075484726	4.702405971226202	3.0227105481854695	3.6054246936725916
3.8286190107705105	4.640032386150802	2.7402562292093555	3.5436662521479896
4.397010733834555	4.6230879049831195	3.2746729861835613	3.524910856198516
1.6111973850145378	4.4178520353749064	3.1369005571838473	3.498471163820925
3.0673411517304867	4.327869171983993	3.2066512477531903	3.4790278597245674
1.6641353793360993	4.154242146483735	2.582834677560196	3.4206124403426426
3.5382568195966524	4.1149447164407915	2.890654117371192	3.3868031929783573
1.196785707217094	3.932652834837725	2.557808804428634	3.335017827995517
1.2226239662199174	3.7668145474342367	2.6676097938313763	3.2941765093244246
2.342884149593862	3.6814197799482242	2.986131916373613	3.275703041865315
4.135514002153673	3.708118992761838	2.685489617685124	3.2410007299519616
1.924825784505928	3.6052829974540206	2.830947690147922	3.2173547175548247
1.898124445383071	3.5086936788658685	2.760762270818031	3.1915214868511974
2.163601067775224	3.433998496344607	2.6531322922150125	3.1616243496843204
4.835263064435707	3.5104014737929363	2.4409130398239385	3.122329945246978
1.4892649403680127	3.4021701839661507	2.3793878613922073	3.0825463219946903
1.1225541892712458	3.2822365763864765	2.304727808541028	3.041623848381948
2.3999524466942312	3.236618019444296	1.986730013087219	2.9870806206706106
0.6749188112527045	3.1064097939194157	1.8456986661057577	2.9290652274773623
1.0123535457500954	3.00174426258722	1.9469485838563467	2.879976666260114
3.3571732926776816	3.019218546289773	1.8531772665594266	2.829496141573258
1.1551692358471368	2.9290534737639478	2.056252303744368	2.7920940698358505
1.3987223872045993	2.856204776247971	1.8869741637840414	2.7490074411364045
1.4101412421772443	2.7884426021291495	1.7631220018889295	2.7028091283994584
1.5270721370954914	2.730244057113362	1.6260678357204181	2.653129234669478
1.7620644943318093	2.6862497974732595	1.723035189143045	2.6108655950987525
1.139265873652068	2.617002945394038	1.585529138301637	2.5649690519585464
1.5297278046609772	2.5690492890826286	1.9068582617321428	2.5359435410408264
2.536436511666824	2.5676320440399714	1.7626735880587394	2.5023330664582635
0.9033481398410106	2.496325914181128	1.7798593737020316	2.4713788551104043
0.8406013165063029	2.4263852262926418	1.5571228342523789	2.4327591807288376
2.183551063292246	2.4162702235889832	1.8333344173455033	2.4077902333797327
0.9062394006051189	2.354230716171391	1.9054656436280935	2.387152319310905
0.8451464572581187	2.2930677048112575	1.766006316306751	2.3619774871965924
1.5881788774771328	2.2648795396763943	1.9126235990015674	2.344008130659139
1.9020590829945823	2.2505616312265104	1.82645989117059	2.3235840675264186
3.2468613432013447	2.2893692947017383	1.9563647671520141	2.309280569616721
3.3495855786423414	2.330137405983784	1.7451548699246873	2.2875889092097363
1.6813566325184128	2.3055061916416992	1.8660232631828633	2.2715840889909535
2.358935426908143	2.3075093446018546	1.9492448687243775	2.2594991962941644
1.7145899298315341	2.285554591984369	1.8157702005876253	2.2430687620313488
1.17247947250402	2.2448415709981258	1.836101482515485	2.228183199655941
1.912948829063176	2.2328475531155934	1.714840929518337	2.209632245656395
2.398812401461306	2.238773046909241	1.7696511039458414	2.193921594015741
0.8394122951194183	2.1893939971292755	1.5637953131544564	2.1716860825370623
1.6123892295285565	2.1692698160636392	1.6202753217617607	2.152454527984706
1.4839055763692262	2.145641061446715	1.4775547379006402	2.129186543176911
1.7519873561079575	2.1322234478031263	1.7486816631420257	2.1162170946329635
3.6999173601631288	2.1850555780521947	1.7684393729195467	2.1044960144183813
1.386859792675598	2.1584537952216207	1.605782179541071	2.087874964843466
1.3103721308656664	2.1305001876296976	1.5832384983049703	2.071241512416478
0.5801878312315814	2.079955925500858	1.5072607474338575	2.0528540178107204
1.1789334819459905	2.0508957628227447	1.4020194866325975	2.0318628880888654
1.3759619290580174	2.029359019535379	1.4404829746333512	2.0129922611365294
1.2266539427226673	2.004014615617032	1.4119709094362114	1.9940156271276233
1.434301529908932	1.9862139149443392	1.3083339688497273	1.9725915740341948
1.0203950809027367	1.9563482414250775	1.2982074831853763	1.9517377252874093
0.9107318046751243	1.92434497820472	1.2829316779082616	1.9312674428858432
1.9424694763008348	1.924893692022716	1.2363524105234247	1.910212695005959
0.806414670909658	1.8913447100459457	1.1506329853390511	1.8874288249103128
0.5468787314087464	1.8514165363455874	1.309485381548403	1.8702647707873044
2.2110288638192332	1.8619911000484377	1.3338725659979702	1.8544907287277317
