-1.0	-1.0	-1.0	-1.0
-1.0	-1.0	-1.0	-1.0
-0.8106230418022093	-0.890717860667027	0.34735316282205786	-0.22249444984506128
-0.9217389631149786	-0.9058321248573993	-0.18172365673972968	-0.2026298277399461
-1.0	-0.945449730057974	-1.0	-0.5380934519905267
-0.9621674602051409	-0.9516320946575835	-0.6064320097856473	-0.5633656844432234
-0.9199869303033411	-0.9411981833429864	-0.7041200563211625	-0.6097746751020001
-0.6766455539809996	-0.8625274498775427	0.6135312341092889	-0.24599687834019557
-0.815191558822681	-0.849711043096819	-0.07690148509734407	-0.2002135512219405
-0.5401975807167929	-0.7728035933360253	-0.09289410771972595	-0.1735469068892176
-0.7389815441566467	-0.7650391019428462	0.2607145459484377	-0.07385403898772447
-0.6564459455481136	-0.7418740030886504	0.17405425165945165	-0.020970249358502113
-0.8127590954829188	-0.7559950579662007	-0.08476523704494288	-0.03367879613559854
-0.3862544096391878	-0.6869106049144016	0.98369761740561	0.15641361844729063
0.4200974008944711	-0.4921642842663224	1.1529322915854214	0.33172245111753185
-0.6454946551170451	-0.5176479264273393	0.2871687731447654	0.32431748803112304
-0.6209088991859943	-0.5339110546665964	0.30786835101854404	0.3217268566206921
2.2234208107154294	-0.12126238275591528	0.4142389250284648	0.3355718471900453
-0.0634853425910682	-0.11302590602454954	1.3265373701760095	0.4768405210114115
0.4860080016955428	-0.03149731139141143	1.0655222040794055	0.5569601836478841
0.9348726490599071	0.09432636156235841	1.7086070096501467	0.7069073870875098
0.9711631536635821	0.20375020949813072	2.297777348484613	0.9054381465347825
11.64286962040071	1.574339555376668	2.688354421328204	1.1190604436966054
2.0619746181302525	1.6305247172457857	2.4492066412997713	1.2723191991671836
0.25346881360187035	1.4777238284344678	1.9786901885279589	1.3507003513303815
1.9877010906275436	1.5322961193099092	1.9960130906485034	1.4197546438875936
1.1711018813851388	1.4949760467959199	1.8925841572276219	1.4686110913419252
0.1419035260638919	1.3598195693073927	1.71381567972547	1.4931040484646383
4.129231023263546	1.6275448143942168	2.8762930402992457	1.626820046250161
1.566134703666179	1.621793500576561	2.2314263844141045	1.6834455324018127
1.957016859344105	1.6522399648287855	1.9959283263376002	1.7118266347588298
2.0742536909669598	1.6894430184993605	1.9567789191875358	1.7334206694149032
0.9225338983126365	1.6237646745239167	2.3335835577247193	1.7848199159754339
2.307218655702724	1.6806731647960924	2.325622143378685	1.829850469008166
1.3196545030169706	1.6514242499621345	2.86988822436964	1.9141121716116527
3.8742014513541685	1.8267767681812215	2.7360280787631344	1.978952625542612
1.7569211633427737	1.8214074372726063	2.9670873965358746	2.054909195898793
3.2706388398262005	1.9300255095881211	3.270841671323689	2.1460418312528162
6.282835924104933	2.2483145517943006	4.085132060566205	2.287833281577314
5.0840257945479586	2.450738103726507	3.8677317223829615	2.400612453493894
1.612666567933387	2.392303549865442	2.8989318973960283	2.4353577915008207
1.0082453122241004	2.2979911317381303	2.4494746454940306	2.4363196107528426
1.3221432353692961	2.2329715372697474	2.2927378672201737	2.4267531819576953
0.4762430439280765	2.118464825157594	1.7162399418384546	2.380440814202773
1.6247089234123622	2.0869656982995264	1.7676274227280322	2.341346306461471
1.5274199001415694	2.052012021429102	1.549473127330701	2.2918795573668813
0.7617375256128212	1.9730545452707706	1.8579025087014243	2.26532266976256
1.154448410856273	1.9239619561635313	1.7767959616537765	2.2360255128164863
1.1696667160890777	1.8796124198908637	1.9589292207422004	2.2197336396888785
1.6545016347477772	1.8666316852424063	2.1966539088531327	2.2184034471652785
0.714074831490104	1.8014213679215616	2.1556271729166605	2.2148523499181003
3.7590979782270013	1.910135853893363	2.4366197152242655	2.2271679709360095
1.324420278857687	1.8782013138246367	2.3443904182922757	2.233559996598269
2.097585659932693	1.8899499942286773	2.549030538244964	2.2504541920990246
1.2653153695273724	1.8570869502670977	2.292169107912985	2.2526484484788614
1.940023651281726	1.8613751882859413	2.3912484839801658	2.259814742122036
3.0074661834787024	1.9196295296312247	2.132858543742002	2.2533616732358617
2.5050980759100425	1.9488922330546647	2.0364553529955978	2.242520032751505
2.705617833471314	1.9860954945974902	2.0909879887643523	2.2350704399123322
0.5774329091185142	1.9179575180524275	1.8664390834623017	2.2172393440553386
1.8776574345349455	1.9160394427781133	1.8976672059401984	2.202027020439695
0.6467199803678785	1.8565592503899473	1.7372804441490093	2.18024885518921
1.4875113043937889	1.8395316729089277	2.13238668284568	2.178040542695026
2.313094014111319	1.8610508855026557	2.3572943245261913	2.1861862384439275
3.414165135340875	1.9305732256290984	2.2984092056060765	2.1912103380988626
3.3760238810033245	1.9943240613427022	2.370001138631125	2.199095695818791
1.5331638456768868	1.974279563688456	2.0948856726855722	2.194566311855308
1.2145458172789918	1.941729153479034	1.7737476863206827	2.1765368188280756
1.696280701157431	1.9313608484579396	1.794838209170602	2.160413056816517
0.7585698363775235	1.882508027493428	1.8136008820238327	2.145966797056532
1.3578443170742025	1.8609525793586204	1.689704951545373	2.127221684389821
1.3664029889163904	1.840908367919437	1.733652601828172	2.1112701899828754
1.8801995124188147	1.842479830954895	1.5546221400231368	2.0890101518056556
1.40436205504921	1.8251904026785568	1.1884877566948844	2.053472450838054
0.8758564564644058	1.7882124861106092	1.3448849936656333	2.0258719696582212
0.40750358827344435	1.7351211795163062	1.2896980504458653	1.9975645392387462
0.30111365829911074	1.6806778605927568	1.2226665784662867	1.9681446135908538
0.4287776393192526	1.6337424481887073	1.1691107811459736	1.9381877126873457
0.9735193232612109	1.6092955514628091	1.260281783408768	1.9130860804727323
0.7743516298810496	1.5787555497440051	1.1400343640658197	1.8848098957622397
0.09364416821350385	1.5250883550050993	1.2991603178715447	1.8636458907642086
1.3084008154233455	1.5173507526160677	1.2069404926945206	1.8401967845972553
0.3684821179183142	1.4768110338864688	1.1663756177727818	1.8164198580604007
0.3741118693953993	1.438352439115247	1.2394498699138365	1.7962965723929365
1.0293373143380595	1.4242510287018342	1.2696545735440683	1.7781398566762792
0.9141583895604022	1.4068649843266567	1.4742851211960688	1.767783215578853
1.0364025527420089	1.3943800013336154	1.5249935037399545	1.7596009577441216
2.1466127807867093	1.4194489308977647	1.6026762312956677	1.7543706745152097
0.5865930125981624	1.3919972912703753	1.4029971618683454	1.7427889461687243
1.9709816119241848	1.410873648403725	1.5643946897140433	1.736972861378817
1.523231086645528	1.4144970274182413	1.570535878623076	1.7316045458802534
1.182811261630369	1.4071038608215325	1.6441506140188755	1.7288136118784658
0.6559532398692081	1.38338767333869	1.534370155467129	1.722674492894146
1.8134525983459557	1.3968242948654508	1.4866528609997598	1.7152996872611759
0.5359954118579318	1.3702052637437547	1.5319491380062682	1.709629811373941
1.6469180231900533	1.3786744167902296	1.5299900621024936	1.7041314216129577
1.0244187705140404	1.3679409552349275	1.4555203853135303	1.6965987049851439
1.1367282818677378	1.3610055795202802	1.4351934001178295	1.6887576799903097
1.0491553715898712	1.3517442571123928	1.448936397630233	1.6816354776273412
1.4136539309321785	1.3535651246156188	1.4599957566203168	1.6751180306404105
