-1.0	-1.0	-1.0	-1.0
-1.0	-1.0	-1.0	-1.0
-1.0	-1.0	-1.0	-1.0
-1.0	-1.0	-1.0	-1.0
-1.0	-1.0	-1.0	-1.0
-1.0	-1.0	-1.0	-1.0
-1.0	-1.0	-1.0	-1.0
-1.0	-1.0	-1.0	-1.0
-1.0	-1.0	-1.0	-1.0
-0.7990171596369557	-0.950060118530174	0.12978720277344857	-0.7192723573280397
-0.5972207510840999	-0.8690593181049148	0.41318183960150634	-0.4592965786003508
-0.45333735817051435	-0.7803774017847134	0.46226613992986487	-0.2627085773386516
-0.35001499051143004	-0.694644563912507	0.7098673725132894	-0.06896095092271848
0.011690511605204623	-0.5626687493924996	1.2730101991533176	0.18178090545762582
-0.04631393843462839	-0.4718310124520403	0.7299647415846848	0.2782179422636335
0.7316899287042857	-0.27180506108906866	2.6643392695849744	0.6747928295305516
5.014015808529064	0.5606875985486093	3.4795597932817772	1.11653075701714
0.15956744733127914	0.5006578733559168	2.644306398633963	1.3451696869479228
8.811034691209422	1.6853588154487262	2.991121198699979	1.579811595868112
1.503097503889535	1.6605527623378689	3.699903175636887	1.868355773719958
0.6336965975513635	1.5268539687674303	3.0482352231512655	2.021978946419219
0.5728324602939792	1.4077983113028791	2.2858686357973323	2.0549107309963914
1.6586775239627936	1.4378581431454314	1.8240515516893483	2.027250771584859
0.8045943047864088	1.3648942580186367	2.0833683803102705	2.0337172070137117
1.8849757921572108	1.4226039530913206	2.550006874008382	2.0910062167713828
0.8860238728965422	1.3651858774136212	2.7018732347703587	2.1563746979572236
2.31410719896644	1.4632351203159524	3.427707772586107	2.287737792980525
10.540053835071514	2.3699034328625093	3.2762357844837258	2.3864767802131808
2.983196589488788	2.429192102715419	3.4693562440297683	2.4911614447338737
1.0625240248933459	2.301194826629578	2.309192247528402	2.4741189443191196
1.0415854996925344	2.186793499981659	2.2702017559966214	2.455598968177113
1.3306157286222389	2.1113161413277095	3.115877336481172	2.5138060678426326
5.0915989051619315	2.366550405383943	2.670015684862244	2.5271841101755044
0.6016442363602654	2.2195953999026976	2.6002244817337026	2.533266788395203
1.6383310384238126	2.172502643404392	2.6974474859364888	2.5465684076660593
1.4693099310921984	2.1170294158326795	3.294026837121712	2.605535296131939
3.612491343667796	2.231982917678246	3.334428707795925	2.6615640944767582
2.3393592435393553	2.2400312970091183	3.2385630501979765	2.704810230943353
1.354943192256473	2.175311177398636	3.1200832371032137	2.7351758140116282
1.0753315760254636	2.0967911557955365	2.716247407847094	2.733825177966449
2.642095921985334	2.1348125441771955	2.7447229598871656	2.734585027587296
1.0918250713798194	2.063741456537499	2.7433936358680477	2.7351853500519727
1.821186667201785	2.047580818520771	2.485340998141035	2.7185391453284287
1.3223861885792378	2.0003115632862567	2.55113404674926	2.7076277929072785
1.2387762956787616	1.9517288207936336	3.4017632984948154	2.7519116031000737
4.475210512559793	2.109366431294263	3.2145293604334952	2.780810694208274
7.980359352311391	2.4686391507794987	3.7213666113620745	2.8383679899687273
3.6880812993362833	2.54177191017595	2.8122591257426337	2.8368031030346432
2.893225263914647	2.562436064832707	3.3985952560864927	2.869834410615229
2.2864580406496207	2.5465218768345603	3.5198556768747373	2.907319516446797
4.494433657878309	2.6567344838546334	2.9616637509099313	2.91039525378757
1.3832988668043535	2.586018094313805	2.623501120465117	2.894463690196611
2.3237404196278053	2.5717184576521555	2.9618459290304404	2.898138237057827
2.760422305706297	2.5818236664031136	2.9018934346547094	2.8983394356623977
1.7613567885453105	2.538657884116483	3.032787271742235	2.905412807293901
2.579714317743915	2.54078033342034	2.865259166191201	2.9033362922624595
3.6003464652832458	2.594636687381396	2.8641672721416724	2.901345305020766
2.6922466854373224	2.5995155651132844	2.3501605624099695	2.8737960513444807
2.6194767563004966	2.600496587325558	2.708729542896222	2.8656805192466903
2.056707899485166	2.5741932874849405	2.4961960494022333	2.8478084365596437
1.1590699640387867	2.5068290949600827	2.262404503176805	2.819941687594116
1.1180432071477022	2.441750800156782	2.228121419301946	2.7922090011736955
1.5602966253339674	2.4010808462733078	2.6691279936413057	2.786529649763678
2.6245388960523393	2.4112352168075293	2.7963246977039393	2.7869750874416637
2.9759304293143582	2.436512412129488	3.122689020999678	2.8020024912013612
2.675477003512016	2.4470517524302586	3.145523253839545	2.8171532267435935
3.6048384892807466	2.4973765350392667	2.9094274938137317	2.8211646676868605
1.8997436679925759	2.4717710709649716	2.8626681586437885	2.8229430431050466
1.6711634348353663	2.4379519763803774	2.4292271791469435	2.8063117965082305
2.9173929825654024	2.457924033824152	2.7178129921948364	2.8026260814197768
1.9059090901404123	2.4352448821274155	2.6756247604210612	2.797408692059844
2.0923215756727704	2.421346260928848	2.733311243260099	2.7948108858142175
4.017013267452791	2.4851576786148737	2.6747851877995115	2.7900118518321326
1.805103248740676	2.4583206856011794	2.543067896163912	2.780267181598864
1.9504915210427418	2.438540289504817	2.6177844183428287	2.773938599346357
3.292422702938352	2.4713739655401494	2.402944639289667	2.759673013774824
1.2078870597081877	2.4234047509546777	2.4993357641682676	2.749789041658101
10.445330680133518	2.7241554571388646	2.48168877201565	2.739737124787159
2.7017104504804945	2.723324632176438	2.5296378098266823	2.731957712938171
2.9662930955802973	2.73221154491351	2.285159405828398	2.71561494342694
1.9858955544915244	2.7052419662167755	2.421226970463457	2.7049764803546563
0.9608347974588669	2.6429549109503014	2.2715423723770973	2.6894995725783706
3.9726494375800936	2.689874131826838	2.214563664739027	2.6727399238843095
0.5914534258777266	2.6166885515412095	1.9232537564180059	2.646600218751169
2.5204857579297295	2.613371469659096	2.057402419033734	2.6262868615859807
1.4600115165625023	2.574059849157886	2.1818276648457675	2.611137280411854
1.5782721202663748	2.5405006257334923	2.082326752135217	2.5933157231364397
2.0726722330975984	2.5249091961296046	1.880225181867571	2.569550502821959
1.5703628757837804	2.4934461935885106	1.961729831598157	2.5495157346516693
1.3197345685283	2.4551803387903535	1.7670401341696178	2.5240051711288625
1.4339626991715098	2.4222438794200083	1.7168457234624692	2.4979725110287863
1.7218446714237712	2.3998946136291344	1.7168039036263658	2.4730459733757484
0.5914340964524569	2.34279536137284	1.6637798177105543	2.447494283775549
1.0929811363226292	2.3037457002434216	1.878012458373695	2.429701232412123
2.9437625530467777	2.3235361154649263	1.7017008712392019	2.407189423172646
2.025528441410964	2.3144145195696733	1.7845660516689272	2.388132375862101
1.718298132811451	2.296353559632618	1.8306205455143751	2.371241054282525
1.16198958407454	2.2623282247624568	1.8313678602145433	2.3550473868897077
1.1834040875478848	2.2302861699242107	1.942913683766382	2.3428076482508766
0.979435772187514	2.1935026877107453	1.8969927448206056	2.3296978898081324
