-1.0	-1.0	-1.0	-1.0
-1.0	-1.0	-1.0	-1.0
-1.0	-1.0	-1.0	-1.0
-0.39766303959581395	-0.7065261023513154	0.03202144384795225	-0.49717288578830365
-0.9587887453201163	-0.8126561556090364	-0.653823704752883	-0.5630778313801643
-0.9745516526538558	-0.8725265007277171	-0.8759066819898845	-0.6787646308103809
-0.9415614295813022	-0.89528842327641	-0.5335402450679809	-0.6308818397583804
-0.9659498344482587	-0.9163012022733741	-0.9273211400240676	-0.7190348090802607
-0.7820009501930537	-0.8799387739158115	-0.3014653740250407	-0.6059759103118001
-0.9018215844525099	-0.8853761877597741	-0.5709792911007121	-0.5972800422817586
-0.8969075889465101	-0.8880234419486415	-0.24473521625363537	-0.5163468336458611
-0.6683320661715361	-0.8411588441652788	0.11055004199939433	-0.3826171063721354
-0.8314041399563846	-0.8392156119960954	-0.4517038507471989	-0.3963799655999428
-0.7899113321566824	-0.8300033277445313	-0.3495145162759513	-0.38762338556328546
-0.6993107728766236	-0.8070117098021773	0.007291254911759859	-0.31814944733827777
0.014463284386530884	-0.6704820618658702	0.3914810983676542	-0.20020844179021868
-0.3658812738808488	-0.622508839325489	0.25430904344383753	-0.1286240434283562
-0.40492857987248854	-0.5899469168993576	0.4915082572839309	-0.03581827400270443
0.1735188682390012	-0.48110985502146286	0.4394491018993263	0.0319341686454675
3.3217634516296197	0.03646122643149585	0.8661296406528152	0.14546809901987556
0.4754557460324864	0.09361956273074368	0.9927424288749378	0.2557854596571334
0.9168803307278925	0.19635740636696708	1.1523876153982573	0.36767586244018635
1.137350844351464	0.3091035085901568	1.0018023844035455	0.443654468539997
0.803255848922301	0.3660396254264704	1.3592734722226107	0.5491517592801352
2.625835060875774	0.6167919690370525	1.113182250337696	0.611738088904785
1.6452883572779937	0.7268502284920078	1.451597825309844	0.7016106324056528
1.0465281770472719	0.7598814603554938	1.9589199551432985	0.8315236098270542
1.3785548932976894	0.8216796335281202	1.5475796515686957	0.9030491732769312
2.0778320508457147	0.943115196124499	1.5472720957016737	0.9653280512301732
1.1278519193416958	0.9604169736604984	1.5302199848271725	1.0182338286762938
0.5873156226647926	0.9265308970938038	1.3297266896951565	1.046524759478121
0.3388539098427221	0.8747235694767108	1.4279256556101187	1.0801473117489646
0.9825985664311976	0.8839622026588754	1.21949422501133	1.0920812425534305
0.5942403872115944	0.8598387289921607	1.2918322641217697	1.1087139981948364
1.0967146153453458	0.8790301881101767	1.273225687106836	1.1220426888930883
1.7136002924309826	0.9448688948153146	1.4389750644959003	1.1470456613372435
1.4527161371966821	0.9839064081772488	1.4717132504731425	1.1720024973461576
2.688784515548536	1.1116852133004893	1.618604186858231	1.2054750494502904
1.0528641790290583	1.107384206235638	1.8455393467045895	1.2522784270810305
2.311092684793411	1.193308889831198	1.4916681877458147	1.2693667683283767
2.368585379469178	1.2752551257107583	1.4311700293193912	1.2806485451552714
1.269860363493032	1.274887531465906	1.2860652013032348	1.2810176614859476
0.3980891128826509	1.2164673735342824	1.268479688026766	1.2801823753574753
1.0316828132732967	1.2044226379619696	1.2927102605222522	1.2809988137311414
1.1855638171921505	1.2032196779704005	1.1930603598992602	1.2753888366532933
0.7121538930867026	1.172543997142304	1.1338722894476665	1.2665489453976275
1.0101604190077276	1.1626072577378528	0.9959713168251241	1.2499913397065532
0.2605975647513632	1.1085126425353855	1.0085776255412613	1.2355136922878964
1.343391470494511	1.1223227787256582	1.2012739575618863	1.2335006292728612
0.5165844980148282	1.087391903832505	1.2843455077754626	1.2364325431387608
0.8894035855487838	1.0761904088433534	1.4884413311334161	1.250691677952037
1.856208123311203	1.1195066582686102	1.7595905933207132	1.2789521204395102
4.173560806166738	1.286023412344667	1.5911641828987326	1.295975028559027
0.21211914177775415	1.2285160993342044	1.3639517508109544	1.2996158519109544
1.6523791258426228	1.2508157043565071	1.1906412148702818	1.2938823001681414
1.576465389751188	1.2676528823090147	1.202906218672159	1.2891780625762417
0.8110821569340485	1.2444459307107154	1.21299303513953	1.2853056425410188
0.6769609847735807	1.216081800768349	1.0302506080218383	1.2725574045595809
0.7895347367063899	1.1951112182759682	0.9864034520053391	1.2584889708598248
0.6137008080376682	1.1669882667155256	0.8939384323714135	1.2408557060698753
0.6104619415732815	1.14049588852841	1.0236698620093314	1.2305170474588678
0.25014003184841704	1.0987739087719106	1.1320615556004938	1.2259032961176004
1.50094430204922	1.1173294142676649	0.9321983641004115	1.2123517271987678
0.5079139356652018	1.0896374550483543	1.029762366777884	1.2040550088862494
0.9032193807923168	1.0812931038869222	1.122979931528851	1.2004261044686455
0.15642809255713352	1.0405023379017635	1.033418452893696	1.1930603529283288
0.9199778328660515	1.035264035282223	0.9551184962631669	1.1827184324873032
0.8304763253847034	1.0264901521199676	1.0152227205263826	1.175542350086359
0.94439686371438	1.023022535919282	1.0034657081390468	1.168273679209896
0.5944931036845382	1.0051719840549436	1.0943725027502893	1.1651952901706544
1.1954587884969166	1.0129900847935382	1.1093664381439847	1.1629017324616933
0.6746715428160452	0.9992781652440883	1.2009214677723499	1.1644428312280097
0.45630883023954016	0.9775650764918244	1.0897643816152924	1.1614566499434749
1.3330950216628024	0.9915961962456648	1.2267191215728706	1.1640326886326449
1.0857234996594536	0.9952629335701957	1.2291327020912735	1.1665687939994016
1.0015921175733618	0.9955060351270955	1.1757617285003934	1.1669219897598384
0.9158139336779672	0.9924805413414619	1.0445423237064162	1.162275837739911
0.6563914407621911	0.9798800327976116	1.0261377323964167	1.1571717279568121
0.4219198333710088	0.9592194226212285	0.9554902736621471	1.1497035663146482
0.5310308813520253	0.9435576670570076	0.877937971709422	1.1397633569982664
1.0074631267379432	0.9458666175966841	1.001096761765055	1.134752039441823
1.2302268988111824	0.9560195134322143	1.1657508340548532	1.1358582870328817
0.8228705407636776	0.9513210816405362	1.0499527769692474	1.132826909935054
0.5729481251777644	0.9381246162570946	0.9921392286638875	1.1279200122486954
0.6099868182289863	0.9268115993740316	0.9602341282846973	1.122138628163854
0.9322613789365441	0.9269969846086381	1.0074190634477858	1.118228145818784
0.6762541881192041	0.918546545668727	1.1028584788812363	1.1177100235705786
1.0911862240437538	0.9242999498320168	1.1955206527594178	1.1203030723985767
0.8822906906951489	0.9229149897936757	1.0546670286582986	1.1181393294900088
0.8028090045088441	0.9189993274565034	1.100201038955018	1.1175546054921615
0.6618118378776943	0.9107043561130463	1.0413457750032205	1.1150965296299304
1.0419836584672804	0.914893014018547	1.1452343302113697	1.1160578445064053
1.4229867743927502	0.9309347163167656	1.165889786628974	1.1176307933937508
0.633405931710052	0.9216385211775628	1.050085112077849	1.1155202653052068
0.7460201401808699	0.9162079349307128	1.0160445075699958	1.112444183791533
0.8244960680176414	0.9134006999517936	1.033326964980231	1.110022407634148
1.0784357061459375	0.9184009492945246	1.177487142685298	1.1120664899619372
1.2283112591308654	0.9276966153750104	1.254599821014874	1.1163416926672638
0.9143666886687951	0.927300735401613	1.2398445914950087	1.1200094768321556
1.0453311478408582	0.9307714046652753	1.1381273660158309	1.1205420134184272
