-1.0	-1.0	-1.0	-1.0
-0.6624076142986247	-0.7629393289619233	1.718157201750425	0.908716539607995
-1.0	-0.8997379030366167	-1.0	-0.19273019041166883
-0.9466393892975569	-0.9225894959450701	-0.5751993031507583	-0.379078837118736
-0.9027343409606391	-0.9142361758940274	-0.7150138122418785	-0.5204108691122475
-0.7633972476788893	-0.8584546783363278	0.021586179385156834	-0.31997584960838743
-0.2097619447457768	-0.6445703300429526	-0.5391899418227646	-0.39225426044062806
-0.304563152922419	-0.5434616158012995	0.6753011269333935	-0.0747927566924208
-0.9380694634180837	-0.6503035751354584	-0.7124690947753297	-0.2474466834776866
-0.9774865606972827	-0.7316014787320855	-0.843028024810056	-0.39543578118438005
-0.9298048638776877	-0.7771027747306652	-0.6727555986431117	-0.45909975650370494
-0.8085341636927889	-0.7838077339997928	-0.6121366861606161	-0.49174564720201885
-0.8447951369181866	-0.7959570781287091	-0.5723776393366481	-0.5078083963316782
-0.9596966558930545	-0.8265511147232064	-0.7528436260063466	-0.553592167694549
-0.9562346324422482	-0.8493652300799652	-0.7476215929504381	-0.5877261417982015
-0.9044674647543927	-0.858523257109386	-0.5226989336113892	-0.5769185674586202
-0.8108930843883729	-0.8510217286557179	-0.26445108646118987	-0.5277063826233731
-0.8548219596082677	-0.8515904740225546	-0.13922516261497864	-0.46956836289668025
-0.31124916253369095	-0.7745611874377537	-0.11124151773364999	-0.4184864412980974
-0.7011281495979136	-0.7645669484021308	-0.19577709078233685	-0.388175689127211
-0.29337794465797296	-0.7032170009817393	0.23741022467115225	-0.3067228436017462
-0.5180409825133774	-0.68010823760533	0.02720791052149596	-0.2650504565675139
-0.011847490885493195	-0.6000398518825444	0.09864164382934826	-0.22147415049400776
-0.06559822221935485	-0.5384617534909781	0.2418840504226225	-0.1680862077772024
-0.3697256906213907	-0.519738265219875	0.18643087568133443	-0.1287479040267976
-0.4716932279395907	-0.5145969368903427	0.012213429242733387	-0.11366366649359594
-0.2931318203544825	-0.49171375344599877	0.5704396468586448	-0.04297784154565043
1.0094012867044113	-0.3417694116505192	0.7610630682765085	0.037336775956045454
0.42872153043132655	-0.26728431583898493	0.7134794292889772	0.10270101070585302
-0.08718180643336004	-0.250416587904153	0.28613491939114044	0.11988072902387326
-0.34329228073239404	-0.25885179361364274	0.04852369448501981	0.11339994337906378
-0.13688595623985034	-0.24809978682290146	0.1820206153023063	0.119449254795567
-0.4454251298527776	-0.2649988274255942	0.21296603212309928	0.12745828609937182
0.30517525188460737	-0.21752281434739984	0.42050890543329555	0.15185955990101996
-0.06873864952945896	-0.20546854619232124	0.45171980625448427	0.17615374093824587
-0.12323729191644284	-0.19898132928741985	0.2951871456934263	0.18554427995431344
0.12047265296493448	-0.174425260914425	0.21472020671166003	0.18778723390684893
-0.4020862688458098	-0.19148810687397677	0.287010264424882	0.19522394382885544
2.0749326086335507	-0.025761818178732687	0.3394041691264358	0.20576663069435508
-0.28218213923944735	-0.04406598623471847	0.24766140634499578	0.208757215463794
-0.09403294413474528	-0.047549917553838084	0.24365999214213074	0.21119083420237983
-0.5506019939779798	-0.08182875169936654	0.0610117121956133	0.20095754469683502
-0.27698430632575666	-0.0948318044983345	0.19153748135203563	0.20032984814522536
-0.3475751340702281	-0.11130606588518321	0.03787760394463269	0.1897409377466368
-0.3646491336928538	-0.12746832373676587	0.03046853683657602	0.1795800711145561
-0.28736434986801507	-0.13745676223528414	-0.053470138162173386	0.16502181538181193
-0.4685289381336446	-0.15771648615543832	0.045475975228274734	0.15770633078860175
-0.25635451980860713	-0.16363182984918268	0.017563697889223295	0.1493019413621497
-0.18517456854936498	-0.16489831547386335	0.16800204597550317	0.15040165307357478
-0.15910129193249167	-0.16456400655521797	0.2514411403338572	0.15622826596078299
0.19393425459242253	-0.1442802374249621	0.21313007315001387	0.15944796048418608
-0.2640788692038295	-0.15093274551018443	0.2334424921139462	0.1635573062576834
0.20062736256302305	-0.13176424857616464	0.26352236606051593	0.16900808203871165
0.22736467469928967	-0.11253269289543877	0.465783439195983	0.18490063359538778
0.015465328029973913	-0.10579852676248958	0.2557759275369502	0.18862951573597386
0.6679353865164102	-0.06579308412112606	0.20357871766885904	0.1894023337963866
-0.2742122251550505	-0.07638682072204694	0.2407832115137971	0.19201387815196225
0.39103742561430366	-0.05302390780720301	0.22660875175062722	0.1937430643316218
0.16153886870943657	-0.042475286643465004	0.26657837282483965	0.19732391892285395
0.09349846539709072	-0.03589819973784425	0.46202002415774635	0.21012736983454539
0.03473459576529381	-0.032535844303494876	0.35753991217270786	0.21714469093302657
0.6234120313254077	-0.0017981848150029345	0.5142852097838806	0.23106870589217388
0.17351436059639824	0.0062907522800979	0.39598997941075664	0.23867822658911964
0.4380358171674972	0.025909357058980564	0.40934266799407726	0.24643320547885206
0.6948208133834777	0.055851448404251824	0.34845007832464203	0.2509996588002843
0.19160254823881462	0.06183883159678483	0.31016304706950515	0.25360918556514966
-0.0650833705459084	0.05632214110289557	0.24118010500424192	0.2530690387450083
-0.09624994385019014	0.04978512399788548	0.21260973561473295	0.2513354718994556
0.34383061393728265	0.06220627406075363	0.3503515926590166	0.25551822997164075
-0.01540505427697303	0.058973344216918466	0.31581497186663254	0.25802990856868346
0.11141603616290752	0.061128149202707815	0.20970417347171932	0.2560446645057326
-0.38799784965087647	0.04292514399808556	0.12211501965844218	0.2506166082699539
0.05051464767370972	0.04322871036683962	0.08697780483159678	0.24407279475383525
0.24390356574822936	0.051148432888200146	0.12050243084932144	0.23919653810032915
-0.259865179241597	0.03903411838418558	0.1229786429094808	0.2346698642276679
-0.4166846501628316	0.021510719884862972	0.08640877555129611	0.2289689263483261
-0.29301655255563375	0.00956943031165669	0.21019536546087303	0.2282561017339928
-0.10687216339266004	0.005203773292728142	0.15985880006730935	0.22569165365136912
0.6234314199601336	0.028095963189465945	0.23516477735523078	0.22604250156651196
-0.23317372697206185	0.018539398684747743	0.1912913968896668	0.22477131214157198
-0.061954487209365805	0.015630493274292112	0.032959331081080734	0.21783973407153256
-0.08856999510739694	0.011909643301078132	0.12914668590875	0.21467255142048103
-0.03737793522289912	0.010170389782424571	0.12963161006045243	0.21167167217337024
-0.14821505197215845	0.0046463568982397785	0.19417036994280745	0.21106112832097024
0.2971029687595117	0.014728800068391834	0.2233596690788937	0.21148494628219994
0.26560892600667274	0.023279766344943553	0.25088310328560093	0.2128277589887697
-0.11641923863220627	0.018571641664691274	0.15561730462943935	0.21089956090949502
-0.11023749550738937	0.014278625079084062	0.15512940062734715	0.20904063444520138
-0.01660208565975485	0.013260764131570957	0.19659512319281847	0.2086304075833969
0.22435653326908578	0.02014285017197537	0.24550077978563478	0.20983230623910032
-0.0062390680702190116	0.019291765405031747	0.3085709219764734	0.2130165454624382
0.229274974532248	0.02599206660686093	0.2996892283806647	0.21578212554352305
0.4660347945286505	0.039885437535621904	0.26509817652223333	0.2173390235685293
-0.07647284584781322	0.036249717846152496	0.22001491552657182	0.2174224017202655
0.498544801889627	0.050544958398600626	0.3220439483149098	0.22065752504294744
0.6820341705652002	0.0698726538355059	0.424274152066612	0.22688939170062805
0.03477245994066713	0.06880924723001369	0.43352683109666	0.23315013552823238
-0.07357028840399871	0.06453855138006825	0.33126132328449365	0.23609293138555953
0.25868758667661984	0.07030434937289187	0.2748495694599482	0.2372438806688386
0.2890162033735879	0.07673603727286737	0.28395889335175184	0.23861766756288794
