-1.0	-1.0	-1.0	-1.0
-1.0	-1.0	-1.0	-1.0
-1.0	-1.0	-1.0	-1.0
-1.0	-1.0	-1.0	-1.0
-0.970017942555233	-0.9873861716870149	-0.7608547988310239	-0.8993886088379083
-0.9461274099159177	-0.9721283307966173	-0.4856437961806852	-0.746382257873951
-0.8805796316473236	-0.9419432568718871	-0.22662579341397193	-0.5750102160939514
-0.8606532384290494	-0.9177698326821342	0.004158936929835821	-0.40278117973376926
-0.5869062907837954	-0.8281869558844214	0.36725624881569563	-0.19428988913887624
-0.6426604173745087	-0.7820875978211305	-0.2755264982526884	-0.21447538808091227
-0.431408631941923	-0.7015827242691139	0.043502674364285676	-0.1552517664022185
-0.41876360367086096	-0.6412516578761916	0.022918411592183885	-0.11724442050543415
-0.8149067525747866	-0.6758456337356078	-0.20258235478677278	-0.1342446808397918
-0.6246024839155989	-0.666271049881375	-0.308665309088892	-0.16683438928321725
-0.5282569893940858	-0.6419914499766061	0.08916630609323595	-0.12179845141775947
-0.05948692297762381	-0.5451789210493814	0.3884897411000088	-0.0369883822202437
-0.0670303697559178	-0.46987265573658066	0.8991786087453968	0.11045374733333446
-0.38010876366410684	-0.45643903516169415	0.5933429110023374	0.182720533868038
1.6736608213263122	-0.15277930390038208	1.8302125140704475	0.41758128626806235
1.0983074375924282	0.01749361816550321	1.024583192303354	0.5001941993151755
0.29107194363104294	0.053114112135611125	1.234068319583236	0.5957462092496253
1.538053555384994	0.23842537563814714	1.6577614720789238	0.7282793035098025
1.400666033665031	0.3776803285137531	1.2257842037314197	0.7878884519735967
0.4813972374548763	0.3896308618150677	0.854006873655877	0.7955069981921701
-0.14359733505401906	0.330462836729259	0.5772831171209509	0.7712926790949164
-0.4015535392951052	0.2521311953923231	0.3466035327236998	0.725847661834216
-0.0009431099605582416	0.22598211304667548	0.3274490362033977	0.6846828258207451
-0.134898459846035	0.18993418563240927	0.35240460866246326	0.6514918878025859
-0.1959650773310846	0.15262840486720086	0.3459047109492377	0.6219500367567989
-0.11028660301306525	0.1280047917178886	0.4702881630868687	0.6077460564030626
0.11846119459555515	0.12713823992447382	0.5470938577062092	0.6022377516770816
0.5151106582939213	0.16134030659810938	0.8184622259461076	0.6212992159367641
0.28911246834471394	0.17228297421564287	0.6272739187044387	0.6218110784703144
0.047489996185143823	0.16189218172526765	0.6076942661058333	0.6206358395070963
-0.12886563893007086	0.1383356604838233	0.4664662884580628	0.6081454442499565
-0.06661859630499833	0.12216723805117224	0.594777868928331	0.6070910844801332
0.1466752507537128	0.12405129636902057	0.9144758832202184	0.6307194709839872
0.8524197980856014	0.17864217771334734	0.9930651112415256	0.6578774868125574
0.3633104042060269	0.19214547740762122	0.879478437900624	0.6740813566509294
0.4120217482591422	0.20784099782518228	1.1871040471346	0.7107026737758504
1.0856417606449114	0.26904583786496783	1.3491834885708327	0.7552209456687831
2.248477632562855	0.40392864192083766	1.425282114925054	0.8008806144700238
1.0556141700718853	0.4473497469783161	1.6958153708097967	0.8605091577890085
4.328979075924058	0.7003618446714737	1.6715901322985447	0.913377068932554
2.4369828961509765	0.8111521501428798	1.871833286167122	0.9745233390205301
2.7303104414477937	0.9310385235145471	2.00882843724565	1.0391345239708727
2.300642381448001	1.0148508366119082	1.8964029558611393	1.0915947670353159
0.6417769369179958	0.9924772161228672	1.6854097978123486	1.1272069225157924
1.1307224262638096	1.0006058990754134	1.5275346234122065	1.1507451706951701
1.4341357410689874	1.0256062382206848	1.5911095537347486	1.1761396468322478
2.1133815945850065	1.0871522212481817	2.081421940840985	1.2273603174007337
1.6419572182310178	1.117962256439637	2.0232653508240324	1.2715592250620742
3.391847155322565	1.241942580253491	1.873184405794873	1.3043624031762295
1.9027673962417007	1.2773305722706794	1.6658259849973063	1.3237195155878938
1.0449119552589337	1.265102917276435	1.3981747756619494	1.3276368823133926
0.7338975025457983	1.2376373279531232	1.3733268876210212	1.3299995170918257
1.5332174152461246	1.252661000263935	1.4852321691963035	1.3378895077039261
1.146056263976635	1.2473324155138332	1.3606030730690502	1.3390244968016694
1.2781326830769584	1.2488466545862753	1.1215795358575122	1.3283342163479879
0.6995516029741973	1.2222769190274834	1.1017474361431412	1.3173740819564443
0.6026078134286648	1.1927787740263818	1.1013133552421603	1.3070890299589402
0.6568178379506113	1.167663941637723	1.191128391762815	1.3016553861838842
1.5535389147433931	1.185468324481517	1.3825885764257881	1.305389963975391
0.919824438853796	1.1733972672994142	1.3582906549716323	1.3077937074207395
1.1988523556941413	1.1745366651146778	1.3631839439985702	1.3102730766693709
0.8460721736114918	1.1600499256133818	1.3535507737423305	1.3121818903916678
1.1391790907518788	1.159142866223526	1.6134161272076204	1.3252753695090163
1.201259650380249	1.1609475963223979	1.703650748001564	1.3414871544875284
2.1810908617232094	1.2040409424509635	2.061889271118194	1.3719188688782737
2.433550515647453	1.2552564429114303	2.079647472977116	1.4013994149450166
2.1611291619970974	1.2924743738694149	2.0268575950698495	1.427096518183582
1.8789121475398023	1.3162427795204477	2.1322725634883577	1.4556773914226913
4.621095482816102	1.4484040009185621	1.8738203119923793	1.4723992909834158
3.529881720191683	1.5305474187889532	1.710652656566816	1.4818019188158793
1.0184093416102047	1.5105990849811413	1.6635938397105376	1.4888832356101465
0.6529410862152731	1.4776200980288654	1.4538907458323096	1.487537553143914
2.1252488322849294	1.5022078356192123	1.490348841963614	1.4876443351463728
1.6057591169076444	1.5060901732417524	1.432037811514839	1.485559637396015
1.703181267481511	1.5133879180452117	1.245725242215976	1.4766786929012756
0.9008914375104733	1.4909844095329308	1.364382614292487	1.4725710678826727
0.7622083834943558	1.4646484300813691	1.5445347040969768	1.475170901058362
1.827399986100521	1.4776003074933475	1.4543556893319116	1.474427026194463
1.3005397758464001	1.4713520630733519	1.4533408849000264	1.4736825641704745
0.7113728618411519	1.444846426403473	1.2896056489661438	1.4672622464783096
1.6383466852080226	1.451517130714818	1.2961083811278864	1.4613613017353275
1.8751199818785889	1.4659551696674002	1.326015057248656	1.4567481217121543
0.8807024291852683	1.4462314258802587	1.362527418326315	1.4535727121504616
1.4860164785804582	1.4475569674343571	1.2797141611344895	1.4477782256920873
1.0331384817372684	1.4338971011276391	1.349013095808861	1.444522452803377
1.4945243418356302	1.4358734272084508	1.3027223469834182	1.439899161180282
1.4792789267930653	1.4372729924798175	1.2970134716758963	1.4352904822485582
0.964124593939166	1.4221752992289995	1.2084791946425528	1.4280531653904158
0.8978705012095503	1.4056212634901124	1.382145072740645	1.4266036431312497
1.886997923707114	1.42066170926083	1.333627400851312	1.4236987458483394
1.6047157907572918	1.4263527647912708	1.2539026171344378	1.418447952561428
1.2610832859935583	1.421294095699222	1.2488650389710019	1.4132572639587146
0.9097933796304563	1.4057965299446806	1.265763782925692	1.4087882971547239
0.8454817338204381	1.3889899296954291	1.2237404220557275	1.4032378075692877
1.039935167226366	1.3786238003022095	1.179268002261049	1.3965864625029765
1.052329696185692	1.3690284568221616	1.2708939372739456	1.3928901942423053
