-1.0	-1.0	-1.0	-1.0
-1.0	-1.0	-1.0	-1.0
-1.0	-1.0	-1.0	-1.0
-1.0	-1.0	-1.0	-1.0
-1.0	-1.0	-1.0	-1.0
-0.9451669549911694	-0.9797222693931323	-0.5656618033736178	-0.8393780075127303
-0.8318533968468639	-0.9309675459848248	-0.2163265133299791	-0.6339480068883991
-0.5916916806332031	-0.8300761837245278	0.01753137405209282	-0.44021587541266527
0.005302187703910111	-0.6038935872861697	0.18171967895002994	-0.2718239525264605
-0.1893954444470477	-0.5008996824983343	0.43487342126216477	-0.09622479675099527
-0.28256516193135206	-0.450776994601504	0.11305191082182531	-0.04818154290685617
-0.45364008002630407	-0.451387804861873	0.06009913963448943	-0.025083190403162092
0.7411072735887161	-0.21382984912203074	0.4140641823032021	0.062399754175761935
-0.6336927394428804	-0.2922794001508219	-0.019242405643944305	0.047145348887839056
-0.09846952883105664	-0.25818415240819703	0.44090359609883945	0.1164157624652935
-0.07964349883583643	-0.22851075618792693	0.6775542301931665	0.20967702523147969
-0.09685914048644595	-0.20777624348096235	0.5636324647071942	0.26542337132514704
-0.39008389468568305	-0.2350594802361362	0.37775914475882844	0.2822350047247377
-0.30141880821797384	-0.2445193570189429	0.2692389477861672	0.2803824891477009
-0.1594612964392984	-0.23294306842545276	0.5693450873390369	0.3197101004579792
-0.020649903247764168	-0.205301949356271	0.7138059062003412	0.37102238430528556
0.13444808072726122	-0.16290317464740212	0.9070453520715813	0.43791486778964983
1.5987952513957717	0.04817594198098796	1.0018586505261564	0.5054841706838813
0.9394136032054028	0.15086421349004997	1.1918127891969048	0.5845630189924889
1.256966184118022	0.27360015854608344	1.1140473519144107	0.6433161688403701
1.2695401931827508	0.3801741624163959	0.6846776960024836	0.6477424088898025
0.28250644773018796	0.37008287194420086	0.6131744688045782	0.6441710450321363
0.0250150366055355	0.3356145148885299	0.5882277175081232	0.6385828829262077
1.3584878450198041	0.4344984623333461	0.6010117429352013	0.6349511221143114
0.2914072272642003	0.4210970673454437	0.600816961786002	0.6317542710552644
0.2891116459637433	0.40910973568876297	0.6419988592340375	0.6326847019901096
-0.05955227654582562	0.36779453419776376	0.6437504533838532	0.6336604550189584
-0.2341409040437158	0.31624430114826185	0.34017857823968645	0.6085265025705635
0.0022820759568702442	0.2901022274253895	0.505218581299018	0.5999246625940793
1.8490162118185962	0.41640252576890013	0.769736606796638	0.6136827283549451
0.6186665360474901	0.4323590631717438	0.6879609689490245	0.6195426712484693
1.1058609937561736	0.48412995728547514	0.8062733343650244	0.6338963558587882
0.7132586514386614	0.5013031749459564	0.763428957058033	0.6436049917252411
0.8978715980772138	0.5303012371547806	0.8052637850263147	0.6554258481544817
1.0987241305282014	0.5708774686131168	0.8318704274084474	0.6680212889591259
1.0065385163002967	0.6012539439320337	0.7125686396014621	0.6711273532250759
0.0679052501882873	0.5649105312638105	0.47781815460871435	0.6579548643196165
0.13612572688723446	0.5363411640589282	0.5178326816061485	0.6486188552912164
0.49136784313429405	0.5334098353121723	0.5397710364200401	0.6415240720081641
0.04095402821302163	0.5019930327527742	0.5102517184413882	0.6331494004785849
0.9776842892395992	0.5317084810947827	0.5056930326671076	0.6251873326436235
0.25375481131413147	0.5146993479614899	0.6930042480131249	0.6293374277303956
1.0842681125036244	0.5488574810269737	0.7885103595513152	0.6388835055102189
1.0270356405839252	0.5769725466212945	0.8057835549050509	0.6486965586017108
1.4372094030520706	0.6265793971067639	0.9764432524865241	0.6675965760768534
1.0892912405553417	0.6527596298196079	0.8809815838170809	0.6796700645232852
0.12892755294438651	0.6236701441403927	0.6040090737531418	0.6754684725722944
0.7807633607203979	0.6322355018091268	0.6657133027613851	0.6749367308341239
1.6377086104272052	0.6860792775994595	0.6163280824641566	0.671798610646243
0.37250954194859887	0.6695820228357172	0.6124947123575097	0.6686785821240622
0.44178243996550726	0.6578034381142328	0.5443872383974253	0.6622518302722828
0.17628186290018855	0.6333282950579691	0.6294369145525476	0.6605838966746627
0.33009801813316275	0.6181721877206221	0.6453318386128524	0.6598215382901811
0.9597763866485103	0.6349663935250367	0.7946545951546506	0.6664502331110449
1.7426626245104107	0.6885462523911787	0.7307901444277529	0.6695623342171282
1.481771159228142	0.7263064075711525	0.68374430196813	0.6702375032121177
0.43514336253398667	0.7126624568641731	0.5425160081119014	0.6642523819117265
0.13486988714248715	0.6860036117864938	0.40561182341188884	0.6523189767695943
-0.03381371100120978	0.6532948700877106	0.4616456758842604	0.6436548426517463
0.4228790393390478	0.6429807314277511	0.42424606428742084	0.6338334078398291
0.11446884800634671	0.6196709167461041	0.4175951406860541	0.624296290986003
0.8606141558130727	0.6301439451346382	0.5831006953169751	0.6225059239615829
0.27176486277071765	0.6147894414645887	0.5513679426280478	0.6194583214202907
0.34186031076532397	0.603260424221634	0.607072007238638	0.618935103521074
0.7595910578452529	0.6097726698871766	0.7413589704329921	0.6240349483932772
1.8063795112403485	0.6589358598032709	0.8711657281791636	0.6341887378499123
3.0291563809127284	0.755001213537629	0.7778219949942531	0.6400103579013758
1.0469159522639417	0.7666750736243386	0.7372898489800244	0.6439007590512544
0.9173429703218605	0.772621330646559	0.7687070757714489	0.6488263944233117
0.6267814182834808	0.7669408367240078	0.7176449438364065	0.6515071719337744
0.6139540414669362	0.7610579708914731	0.6112940989109783	0.649960711265865
0.16155166904438367	0.7382973307535532	0.46805793622541647	0.6430546884941584
0.5854485686067523	0.7325666346859112	0.3160013134032005	0.6307928711817021
0.2769812362068338	0.7156968593729434	0.3350364122185616	0.6198413313945739
0.24498041919092284	0.6984794144946205	0.3100422420730453	0.6085097887647948
0.8390123782161438	0.703557678640254	0.2814299599220462	0.5966901443255817
0.2102334185507495	0.6859425044486849	0.2792801440564101	0.5853562477501211
-0.14153494289925406	0.656743483948093	0.18059152412614976	0.5710732715214699
0.04355938868087694	0.6353577408446254	0.2080791069921868	0.5584132472654775
0.324544126339092	0.6246419866436708	0.24204461730267313	0.5475059956331185
0.4389611879676574	0.6183130496266009	0.24996842505036287	0.5373645560670357
0.2673409947515597	0.6064848397637612	0.20518372550788855	0.5261696344362985
-0.019439235460002147	0.5856245898056633	0.14373780286390936	0.5134241692610466
-0.003431443898960884	0.5662088086396122	0.18876352976172517	0.5027230207375726
0.5766106473334558	0.5665479056093441	0.15138094437471605	0.4912683674073537
0.19754246286984456	0.5546465779577971	0.19551693642882828	0.48172963096819643
-0.10897994955879531	0.5334707649852259	0.1478294805916649	0.4710750221828979
-0.14931321399030395	0.5119130306588775	0.1322664218711742	0.46037768358624787
0.4537608201251493	0.5100961530947896	0.11462412752034057	0.44957485705609534
-0.07081720749878628	0.4921330430428168	0.14154511328755492	0.44004998785780547
-0.2792451659461891	0.46852340521729485	0.10416054454727153	0.42976926328667564
0.07918942512161431	0.4567273047150633	0.13555420242527738	0.42085505498398734
0.08719801800677596	0.44564317985765856	0.12135954263587423	0.41187158536480717
0.2580113795965544	0.44007083243499	0.09893300940536887	0.40257788016495955
0.10512428747131608	0.43022118134097287	0.14764243507390762	0.39508111463026396
