-1.0	-1.0	-1.0	-1.0
-1.0	-1.0	-1.0	-1.0
-0.9260726564142596	-0.9573393839038693	-0.44182798147118796	-0.6779004757496385
-1.0	-0.9781247202682263	-1.0	-0.8348355499936873
-0.8681981433750059	-0.9318772239036593	-0.0903272409223218	-0.5216115199038458
-0.9140592779318464	-0.9252880007490784	-0.3478217847509385	-0.4573426313772536
-0.8789189440150216	-0.909999388188288	-0.3871247219488604	-0.43419070106619306
-0.9418076260026506	-0.9194582934191702	-0.7135246760557489	-0.5172570215952184
-0.9720750577269568	-0.9337045344684045	-0.8470341054734603	-0.6065457460852448
-0.6746011439841487	-0.8693229401458769	-0.6868420175021677	-0.6264976352740442
-0.8817473625668385	-0.8721752024128381	-0.5821759251487324	-0.6163227730412968
-0.8268826345256162	-0.8625133819147114	-0.690486210686474	-0.6321433375311092
-0.9737754072250215	-0.884677979204008	-0.8862528325109219	-0.6827646937034392
-0.8923543246551877	-0.8861122702290112	-0.6712831155679957	-0.6806194062843798
-0.7756528109539138	-0.8666801202154929	-0.6835186202084171	-0.6811294884920114
-0.7984900802895125	-0.8553469249063536	-0.7714687849127142	-0.6961439809344292
-0.9344809975778983	-0.8678101929173773	-0.7516681229439622	-0.7048888138550709
-0.9908022589086842	-0.8862165691587904	-0.9191887394506217	-0.7369598737829356
-0.8036166780426668	-0.87444137489114	-0.8181471096586489	-0.7485336276981882
-0.9674950961607189	-0.8871059963944401	-0.7860774649368074	-0.753643350304531
-0.8488311485908461	-0.8821225164751509	-0.49131336514696344	-0.7194873761753486
-0.7902990487764253	-0.8706635207234786	-0.3852187812089797	-0.6777727580152919
-0.5784301528341227	-0.8356493009481429	0.06458076226130527	-0.5888269638314254
3.9825118820867464	-0.28050314645740193	0.5902404083726667	-0.4529753408045002
0.2463826187726752	-0.22203857864475163	0.6595063058693391	-0.32953170648020225
-0.23366263759684225	-0.22328234413498094	0.8124990451952225	-0.20732485426754144
0.9398908660572871	-0.1030957710492234	0.8112003270597237	-0.10208421590151062
0.42407308794994325	-0.050437666859220576	0.7715609808499635	-0.014817106876445885
0.3635413182212295	-0.010417280338017476	0.6535403903531343	0.049794645614654964
0.0390139866902206	-0.0057876153245762785	1.0080378466624822	0.13954054581272946
1.0699162921655128	0.09191136962151125	0.7292182775562608	0.19309710075400122
0.48153151587952525	0.12625880918918608	0.6310334730766984	0.23170391366752252
0.10201529680092647	0.12418269287286932	0.516650893410044	0.25610719250447067
-0.31768309789038296	0.08739066703845322	0.5637371578365926	0.2817222254649734
-0.4241406413825436	0.04594757488865997	0.32317891022971046	0.28508113695999504
-0.11611451515553883	0.03316281706110624	0.46463762298324207	0.29924620402835855
0.041293497798574386	0.033787868909154195	0.545047717610113	0.31814060048300274
0.1273585262937913	0.04080097151918216	0.7272778966788216	0.34880505117643024
0.5673135381981806	0.07930118116421503	0.8360934567375227	0.3844371263956339
0.7198462900411018	0.12502577718080543	0.9828182749957515	0.4271519578042471
0.4905471555369725	0.15051195570595866	1.1134458660882989	0.4750040884514861
3.3588905698971487	0.36913728772171694	1.1531102575911079	0.5212116981110513
1.0816375643348102	0.41661060624553237	0.9382552375906004	0.5489990140557353
0.6632235065545296	0.43268543376964397	1.058325591935791	0.5821980400593656
1.0229524280132694	0.4703423673645748	1.2429713551031134	0.624353024441471
0.6434817351754742	0.4811582455825951	0.9043190322980323	0.6418421981779847
1.8607087723304767	0.5655792453676278	0.8495385953003118	0.6545522384751068
0.4359831506278611	0.5578072641864613	0.7446540910397881	0.6599558679388584
-0.08949566492168903	0.5197483111038896	0.6551187463748911	0.659671651221637
0.10311257123770812	0.49572249139641755	0.4952543675654528	0.650190412292047
-0.10626165224221173	0.4616628267131735	0.38557481520432635	0.6352188371008631
-0.014554874082455815	0.43521748290750417	0.539203944000098	0.6298869756463312
0.1136023902211869	0.41768215871226944	0.5063911142315536	0.623153768268286
-0.04868752508515639	0.39270814252993036	0.5634721729108576	0.6199580037313313
0.39875047770793204	0.393025858406322	0.705382571482795	0.6244520726888885
1.7689484336805137	0.46416716357120524	0.7040979668376492	0.6285699827973432
0.12073807394875047	0.446711168493358	0.7290795896341524	0.6336788901658623
-0.0289834141315507	0.4229350225291766	0.706885407363063	0.6373380201928158
0.6269855510045057	0.4329668772353783	0.5913551502143557	0.6350774414455782
0.025445476523638932	0.4132549802714831	0.48246257607785226	0.6276956059656693
-0.052923420234601504	0.39106351907240255	0.5810469709717674	0.6254752049907135
0.06529852840981021	0.3757983750906444	0.4989746221571265	0.6195476061743972
0.5160089882220744	0.382267690645532	0.3852018582833756	0.6087351722821372
0.11078642628306246	0.3699315426617622	0.5239310972788589	0.6048817580862746
0.47436742174133206	0.37460640701948855	0.5245487196774472	0.6012858920071564
-0.08549082542203279	0.35431402967050607	0.3334928961315784	0.589475026243744
-0.1091300782844401	0.3341701962598327	0.39909776725185675	0.581200273226858
0.16274102007459534	0.32682543061415914	0.5060609819236519	0.577981083010398
0.27707953171311317	0.3247241972512247	0.3713312970407072	0.5692519552782285
0.1904985888865014	0.31913309869709283	0.3215695103041796	0.5589347850021198
0.18189840433941695	0.31349489908087524	0.4730621552792742	0.5554068139220187
0.06397891737813755	0.30338211988241426	0.516988795356889	0.5538498705652712
0.48466617708750714	0.310631812564063	0.48496469979160484	0.5510953512331291
0.12608430188424324	0.30334896215714147	0.5326708896713956	0.5503683805674413
-0.10760472312776315	0.28734180070830173	0.37820274506002627	0.5436624097696625
0.04569268652022607	0.27804973184761206	0.3719878116639779	0.5370609840259406
0.31345187156879795	0.2793936307443101	0.3541022863523724	0.5301146565980048
-0.22362444116924474	0.2605348625919752	0.32094504971931337	0.5222726642417725
0.2609529585119541	0.2605504995671917	0.313113219225716	0.5145279475507287
-0.024185992245593146	0.2501357249004854	0.39926114403529267	0.5103119283649233
0.014163333079428408	0.2416082594107456	0.40996027362451204	0.5066852516395643
0.6369135138808599	0.25572303002452634	0.5265025664647225	0.5073926553383998
0.25161905966403597	0.2555779668526943	0.481231112687436	0.5064692097182195
0.2529390802989999	0.25548580250994246	0.500668287952337	0.5062667393028475
0.5340088523524025	0.26508788319840537	0.5595170187702792	0.5081023879946363
0.6133634138001525	0.2769582437658733	0.6975965087945228	0.5145608271475002
0.3831905369239019	0.28053817862295327	0.534254945378152	0.5152243018989495
0.32274466368644283	0.28194458881049034	0.6155582147918077	0.5185678698491563
0.44703308570992406	0.2873858262086719	0.6021295496598325	0.5213219076999969
0.4464903653079062	0.2925728942740724	0.5441023307050092	0.5220644586097098
0.19932942735197745	0.2895654330406068	0.5303850132731578	0.5223325969287225
0.4638031874944333	0.2951249768708617	0.4190045620820413	0.5190352953398043
0.09651704522197102	0.2888540623656264	0.43553628591778404	0.516398671496326
-0.13409020478729872	0.27563932759283816	0.3347773311549027	0.510723883252115
0.22600778348741457	0.27410443464495926	0.2697845820297906	0.503273291298024
-0.06466911493077765	0.26373552335176087	0.26887915485621683	0.4960990808733603
0.20156403360056974	0.26185165960494716	0.3602258631549129	0.4919821868690839
0.1963335224636127	0.25988626783050917	0.4668806918616808	0.4912290493462921
0.3099138213427928	0.26137181775875784	0.4326517593701087	0.4894892334260643
-0.07690006937234128	0.2514241844765741	0.35151277223052513	0.4854316330340769
