-1.0	-1.0	-1.0	-1.0
-1.0	-1.0	-1.0	-1.0
-0.25770282584998416	-0.5716489905966549	0.41991885431514375	-0.18061970906302638
0.40465113090415916	-0.09597064489488749	3.3117344278045824	1.5209443338406152
1.4816393535071222	0.5677498586207834	2.4711377946711446	1.9207029193677685
-0.4913683510986193	0.17607882719179457	1.4885877826486782	1.760902883144818
-0.2337535256506187	0.04095046503238797	1.4945233013955308	1.6730730233169089
-0.02303303846245619	0.02192338025821683	2.157947341889019	1.8172609870730296
-0.3047548631563105	-0.06652636522914568	1.5293180502492096	1.7392988668814344
-0.11020905467419173	-0.07738050860231316	2.5051892417889436	1.929606319796496
0.7004647134212187	0.10118824118322833	3.7830124019919698	2.355089882945325
21.724308794767865	4.71383729203461	9.348209964110408	3.846863830428628
9.23336703202854	5.614176371466313	8.934637141279572	4.860403169529392
3.480631567803009	5.215532848378999	8.616459685147468	5.5622066210687136
9.34308881238596	5.941656688353145	8.441492083463052	6.06873309201196
11.861870115375924	6.925598540828779	9.52897086706284	6.643825621118841
44.91265300576653	12.90838641041196	10.77304650743894	7.294158778864539
23.45054058762381	14.486073147022282	9.79260293956495	7.6680637698960314
6.5751861708268455	13.358323888123827	7.697086598475659	7.672201599955546
3.7314228066168855	12.048101356572282	5.990773757835595	7.443358660915507
7.191975205102612	11.415824156017308	5.774647090980465	7.226089615571295
2.164484739971611	10.26131705546107	5.846524153996978	7.053928758186689
5.621091492474878	9.705345917256574	5.563304251075898	6.875329291581894
5.357667683327107	9.20441014814056	4.862856562151437	6.643454280652532
2.073246588119824	8.413121052854931	4.304024986590309	6.383867041719344
1.3599077424947348	7.658370050487521	4.061819910993533	6.135389831366482
4.648134647520116	7.347336059218456	4.375376819919561	5.95353618966758
4.6858451521002875	7.081483172300798	3.853293681356532	5.743745647280732
0.5152693025626391	6.446712416710187	3.1255101132976435	5.49063470741178
2.6142237209649566	6.087775038125768	3.0298005886350765	5.260161689957787
2.273237329484575	5.741327251555868	2.955475475296463	5.050843292668499
1.8417278025247898	5.397554591517543	3.0824895170367883	4.877321490314248
1.5191235045991007	5.065402566141042	2.983636046203891	4.715145018149769
0.821540134373989	4.712036406730302	2.8892179338504986	4.563109278224113
3.185206032866481	4.588336402063426	2.5755016671159585	4.402078013484917
1.8671730670299111	4.3736684749978965	2.540876042182724	4.25525127167007
1.4743067841626285	4.150800379476379	2.4547456571436257	4.116850374942367
4.0431485319538005	4.142733252903139	3.477096101034416	4.068902757554385
1.0266789908358396	3.9148792819739784	2.824636388950331	3.977918916926898
2.460305620380533	3.811046963079664	2.4771726153615408	3.870790637097368
3.455145530624371	3.786231911676121	3.2111293048058194	3.8247959098867454
1.3633117442650513	3.621129761283483	2.810676678586577	3.7556922425484442
1.02648384661049	3.4482513467137563	2.8235935192662702	3.693588003941942
4.39216297550812	3.5097784607464257	3.2848964043340336	3.666949682869542
3.547779041502804	3.5122024493481154	3.022154276059977	3.6258139216330854
5.017669532868016	3.6062467326905736	3.1115895030086946	3.5936915640559306
2.502851582849508	3.5387251854947195	2.7452730986071283	3.5417731499252794
1.827312292733163	3.436089634255418	2.607420667643471	3.4857390774844417
1.7906117269785566	3.3393416887440974	2.6715400415988713	3.4378673575674297
1.680996442310223	3.2437111780136547	2.907282715371902	3.4072710044563035
3.8289039493463832	3.276821718997967	2.8167903396188665	3.3738627418152403
1.628227190740576	3.1852720055776302	2.845273163782018	3.344509372063083
3.8867564335711284	3.2235199822410125	3.071951341474011	3.329649397015098
2.1347771265497357	3.1652183957356286	3.1787983969322546	3.3215722141313533
2.190881601813902	3.113956704243326	2.8524419906394987	3.296889888374209
3.3844783417590634	3.127943964239164	3.3019090340759707	3.297149442987945
2.9822899067023285	3.1205402667766293	3.9257609798078503	3.329100646060904
3.335848761663523	3.131301940796062	3.6867965517799295	3.346979149508953
16.60217892479733	3.793572329516407	3.3515792405820877	3.3472051883865435
2.108016741009189	3.7120412961242657	3.2955130888228465	3.344705275269173
2.018270776062758	3.631412279654338	3.31061237659594	3.3430822350323677
2.2379350635082553	3.566114617089907	3.0881487990748706	3.331136605066698
1.9880445698272933	3.49330361557608	2.899305919022299	3.311212177397792
2.5861716697569754	3.452082507289129	2.2334118166083936	3.2622358741933635
1.156378547484362	3.349320902483732	2.1846881357319186	3.214002079524227
1.3363848709272017	3.2605409869521296	2.3006701775396814	3.173719680496929
2.3838878351939883	3.222436931442428	2.613229657750513	3.149357887653795
1.9342437439174498	3.167244360497815	2.741176394610998	3.13186944137386
2.293681529702144	3.130344002313861	2.652523278263583	3.111621562830229
1.7257984656958993	3.071837026711643	2.719718435397735	3.0952965144459013
9.203378023470629	3.3237521591798913	2.4441914198450747	3.0685462341930227
2.332637387918759	3.283582322859706	2.6848424561449815	3.052994750723088
3.359218199196901	3.2866078559513268	2.7188866317148896	3.0396345841768824
3.0166542456666177	3.2759546384190603	2.908441394716035	3.0344573744594197
3.8009515558244455	3.2964050881339695	2.573918696328754	3.0165195020053384
1.9365688098207419	3.2441156944988796	2.3848649080246673	2.9922302490464476
2.291022991401655	3.2079305673533547	2.4827720751620417	2.97288799803012
3.4147907806821243	3.2156856432500653	2.7032178035266647	2.962777396917604
1.7982031690817686	3.1631984647559257	2.3264682350680586	2.9392159985712145
2.2100286751755305	3.1283338213828893	2.497066384064929	2.923042990099012
2.038987617252138	3.088967975611678	2.4568591406940814	2.9061960487887912
3.360863362386163	3.0986762660331424	2.3735618720362512	2.887177393842679
3.4456026029149145	3.1109175211902986	2.490251290823114	2.8731707466087735
1.8107763432584743	3.0655723800412478	2.5807857618473324	2.8629723024393328
3.040116317310124	3.0646941027509245	2.374664588657179	2.846137015154741
1.6151321195913702	3.015286584770818	2.332407091729087	2.8286262356079805
3.0852282752381344	3.0176432798882384	2.33486635863576	2.8119856137766677
2.1822424942844374	2.989801268545242	2.0598574945973946	2.7869188439911388
1.845132689324557	2.9520719627074588	1.9808660461145333	2.760350531273997
1.0137754679581863	2.8888783113604344	1.9175190785259733	2.732871638061352
0.9922306366436846	2.827707502374218	1.6900402090374032	2.699238118982777
1.4576760734838388	2.7839907176517915	1.6939508694024101	2.667159922019087
1.6587149342848098	2.748462149645603	1.791722033988973	2.6395195417088724
1.9862610181648224	2.7246474782283605	1.8216944778718243	2.6139669407744837
1.225300395589592	2.678284199690211	1.6142405991795163	2.5830531499112435
0.8830019919602381	2.623335899571656	1.4393388373247271	2.54804728011206
0.8054954634136289	2.5682593510056795	1.5618196429765319	2.5181668514269893
3.3160282018749445	2.590688629992716	1.6534586631483168	2.492229979048368
1.4112375821721908	2.555661383033948	1.6715381555065032	2.4678571879999547
2.0953427830146256	2.5421245755948814	1.526252514424573	2.440167274932828
