-0.6630477356757638	-0.7058049283215385	1.9963841756673606	1.6161612509254808
-1.0	-0.912391582697158	-1.0	-0.22093274610288316
-0.6272655783919797	-0.7478563740559652	-0.42900777308205573	-0.34100484733139647
-0.5042582278912919	-0.629169143441946	0.2137151863776099	-0.07073109296951063
-0.31097256547304986	-0.4952998808677973	0.5121706189674335	0.17450290636564025
-0.5055605477953047	-0.4990943874445324	1.001472635612096	0.480323310275274
0.123521353543105	-0.2938079850942885	1.1943311777778636	0.7157431860872734
0.457041453499228	-0.07052600043391011	0.4652760970759706	0.6412609368456994
0.1471166592795865	-0.011598298880081903	1.1124700505379117	0.7688428920062826
0.8144173195035267	0.19364878168607258	0.8900687141174866	0.7989649364741342
0.34747725840264865	0.22896281901063786	1.0569631341449561	0.8581929932773937
0.12871715437756048	0.20757837876719964	0.9449684702252981	0.8767039406635946
0.009396262994680882	0.16809833709166444	0.7647895706396928	0.8544093483556596
0.6206807228765456	0.2526614254536168	1.622882100507431	0.9979952035710999
1.3067217118150123	0.4380928140193905	1.5900033697760372	1.102141681950831
2.6950883844298823	0.8132067118351338	1.4027392377216819	1.1521010082964387
1.294904745393056	0.889071848282746	1.4133373646979037	1.1932444169929104
0.5664175679300587	0.8407848515626766	0.7876815274662698	1.1325497090225816
0.022475814942086503	0.72412946067156	0.739379626786947	1.0765007174160752
-0.011809545096337914	0.6239679070031761	0.6581052547461004	1.0195567519046111
0.1032112959674194	0.5561642706344057	0.5458065458786163	0.9578734561356608
-0.03117597963600105	0.4828680835740591	0.33466955840908774	0.8801017421363424
-0.3312891949566916	0.38531940688678556	0.3516805876049591	0.8167888980474662
0.06307654127647289	0.3481908862095886	0.3084861759937534	0.7582227049168473
0.07184014979909947	0.3175266434588617	0.3874784032859371	0.7170844158914202
-0.34950228643231773	0.24614921819672508	0.3754810359928076	0.6805303039274415
0.21865139196108174	0.24330832413715808	0.5720733861900607	0.6693243346798725
-0.2683383066233559	0.19220063202440696	0.6292843759785189	0.6653246493208409
0.5358575027132049	0.22542285084967406	0.6142622030365468	0.660388470144998
1.533864358573486	0.34796665910243085	1.122635243656969	0.7036806868353973
1.3452678254014026	0.4385449103282464	1.1113098288276002	0.7407030866227375
1.0841966323256238	0.49546279829696527	1.1308530350403934	0.7750969726747228
0.2505919965620047	0.47449193971196424	1.0276537694582886	0.7967263177071238
3.3379331536659285	0.7129175360145772	1.0010536846685105	0.8137398461856393
1.1003591444523306	0.7443075732831745	0.8759012565771009	0.8187763416601184
-0.10118035570178596	0.6776083832243567	0.7054863328288681	0.8098392131037864
-0.3578718437513102	0.5980130738594378	0.4748274211761865	0.7840877774787407
0.16839719930992203	0.5658140943765826	0.5783159180332227	0.7686656532007501
2.53357845021181	0.7097022037261456	0.587908487131138	0.7554482210030955
0.015463425096299277	0.6601450045357153	0.43496120333085475	0.732570685507385
-0.13933028497013844	0.6044016098932039	0.35638193380767147	0.7063409757402075
0.3327282739209847	0.5858891843001839	0.4814426670004166	0.6910158786594767
0.02753648734248504	0.5486867434054796	0.4814685975942652	0.6770540268068785
0.976377784889711	0.5765647206656048	0.3763258457834904	0.6574522020851561
0.2951904065481161	0.5586142494505995	0.2908627410288098	0.6340653284016313
0.1588963744356806	0.5336445750599834	0.32271747023066655	0.6146159674238201
-0.14861020236327338	0.4918946455138338	0.2566367295787002	0.5927099687213322
0.5422479499289286	0.4949146944928373	0.3272550908941467	0.5767905178529504
-0.20472712798364145	0.4537784125924431	0.3319699136451777	0.5623961436428897
0.46670021885834	0.4545236085323072	0.38802103258945353	0.5523405854180041
0.3330992372929802	0.4476538646314103	0.42406855435324475	0.5450834302412115
1.0624454619702015	0.48179496552425016	0.5013466658564265	0.5426549446877025
0.6186687388199723	0.48925795278509376	0.4952300708507389	0.5400693843629061
0.11054325620412286	0.46897779357512825	0.5576721353495351	0.541012070604032
0.12074717883371489	0.4506569815676791	0.5284904022740746	0.5403533023781868
0.4584885256204936	0.45106187798281083	0.4793107810055053	0.5371970912005644
0.24580287140322032	0.4406287644893361	0.5867783493824277	0.5397171807635501
1.1660820992238161	0.4768882268420611	0.5816230858797005	0.5418115690493781
0.32542274564851836	0.46944172936560413	0.5499113597322811	0.5422098083619957
0.19927633641601905	0.4563736671044796	0.5861530233780605	0.5443353763025833
0.9945901455793231	0.48199445986320644	0.4301712523180399	0.5389007614206378
0.5688761572257717	0.4860656247320243	0.4926273891195385	0.5367323114903544
0.3596392757879685	0.48023250585636124	0.48549788989514675	0.5343684986613999
0.6535868949691823	0.4881098632935521	0.586165089661985	0.5367222097879019
0.6549322578326886	0.4955772669388918	0.4679723293099274	0.5336447920104703
0.7729896548569504	0.5078124059199705	0.423362104339281	0.5287808012292525
-0.038114335265794774	0.4840835196209239	0.43899894990415445	0.5248786553886184
0.1837066702356589	0.4712138844639635	0.3256279338804875	0.5163417710957925
0.5915126542592117	0.4762956046563238	0.3852394636787182	0.5108038451553316
0.7839243574633261	0.4891098712727331	0.4609094942268721	0.5087253820670041
0.4788266081374368	0.4886875987296915	0.48542530183277655	0.5077683150902519
0.6223050847181857	0.4941033508012016	0.41846884485632674	0.5041492189971286
0.3197540193606889	0.48713125911310917	0.3572050308458632	0.49827305574596603
0.12334037057146396	0.47277479872152184	0.37013484939500296	0.49321636780498457
0.3799216440897828	0.4691581751400131	0.40799409941974263	0.4898969813094409
0.31103581157868376	0.46307789619990447	0.4010793740219476	0.48648161913430354
0.06935772118823635	0.44812984400889766	0.30562984687834427	0.479615221589319
0.04170589559363491	0.432892578458145	0.30876803078530535	0.4732100552323186
0.21831900784995462	0.42494721852060047	0.3483191721129557	0.46858551802505355
0.29291339342722855	0.42011768727938814	0.42485007526789964	0.46698568039808186
0.985328661603615	0.44054204375923356	0.5169674854992063	0.46879150430891525
1.1728771921477423	0.4666909283298557	0.5225503629633155	0.47071085013764824
0.2783873814728397	0.46004611434389564	0.4563473692314708	0.4702037608369629
0.18918053571717208	0.45059905528263267	0.47712613233938694	0.47044489539017786
0.47118474844687697	0.4513084549811639	0.4079096274355749	0.4682886577122889
0.3189182342575947	0.44679597531413906	0.4592969669801592	0.4679820854712977
0.5381628401011167	0.44987497383621156	0.3979299052337988	0.46562109118115114
1.0303300327451885	0.46921941965280034	0.40178077207276397	0.4634933136826944
0.3493220570029858	0.46526726695037257	0.45947903087071973	0.4633607249284706
0.5654561875833037	0.46853360296220803	0.5276911888282823	0.46545798717436226
0.7412941449836434	0.4773300972146568	0.5147977690317751	0.4670487837578732
0.7446986571499559	0.4858612979199015	0.48345926579873155	0.4675721985856707
0.305957925362921	0.48018122781129713	0.4332622722691648	0.46648898824633034
0.6945728992791669	0.4868795197020599	0.44155873709033355	0.4657098437069156
1.0768632868814714	0.5051232124660163	0.45267421347604575	0.4653067401800681
0.15290250317899878	0.4943428831228647	0.4508584447171049	0.46486460553198294
0.40430787616424135	0.4916148336214501	0.5072974590184103	0.4661500335568243
0.9196843101029657	0.5044547358074403	0.4454618156400134	0.46552947948890866
0.49230733210603805	0.5040936658276292	0.4537595300745594	0.4651796273209783
0.6412394831157646	0.5081266466950518	0.4428454146655041	0.46452279548014275
