-1.0	-1.0	-1.0	-1.0
-1.0	-1.0	-1.0	-1.0
-0.8861762898877438	-0.9343167316905377	0.1164634179878703	-0.35573206874847463
-0.9130244913110723	-0.9239426062172985	-0.32194796533286973	-0.3392715573267806
-0.9534026344038122	-0.936336807389097	-0.545114965188843	-0.4258724402836217
-0.9624869576458789	-0.9460073626599087	-0.6738759614385701	-0.517586316665938
-0.8211435101960581	-0.9048377360363647	-0.7548237887487812	-0.5958072859674624
-0.9158394415432025	-0.908109361735471	-0.42698775133978395	-0.5456050851554929
-0.7948894916865281	-0.8774545421213709	-0.541053334064665	-0.5443726762111071
-0.6067523684125822	-0.8101909133406421	0.0022128249577342274	-0.4085580210557378
-0.7201601625241663	-0.7895226775561928	0.09690539224409278	-0.29251947158636227
-0.178319508105927	-0.6591407165663714	0.6361767881972273	-0.09440985464161578
-0.4081863215228577	-0.6091478620835452	0.2513523469097467	-0.025530229661373416
-0.366057558695128	-0.5637273434218784	0.0520053525308255	-0.011042810725613084
-0.5843474248928816	-0.5673548925335685	-0.021680606991158924	-0.012914309771320576
-0.49925074381688184	-0.5560359680204718	-0.13656813113515653	-0.03346571219105021
0.39060670364158834	-0.40694417508168157	0.1289019095427304	-0.007893675429088032
-0.12686629453171483	-0.36502901878090266	0.07086204975033294	0.0038926417404892
-0.08070329808211407	-0.32449643986867904	-0.09063773322160906	-0.009583240053092523
-0.7024957173371459	-0.3759422364034427	-0.0783878180733979	-0.01894772253991228
-0.0068293652400226446	-0.3278829261620173	-0.08725828857989526	-0.027841898715951552
-0.7262353853636914	-0.3775947351336344	-0.1528765484362945	-0.04344543901398623
-0.30997239520823827	-0.36949238612011803	-0.03551210070063082	-0.04249471803219085
-0.5969151495696277	-0.3956958133530213	-0.21631956545839315	-0.06252256110796395
-0.4699275794360548	-0.4039326702880337	-0.22335307327182963	-0.08036857666101216
-0.28311238534607286	-0.39100377251272944	-0.3300921624064558	-0.10709090521456133
-0.669681071018422	-0.4197983147918285	-0.04855944951037283	-0.10104292821765604
-0.7341212021008506	-0.45119555260177524	-0.24189558484521334	-0.11511246462190905
-0.7150743745664274	-0.4767053118247605	-0.14928904061833925	-0.11841638963227441
-0.32930778877243827	-0.46290059118940907	-0.12231809775201197	-0.11878182835881135
-0.2839413711826545	-0.44664700414638436	-0.12134989246876737	-0.11901511452987257
-0.34276156237940625	-0.4374887212335661	0.03506156794109838	-0.10543208124030023
-0.4274244749478068	-0.43662669615365846	0.08519844491008333	-0.089106096472642
-0.3911403533047755	-0.43283916204558104	-0.01747365896464259	-0.08314143848733369
-0.6643814252685294	-0.45159815727032115	-0.07202902202471162	-0.08224096085716681
-0.39103599499062125	-0.4468203838912852	-0.01308319543261205	-0.07678502152348832
-0.46294227430449175	-0.44805957882584413	0.2597904215625204	-0.050912941284060764
1.753333628329329	-0.28306771693963473	0.2465733212592276	-0.028616552586247734
1.4265078566447795	-0.15805869237855286	0.5124994145779136	0.01095149853702826
-0.3900600614752223	-0.17461970724128262	0.3839039495844596	0.03757421586918719
0.15758105999511884	-0.15145682921746662	0.4546558825392337	0.06665546067083761
0.18177421208588584	-0.12874975307887138	0.5173006425230646	0.09736338184754856
0.10281780666313711	-0.11332049148228307	0.7555868213824917	0.14122039211170057
1.2177892215773811	-0.026556215931746063	0.9362227581713722	0.1930401865806921
1.159339349641265	0.04909951254166822	1.1262039362778582	0.25257258560345264
0.40117224555081865	0.07109296599984893	0.6420514627809035	0.27690275134315656
0.4812900520105703	0.09619482604805984	0.7577104522214486	0.30632560370890705
0.4195992359243501	0.11558989598263136	0.6742236020427927	0.3283890262256741
-0.11530713966553652	0.10201422615105837	0.5140549606038418	0.3393059108233374
0.018547040566819772	0.0972011996153137	0.5904003146379937	0.35378599987353376
0.03815697691112896	0.09386069406430186	0.4666207963109603	0.3601703365814384
-0.18282559362708573	0.07849587664190083	0.41380421180819305	0.36314900977682685
-0.021418840643193993	0.07304836514809887	0.4896235721073765	0.37004501866511097
0.31836239220747653	0.0861851549436694	0.5729595821287772	0.3809113536707125
0.2113693975771409	0.09277125092237992	0.5864634988072863	0.39172570108156735
0.7413173436748199	0.12630376073962246	0.7584907652230195	0.4106888276793188
0.3732691459623274	0.13885642499364415	0.5534156123892939	0.41794313514723513
0.09858183633623296	0.13684324779405443	0.6322392262698824	0.42865385155912694
0.48363777831466703	0.15389289655231586	0.7342529148173427	0.4436782237282304
0.6170000053892581	0.1762937998493075	0.6792982658413556	0.45507544116285104
0.21941035182554858	0.1783464466027711	0.6580810791453884	0.46473938167603923
-0.03764722027460976	0.16822513002145834	0.564700640377898	0.4694237125027665
0.05199089582212002	0.16286229881601022	0.4728983837248666	0.46958420796191547
-0.043831876909681156	0.15347005785302725	0.41261674341577037	0.4669956394952399
0.08988963917000548	0.15062409417907285	0.42306354172062366	0.4650292033622603
0.5227758283405763	0.1670377426718952	0.574691512388362	0.46986586382192663
-0.026758683610670797	0.158614376570827	0.4189965026070053	0.4676549774947141
0.2373083575597108	0.16198607647259622	0.5534318089986057	0.47133015645040044
-0.08713906063805177	0.15146263530447257	0.4760956136666923	0.4715315459190401
0.11125423148212965	0.14978781365305172	0.5529069407332643	0.4749213695352352
0.30424269613635646	0.1561336252751211	0.5815461612244721	0.47930209217913755
0.17095124237726855	0.15673421502819518	0.619877305231662	0.484999646174022
0.48483666514132095	0.16985499116064862	0.5696988028438916	0.4883867802964983
0.3841448995539809	0.1783117918146062	0.5303405567149599	0.4900425548833527
-0.15593351058535287	0.16529250365835257	0.5167935175904508	0.49108464358714987
0.718745147551979	0.18657410115314366	0.5992397283628097	0.4952435357424603
0.9476962786489793	0.21547065583415237	0.719599355379456	0.5037613796352136
0.22295481100193038	0.21575124673630142	0.5356518782372572	0.5049569958349704
0.10401498340886195	0.2116138004615331	0.5542231659476577	0.5067812378541057
0.749242116318632	0.2312787808075587	0.6162681032812471	0.5107860125019112
0.48413413601107935	0.2404157144174981	0.7050592282350014	0.5178059254574046
0.5352981894378444	0.2509445423074501	0.7270407654237983	0.5252765199198226
0.29214588305325306	0.25239803229456004	0.6035186279132454	0.5280369649102963
0.4349042395216467	0.2587628053867308	0.6307533646833721	0.5316189013580985
-0.06164941278050762	0.24771613709199558	0.6345020879007524	0.5351654435536004
1.6654929151298128	0.2960389521638147	0.6524470850406223	0.5391624349368276
0.38258028930467947	0.2989554061908217	0.6673311259125323	0.543481760553111
0.6119912589223	0.3093879066019791	0.6378201321458716	0.5466257731624669
0.06714049799092514	0.3014032165628122	0.6299523949512582	0.549372196291263
1.128125773014356	0.328356389476574	0.6609080262713998	0.5530085016051876
0.08896514691130153	0.3206355353791539	0.6777253047670933	0.5570308733234941
0.2619308689326385	0.31876234318279373	0.6181861890039624	0.5589823000561973
0.6530469451931236	0.3293167783016917	0.613062142984957	0.560689768581784
0.5288721748231928	0.3355516749103411	0.616321043147249	0.5624278344927693
0.400250428248778	0.33755220176492906	0.5371094560892589	0.5616448054422996
0.5075357145761252	0.3427547586700883	0.46750649280188794	0.558763406489637
0.030197850870337772	0.3332848863653919	0.4382893900030349	0.5551132040300946
0.17489822856041837	0.32853410648733217	0.4920031989741256	0.5532202466493048
0.23408896838777693	0.3257292613754812	0.5202075424055672	0.5522398213753514
0.15922847204995993	0.3208329067975306	0.45172757937848096	0.5492839689408036
