15.958806971173697	13.806837510121166	15.226351028999066	13.16732577220604
3.487485604100434	6.560487793780118	17.882351946558863	16.4782633925895
3.532645608253528	4.813236805201671	6.509385765663225	10.72560844676717
7.266250703253538	6.008408174041854	10.267390186201306	10.502353758071417
10.203698977405736	7.7734204828915505	7.8187845026842275	9.373343243312963
0.1942669185018313	4.970584383701988	2.4838346569312773	6.825543606933628
0.014692579871493638	3.3365475097838218	3.2681748796770416	5.652622076276386
1.38187727596234	2.7552816965567377	2.4762525100837873	4.708056109104049
0.9099734933661074	2.2556556047993244	4.386939535218252	4.621111977239716
7.032208496640463	3.4425251868831444	4.551356388935473	4.603778793425571
3.661440363583891	3.492780823363164	3.0092467969249546	4.237723818122954
0.3111933207626385	2.8140837549820965	2.4992059039293797	3.8668626229669023
0.26115345902709985	2.3055124010093646	2.240639149106916	3.5429011826084666
9.143899890580684	3.583235701371353	2.4858952444494644	3.3454041192109845
17.85569764434281	6.094064692159419	2.392572954535459	3.177780226745302
0.7560701696602847	5.206886284393427	2.134835722341659	3.0044419561825295
0.06878309136283889	4.397658038799374	1.3583117587084717	2.7451835523613157
0.15383025922754734	3.762548053798147	1.5900855964206078	2.5723173429952193
0.3156984659388804	3.2711767357452315	1.4753491621067254	2.415937318147623
0.29380712560146005	2.8659563464554068	1.734765563811373	2.3232296107606225
0.7680100297566617	2.592799255034739	1.6995650590016123	2.242027271123777
0.9999030873756063	2.394016494006671	1.8434860431248188	2.1922923919127366
2.7501644474647637	2.436688927206174	1.9140352932534896	2.1589530649961297
1.4299022624684672	2.320688161127734	2.1827052346408116	2.161690458498887
8.97925739336138	3.0595401751056075	1.6602864412164386	2.1060542117599494
1.0068158894417807	2.8398822283695035	1.471192884616673	2.0381192373886314
0.44691046682009916	2.59262644796047	1.4468416570617415	1.977025436272653
0.42852678848917947	2.376457406202687	1.1973479382367183	1.8991440907971824
0.3654069416623167	2.1820447993312064	1.1956553349423773	1.8311365202538954
0.5055615923392396	2.0250312812918083	1.101184767470707	1.7627718225724327
1.4749038161338075	1.9750668039262114	1.0306470124453901	1.6962778267003178
0.8553171843175849	1.8763544163779007	0.7521349704727935	1.6130462075681788
0.4682451348243615	1.7557627326145884	0.7320750650049845	1.5375991148176285
0.8343840084088936	1.6790437776926694	0.8125744834369726	1.4772296418751028
0.8055815196472285	1.6082780280953388	0.9422109064250177	1.4338838831748166
0.37506592942410233	1.5109919191043648	0.9153775805929443	1.3929798908688
0.41597833957783226	1.4268203240185264	0.7601036474786995	1.3443319482551286
0.35340799628013664	1.346369798775095	0.8915478931747891	1.3103967734091961
4.327068415492726	1.564326060690946	0.8882753783236872	1.2795300617970469
0.9405261917908838	1.5197973516994296	0.8095558179712015	1.2459819362003262
0.5383962288686535	1.4513691413257508	0.8442578270924457	1.2179717193556083
-0.012284749233975711	1.3516329820350754	0.5887272721047203	1.175093784238285
-0.05531891134464917	1.2578892821084398	0.3602536024183518	1.1208019688488151
0.09534631224131496	1.1821126319344097	0.3993842544334649	1.0737786973250718
-0.026361709696445024	1.10501658851409	0.21687751621296747	1.0191116881656916
-0.4127926936387575	1.0102017870711881	0.19804168721279924	0.9678209499706181
-0.277374634461658	0.9314094725172968	0.11658362913700948	0.9157301724719495
-0.33586530986242324	0.8554092768224912	0.1152634878095602	0.8677251460728728
-0.4662752170176404	0.7776990541612996	0.1623126825908956	0.8262494951342121
-0.23410098872369012	0.7193522556992875	0.10815352201808315	0.784839635037383
0.16633160865928276	0.688062934618846	0.14195258862401694	0.7484657445471934
0.03058429384735839	0.6515518476820947	0.19028112191801383	0.7174686782116682
-0.2836511829865519	0.6005618744086931	0.15194695482364606	0.6866349858051866
-0.20677013693928992	0.5573294046971731	0.10822595062006424	0.6556614458415362
0.010655551267489294	0.5285680598963411	0.12912433638096044	0.6279594960604304
-0.30135852575440547	0.4856569622049034	0.18902974689029262	0.6052646966696051
0.6405303597407528	0.4935289947377657	0.15300777821928713	0.582277040075664
0.06610661724212474	0.47216539336866736	0.2419748620592388	0.5652678662977348
0.0372506908700887	0.4507835976896448	0.27948821435082927	0.5512180171568093
0.6405362941335617	0.45996223681813975	0.23455245970619898	0.5359008455080949
0.14925645128558673	0.44517154295674266	0.22081016391378983	0.5209014104613268
-0.138213035096158	0.41783422767243605	0.10353895927673684	0.5013438488089192
-0.28898774667174487	0.3852220884974691	0.1301860568137594	0.48421904148421846
-0.1433877314758173	0.3612017507106864	0.09542350160616087	0.4665519155488158
-0.14107051248058988	0.3387187406754384	0.014996472815282713	0.44633911873430754
0.12691786520139248	0.32937751401003235	0.0912225053083544	0.43067700434085765
-0.37496699910562303	0.29876269122491905	-0.02140864196437431	0.4110267775646761
-0.24966578928845684	0.2752653354027643	-0.03459409338915587	0.39193423280832707
-0.4446284672140284	0.24485580192098388	-0.09846092627398839	0.3712191864988068
-0.0539931464947595	0.23240713319048023	-0.01584418184067038	0.3550959145718162
-0.24916127472679073	0.21262201430008254	0.045752242058425985	0.34238668080139845
-0.23329643826052537	0.19454910493190058	0.05879018309475015	0.33089273422293974
-0.29064961834061076	0.17514614934272843	-0.008346742679068986	0.31732667009985005
0.2742609764297115	0.1790577652921015	0.024427706622133893	0.30576790176308877
-0.37724324222978534	0.15738920493464592	-0.08901558255404918	0.29039076754624826
-0.37347016352596096	0.13697649678422175	-0.1014358386046822	0.2753241994754123
-0.4189854315852741	0.11586898526715661	-0.0688364900865378	0.26225785123760015
-0.2652160518410144	0.10158158751694524	-0.05862703294842053	0.25022742644691
-0.1805751573146137	0.09113357695579682	0.004517304161597124	0.24112895001696466
0.008250909400738804	0.08810192392959704	0.04818531916332636	0.23407157722395877
-0.2536535819792989	0.07575187751662638	0.07623468733103866	0.22836765817284688
-0.08823716824344308	0.06989630385874945	-0.07847023027130162	0.21741144314594263
-0.24474916431898164	0.058793390843110416	-0.09019170140168975	0.20655700100675833
0.09299318814625468	0.05998592015358417	-0.08090700158696307	0.19653108454550083
-0.43566691036592853	0.042897947759395594	-0.136752807124355	0.1850408838324975
-0.20752257999374757	0.03436242233274678	-0.08044766653182955	0.17599174941244522
-0.46021807527199754	0.017694429962699765	-0.11565646459916734	0.16616277242609345
-0.4180966546436645	0.003170879893793055	-0.11034904979698579	0.15694747730479008
-0.2607103202340241	-0.005526918316272389	-0.06582975412484482	0.14960446859621657
-0.24891226742294226	-0.01346193434428189	-0.09304823011596453	0.14169332972954596
-0.20012973775164133	-0.019482364266086516	-0.027703130010503174	0.1362299329054193
-0.31214429927750387	-0.028820973587837972	-0.05565040510720909	0.13010714520632494
0.272131358317407	-0.01931901281252313	-0.0494227186158438	0.12443875411043503
-0.06580164361716578	-0.020771291345441756	-0.01545376074182181	0.12006794061373016
-0.39310389044789784	-0.0322847521323103	-0.013734347215559217	0.11593037771270698
-0.2557001248528675	-0.03912282722123339	-0.05465790689223082	0.11070917349623177
-0.24088604073589892	-0.04523577266939427	-0.011714345504412416	0.10700006366911619
0.37715904568308867	-0.03256612594630792	0.040033311198775845	0.10499135412888139
0.13453307267173087	-0.027603643325583405	0.03694157119803054	0.10297037813531085
-0.36266161737527536	-0.037456653717280575	0.014239216340496297	0.10036109710384244
