0.3579960317706252	0.18567459209240877	5.451088622594423	4.632484699659691
-0.7061531498093955	-0.44057556306252543	1.3886008993698007	2.354597799374251
-0.46374434506599216	-0.45394539897193187	1.4586443192316603	1.8375774721399525
-0.9315398819408625	-0.6866415618646583	-0.5022710025071236	0.697543880466426
-0.890905992870691	-0.772578168577621	-0.3321765636786117	0.2643275806241079
-0.9419286607079367	-0.8352054411858972	-0.7606062750150798	-0.11470178420072852
-0.9287144350781793	-0.8660368539990574	-0.460079666476347	-0.2285784069328506
-0.9803399542947163	-0.9000274806024511	-0.7896881990938797	-0.39543717264625355
-0.7187320723813133	-0.8509408877138123	-0.045469365982431564	-0.3006817308003824
-0.8089483142844739	-0.8405066629360858	-0.4022584631826709	-0.3259214247237654
-0.6789629511633053	-0.8034213290189907	0.41867129749047227	-0.15498644531922023
-0.690468765092268	-0.7793262505475613	0.13612554721380676	-0.09288632730855395
-0.6360481275366305	-0.7507836865134532	0.25258777097182694	-0.02406410617366095
-0.6135236134311888	-0.7251372490286351	0.3031437054146231	0.037073207276686615
-0.013125785400742607	-0.5998792928865844	0.9220875272788671	0.19276596859135497
1.0989438702517735	-0.31753399322863396	1.2556133234123696	0.3694116390816966
0.31387209455401655	-0.21809038117893775	1.3534457496641341	0.5243925743950917
1.9286024978838534	0.10317302171018539	0.6611386260140211	0.5448573711484952
0.06993638543128733	0.09843490305731617	0.5620069739595013	0.5473021397342421
0.25694703205701264	0.12000834505860225	0.8000145061242023	0.5816962113296535
0.8120856335967639	0.2101184229827615	0.9660786790759901	0.631743761370896
0.9316805962848087	0.30016495972063595	1.015953198227761	0.6796908789406597
1.1858998131604777	0.40629014501799876	1.197526969058348	0.7417360149469692
0.8593956300660113	0.45849695353764086	1.5294803775335497	0.8324997987732394
3.6545857876432697	0.8131424404190724	1.772421248241216	0.9367958005675232
1.2288676506667584	0.857628843122795	1.473217228876019	0.994197728596746
0.4406896996037044	0.8145484992961911	0.9340630220111121	0.9879846425386094
0.44427339593164006	0.7775623911806349	1.032132985625179	0.9923947280272907
1.0779551219923849	0.8066018473013352	0.8850858942107616	0.9820207733291038
0.8219951791263655	0.8080435421403951	1.1402822226110252	0.99684299630254
0.8641258329426551	0.8131372526025167	0.9963623242068513	0.9967994953072263
0.8139919551051502	0.813212545046611	1.3130526335624784	1.0246790178434826
0.6613869811287811	0.8002101758952385	1.0684419556809073	1.0284270492187657
1.1020858740336	0.8253461826308803	1.1039462887483404	1.0347154194485748
1.2455351934516976	0.8593893906704304	1.5151407923920734	1.0736388958669494
0.2714343912821262	0.8130066066908128	1.1962410310819056	1.0833109664878564
0.9086786409635526	0.8203611194764886	1.189074166331285	1.0914412244404752
1.0854049319647743	0.8402262267233638	1.4915560131381382	1.1214298020562241
1.3093702428747163	0.8745310557342847	1.4875144523267623	1.148198643257726
1.1968785786571017	0.8975414021166033	1.3569312751449827	1.1630987737628922
1.2826318398736754	0.9243920407500215	1.1857488069980837	1.1646782387106698
0.7882788108131078	0.915117230441822	1.2078817256609389	1.1676224556472676
0.42496015678800836	0.8824585637653137	1.1290455835612883	1.1650521480150235
0.7432771874924715	0.8733866073816281	0.9395321712562315	1.1503524976608115
1.0855600365999574	0.8869227581667807	1.1546248018716176	1.1506253577678929
0.5320113619629376	0.8647521666914717	1.3919233967415896	1.165698944588779
1.546039238555819	0.9064435206427153	1.3012982983272252	1.173997250878811
1.2351886836326629	0.9261591518814158	1.2808372869373792	1.1804049272365669
0.5312046197522688	0.9029374288009968	1.1046215900143839	1.1759493712125453
0.4013421939210515	0.874012548421041	0.9244905265928982	1.1614491024860394
0.7475652497549383	0.8668585405349236	0.8830637921301998	1.145698588731678
0.26790136895847905	0.8335973292378527	0.7622573537555049	1.1244054893342792
0.5928534116354136	0.820471758676677	0.7254031783082977	1.102651226284443
0.39756353449458626	0.797825173552813	0.770452627037387	1.0848621968736052
0.20034921052949328	0.7663910612035072	0.8078705711735077	1.0702890383275627
0.38229247486899665	0.746531388076199	0.9831964190873765	1.065785943625683
0.6013214446261292	0.739150384393815	0.979377770644664	1.061393723546737
0.16363891672684217	0.7103849447587036	0.9419941871740356	1.0554255987840953
0.11791877333324008	0.6812574516466672	0.9016707851363288	1.047866552215869
0.49000987097285265	0.6720066525067516	1.0406243975537408	1.047516196888544
0.3991326593211457	0.659017175187494	0.8310628137029779	1.0372125859019614
0.34901804681316406	0.6444907689173642	0.8965243159996739	1.0306200881992669
0.4872425298722063	0.6372353765168846	0.8120742366934246	1.0205364538764221
1.5849248369347215	0.6802991420099678	0.9517432031547741	1.0174106863156456
0.2539537491045345	0.6612148503036068	0.9849977634949527	1.0159598396091858
0.5600586466471824	0.6567533729104738	0.9429943288025182	1.012741695386679
0.6578465535938003	0.6568011399644351	1.045330669768965	1.014158507161543
0.41589172433093724	0.6464794254550645	1.0077221575166546	1.01388281328544
0.628310564969996	0.6457119366383082	1.0576746711910636	1.0157326561941686
0.3327935438423897	0.6326774210740154	1.007895256314883	1.0154065036100919
0.5011520198597557	0.6272739243973651	1.1131534128572316	1.0194227396169002
0.8641774208665243	0.6368755947882299	1.131650426468326	1.0239712997246442
0.9258196367787435	0.6484306734198455	1.3007284424407923	1.0350390795825937
1.2660084153597042	0.6728028711880332	1.3172097036687105	1.046174845573277
0.9590391371234082	0.6839522082693832	1.251790469322906	1.0541838930359781
1.2743588736511695	0.706654585943987	1.2957751933447264	1.063473529519317
1.0046822565879077	0.7179691394715275	1.2716132625786125	1.0713753884215298
1.1753266429171587	0.7351162516714276	1.1852397088044473	1.0756445000369563
1.4669626107366782	0.7622154954217712	1.1450954610882649	1.0782161775258268
0.6747994136835294	0.7590180230970678	1.070184496772991	1.0779223522762504
0.6998686366523028	0.7568803038424528	1.0518399159939307	1.0769795069080477
0.7773805250988017	0.7576119104410381	0.9807583972566662	1.0735433524585059
0.6795011705616487	0.7548552812019769	1.0305409694133716	1.0720255016267815
0.6457253139240169	0.7510490745048595	1.0012680554093745	1.0695575602920124
0.645616809281792	0.7474139326199283	0.9658620509329943	1.0659822369548064
0.5711679542924684	0.7414064468806272	0.9790866232772513	1.0630200881584755
0.5723745969412617	0.7357097325050717	1.0894211737006634	1.0639096416316818
0.5485464325476661	0.7294720044773624	0.9029807706448933	1.0585461835749186
0.8541675623818241	0.7335819371954087	0.9285769642130248	1.0542621882068572
0.5893089019674445	0.7288781697990421	0.8905405039645133	1.048924326231373
0.30660699168122774	0.7152589180541336	0.7650812216787435	1.0397696100258633
0.41392493529493724	0.7056435240403076	0.6914913983913207	1.0286562477193533
0.525064865862293	0.699941844813839	0.8450110425665451	1.0228576996087995
0.6998357242066355	0.6999382916480661	0.8516979848915613	1.0175096554491296
0.17152348491570812	0.6835984322593927	0.8203624018755333	1.0114133745285159
0.5274457930730803	0.6788186288003195	0.8701654514969801	1.0070896577193111
0.5879594724641675	0.6760656765517523	0.9303527628599289	1.004764554687572
0.5024495540063829	0.6708581129076936	0.9489701195942866	1.0030910578862935
0.755866544815776	0.6733829602778449	1.0254804690381767	1.0037562842775518
0.7077090390185916	0.6743923830693883	0.9798528987406823	1.0030533563461237
