-1.0	-1.0	-1.0	-1.0
-1.0	-1.0	-1.0	-1.0
-0.7135670072414885	-0.8347105818953188	-0.0616040562497675	-0.45848794162815587
-0.807576303862723	-0.8214900666264906	0.139815768625569	-0.16697913633129247
-0.9282073934222924	-0.8663873790252331	-0.6176657140648801	-0.3565886043174914
-0.6813452112272227	-0.7979572482138548	0.37054863489235434	-0.08768723158639602
-0.5571705379033554	-0.7185659909469495	-0.17571009404370974	-0.11670973109485683
-0.4704930984358743	-0.6447958742286131	0.44486226913074867	0.05028647666227393
-0.6278449579279128	-0.640206357419064	0.02866195278522432	0.04443146591383407
-0.40252740345068905	-0.5811482667319126	0.15825503602113633	0.07271417465471197
-0.005641583535713979	-0.4490299401727694	0.1414707216992832	0.08849854441680693
-0.5141745806692208	-0.4629266127277306	0.26371438116364176	0.12587562405321262
-0.05842557900954004	-0.382345615156487	-0.4900503185380749	0.003176534744139925
-0.856442787866744	-0.4709286330336022	-0.3920992825681733	-0.07067902741139187
-0.22007814120528035	-0.4267987453795882	-0.2260847523978745	-0.09801830740121831
-0.4053811482091033	-0.42323923090833526	-0.06083100074884695	-0.09183791719411194
-0.7617221692005749	-0.4765487540453808	-0.127058459781777	-0.09738494045844182
-0.743889477791534	-0.5165576271968734	-0.28673823097766427	-0.12572260996016416
-0.09580747979233939	-0.4565769310367471	-0.14395443479479764	-0.12832171601788922
-0.7177676939775266	-0.4921250649980633	-0.19771311760997223	-0.13776601804922595
-0.6805684519081643	-0.5166607709739302	-0.169951839888842	-0.1419565937865369
-0.3464925595235897	-0.4954248258014644	-0.4028278371082875	-0.174511578258442
-0.6158643507036536	-0.5098553315545409	-0.2209242386642225	-0.18007246061042204
-0.6242668299992089	-0.5230376649724422	-0.050712803499770254	-0.1651675169602128
-0.5895081018366326	-0.5304133238997113	-0.1415527070291248	-0.16254706555186194
-0.7712421112342213	-0.5561839412261986	-0.4534976782898511	-0.1936810887650855
-0.5852171673154596	-0.5591837222119328	-0.27720119192000725	-0.2023107004355289
-0.81714798078333	-0.584951405746883	-0.3413283020766008	-0.21619702106316374
-0.2683599148107063	-0.5543458883932426	-0.15800211185084334	-0.21057129723026258
-0.3796084819469644	-0.5379804566964574	-0.08725708733226512	-0.1990219159445804
-0.2746914746832795	-0.514067627684042	0.3832415328466774	-0.14613874224828893
-0.4469440545740422	-0.5081502236490689	0.15630042075654238	-0.11947680341070499
-0.15128152984794785	-0.47758763725324105	0.7620484469379303	-0.043982125613397205
-0.321222093832099	-0.4645677498999736	0.3291328226529098	-0.012914473735429421
-0.1415897146990981	-0.43840072277543785	0.624548679234237	0.038731498365912165
-0.22662175823256026	-0.42169380876123175	0.3184893182213726	0.06080115521324503
-0.3827964450255721	-0.4187038442860197	0.14158893293699704	0.06701115489903087
-0.47264640646197575	-0.42274663338857554	0.33421729826611224	0.08703822677467477
-0.16207927571774672	-0.4036859125538719	0.3197338133801717	0.10405360090955185
0.18960908427826673	-0.3613345219877889	0.43979406583470637	0.12801985497291635
0.03190391282858718	-0.33391604843701106	0.756297558257071	0.1718263870359482
-0.05037165997747606	-0.31459487602706593	0.6875254559592874	0.20696695742985893
-0.02897301588259138	-0.29556407774551385	1.0473737684989506	0.2629626383038388
-0.14744686814567265	-0.2859094123805054	0.6626581378599821	0.2890157487027849
-0.04704085666076063	-0.2706703449470994	0.7027904782077814	0.31541329236649895
0.3495760800118244	-0.23192450084242278	1.0339134554922498	0.36029695485079394
0.5909522240218652	-0.18156891890564697	1.0781129422898519	0.40422346651755103
0.8303710190480145	-0.12088138427166073	1.3840744403454215	0.46298660466796315
1.5901694025831108	-0.020277754901041556	1.5451596097690818	0.5266145077074951
1.6739990994361573	0.07742580960369838	1.5731172410905603	0.586963203002155
0.9624480689379906	0.12750007720035206	1.8426779867895275	0.6580111444240224
1.4842522482888736	0.2028437291759102	1.6763455170900685	0.7145617674222486
0.9177794708303908	0.241824465849926	2.0813206049125976	0.7890820536681014
3.8316643478310057	0.4340614861760439	2.1064077889584705	0.8596254765875497
1.0285918922458244	0.4653403819361326	2.044614173565034	0.921969051830424
1.1893007131067845	0.5027723271951965	1.7956657425428588	0.9671430176791151
1.447707289716195	0.5508019897033296	1.625386254922235	1.0006004768215102
0.5802880136219524	0.5522756248020555	1.5194138952438814	1.0265316377070093
1.0001307338290206	0.5742933774285826	1.668813480334801	1.0581079494041683
0.7607044229748892	0.5833099361630818	1.5686200192857318	1.0828013569564456
1.4243907158996283	0.6233478442081086	1.3904096583859284	1.0974442576249812
2.0954173316536515	0.6923285009519586	1.5171002939471525	1.1171090759574778
0.9425871321126313	0.7038756346002606	1.8020479306687172	1.1487121927539232
1.7244114423383525	0.7502498597698439	1.7913683080629794	1.1779153993712654
0.7671999651400168	0.7510088730589504	1.516948164918563	1.1930917810206356
1.8900363911307139	0.8012457622787785	1.5155066393747623	1.2073122297635899
1.8497794798149365	0.8468214338246365	1.5820043222697748	1.2235988770300237
1.0701517765298698	0.8563903137779585	1.74029141236245	1.245736955433654
3.4336614827285334	0.9652592564166671	1.8161979458002908	1.2698344833652233
1.5585426244284015	0.9899727974512873	1.905455229885805	1.2963116181663872
2.6747689653265176	1.0591929102390512	1.8497996852287852	1.3190519098824605
1.4302534831525073	1.074232094785652	1.9289251757610377	1.3437701888431879
1.8717735546549585	1.1061259892169715	1.748535121322862	1.3599570202371187
1.7015118202176227	1.1296222811089205	1.7717050293350791	1.3762062699193724
0.8144257375590931	1.11734505798497	1.5272961384456747	1.382091641115419
1.6125105346341386	1.1363854217399978	1.6764157878788133	1.3934092043413813
0.9743798533624148	1.1302348736006191	1.4063077634646635	1.3938990362863204
2.0106861832611855	1.1632441305097232	1.4908103139155555	1.3975323683589598
0.7970639514050268	1.1496849705399304	1.3659511823348875	1.3963629280526564
1.3706170861056264	1.157766053033023	1.4799339476265754	1.3994197313977548
1.480218282559124	1.1694175579962094	1.6314702105094407	1.407804372164125
1.6305559202435242	1.1858825992467428	1.7612686999858331	1.4204247133992625
2.2966254772258163	1.225076108339196	1.7789900646838155	1.4330765594299004
1.6317309887038962	1.2392587091334808	1.7999739550634364	1.445872556935651
1.3284239609998254	1.242332632749445	1.707808385867732	1.4549028437595726
2.0653291227952364	1.270383367470726	1.7108964484502027	1.4636278785556076
1.3674448867563518	1.2736542148106587	1.66145523407581	1.4702946214586028
0.9235867798951385	1.2619874534939144	1.5912535283059297	1.4743256166270209
1.4278649396461693	1.267454597328706	1.6513597145351548	1.4801604632064844
0.8009780529054853	1.2522460614112942	1.505003451960798	1.4809700847356275
1.5188440817786466	1.2608440025037155	1.4241471664858016	1.47913705694417
1.5422949862009268	1.2698247468772772	1.3815343878605266	1.4760225763766575
0.906712566584313	1.2583598628954071	1.3149046520906444	1.470935245371523
0.8094810362100859	1.2443347282528014	1.3951856688236712	1.4685682590510258
1.3492048626563915	1.247577168377318	1.3835786008834665	1.4659397748758156
0.5474533942736652	1.2261483715671528	1.411915725579393	1.4642860220672769
1.0637168841387687	1.2212267676550481	1.4067736988866377	1.4625431964240314
0.8208209867949581	1.2092167081466614	1.2993706057336278	1.4576489554205438
0.5953693931534356	1.1909867227038244	1.2533896535090556	1.4515829563625418
0.9911198286829801	1.1851092398224186	1.2329739611878998	1.4451543245307659
