-1.0	-1.0	-1.0	-1.0
-0.5014544097523587	-0.6499164162299287	2.3561330612791758	1.356709421736567
-0.542454010196987	-0.5879040332598129	1.3030323310187062	1.325734297825985
0.5206122401009707	-0.0478066323821168	1.4476910350501822	1.3851548806552807
-0.6506298436865796	-0.30142188406991355	1.3458333225386214	1.3686119963265888
2.7872990860150577	0.840813438606512	5.559078872305627	2.9182822672936726
4.30446923959436	1.9828360819139816	8.482771397912623	4.75298319691508
25.92266874423759	9.101884616318877	7.17553597529904	5.473382837098289
11.386720073433978	9.720513331095392	8.151550416071865	6.1985084567053805
93.41534764511424	30.516878242900447	10.112039478899792	7.170937160720207
4.289695654165297	24.495938426697467	9.020476687034666	7.595533216735584
5.225201761197295	20.38509912555164	9.262112999284158	7.951046652627596
4.98683932328825	17.31759929236617	5.8834162702037975	7.539152181728369
19.594844980235877	17.743094798565174	6.086635303543244	7.267756284131016
2.7038389309949116	15.097367237969184	5.232275357023344	6.909670934577155
7.704114890788022	13.868603697063966	5.94097382165167	6.7486728211687605
6.159974207638596	12.654529390650382	4.775147207220697	6.437851514899245
9.329636501329908	12.15694344830583	5.147596168392429	6.244758875070266
6.676479961233078	11.375666237965694	3.8396348784693144	5.90189202892155
7.3157366173923055	10.823109696799843	4.414716073703707	5.699487423515119
5.044812013691818	10.070763172385886	4.802714932633292	5.582726109551552
9.84209774196905	10.042228445698974	4.707357354021288	5.473486423302652
5.044315725951661	9.443400965252671	4.438934115137895	5.349531677098823
13.841062697545905	9.950099744091006	4.5510148653366445	5.257528270971099
19.88985356939906	11.053039838342928	4.2780231202672	5.148840977828735
1.4364816409461718	10.023990096732614	3.287895666023421	4.949705417075339
2.1986137453651025	9.215426033833168	3.255499748571138	4.774650538661244
2.1443998466206486	8.509112021618357	3.2785168285401296	4.625204381095995
2.9323471998640573	7.969993458707407	3.1738972584440743	4.484903091281644
2.6153791533988358	7.468499607481316	3.3880940018954293	4.38218044788698
4.000228031657933	7.153500517693272	3.034907620122877	4.259816973980037
4.276098329995927	6.8998402160281564	3.155384154296809	4.162454495869897
6.625516493090643	6.876347979058157	2.6885044422004807	4.036224624012483
1.7383149068719876	6.448528194819634	2.4838540235485436	3.906966085423538
2.484808263980657	6.127396718960869	2.89638368961931	3.8250915569967416
3.519184081663287	5.921638979744252	2.2572930354284404	3.7014104567076043
1.1463585181491491	5.554572697806285	2.0808570712637295	3.576842457764993
1.051145489930302	5.217047309075859	1.836268454866278	3.446389289067616
1.9992993619056842	4.981757376924636	1.8271918006731585	3.327989548821625
1.6936951941268927	4.747044139620109	1.7372144930181261	3.2144344958030713
0.16567199023003787	4.4276079992320625	1.5654768166055875	3.099461180268303
2.7768054098981185	4.315119388830622	1.6675089605048714	3.001885389822874
4.009750257862188	4.294772526100885	1.6632546079422794	2.912693505210605
2.072299116329661	4.1499079509002845	1.562949958933571	2.824715021260263
0.736447172081945	3.9321421129327483	1.6481039243937685	2.749651660826283
0.7359485719090846	3.732481967216814	1.4628219760489918	2.6692661711697863
2.532392904525608	3.659043713925108	1.5469114400827917	2.6005847031127867
1.823712749232297	3.5489763464281223	1.7373702244110696	2.548816523688184
1.3113747932964617	3.4174138078330687	1.4006599146929073	2.4813093946036564
0.7291839188642864	3.2623931560494466	1.4101213547705007	2.4195378668123935
0.7968854853977367	3.1228971340817875	1.4843251628989593	2.3666248108210066
0.856933502778924	2.9970636260664683	1.3336283893304506	2.309260637387182
2.0640842941142847	2.9461956181736766	1.287123085385709	2.25353121729236
2.09243561548004	2.9004771453062386	1.4154914384555006	2.2086544674803
0.6692618074842602	2.78309015835016	1.2852228128413898	2.1600714612941965
3.6077147884243495	2.8257265658233646	1.3481911297378986	2.118093248676151
1.231295675358841	2.7446835819352766	1.1916625057732815	2.071003890472962
1.081310929569308	2.6615444645454516	1.3489511868607327	2.0349138807354508
1.1793750953115674	2.5886759872158014	1.1476632102316415	1.9912934906963957
0.6646910943924111	2.4956117943245357	1.1416210703242329	1.9501945024604534
0.7707542037270483	2.41350314041965	1.0650042214284197	1.9080567430217266
0.8297131318279214	2.3392871743529593	1.143850698021876	1.8722463329038699
0.4028604792160566	2.2499419658578854	1.0396916587790082	1.8338329325638836
1.4037609494288246	2.211490869712688	1.1794516187528066	1.8040973274800924
1.1893330565655122	2.1657368552009864	1.2914688063350526	1.7811511732330318
2.5712393193228684	2.1836216972478124	1.311881045286429	1.7604544119172583
1.7309152753716766	2.1639447130627554	1.106006952097041	1.7320085694995453
1.3755820387490298	2.13016722984289	1.1560558927971014	1.707331801042681
1.3848081620516455	2.0986817798125745	1.180198459695755	1.6850646114640662
0.9742018843940661	2.05184148511451	1.1202228098909126	1.66153626204584
1.5979814549214089	2.0331950206965845	1.1618939821255614	1.6410087760048064
0.8191031487403573	1.9839881205751206	1.085018840378623	1.618474760072461
1.2542739781345285	1.9548071738053903	1.1846309937720743	1.6011255992011373
1.2645773033159005	1.9275680507383535	1.1804181637968423	1.5845228550505364
2.104861095738884	1.9344743361204295	1.2194857185173293	1.5703044546685092
1.194514480652714	1.9060211435612948	1.10817697683412	1.5525345482876167
0.36991528025596776	1.8477016795193721	1.0196617083581834	1.5323034594581606
2.174038337351036	1.8599365925759268	1.0612243723248653	1.51464218387581
0.2078949822979861	1.7987638825262318	0.9136798189180757	1.4923894850256887
0.35758763055559784	1.7460496760821838	1.0537466829586979	1.4763450794514923
1.2910708656745347	1.729608008317903	0.8768263826012028	1.4546802778942678
0.8367992456497688	1.6977286060501426	0.7906987620346151	1.4309715157654774
0.3071951736375096	1.6486612364389215	0.7859590995922814	1.4082109977774708
1.8453780075940638	1.6555215485339136	0.7909442242030333	1.3866826460352675
0.5315298628605258	1.616770804570968	0.8469775830626824	1.3680754941867606
0.9228660178361661	1.5931197244215944	0.819780907268362	1.3493873949699036
0.7626275224891919	1.565130962007855	0.8483783602080766	1.3325025855441979
0.642713447787949	1.5343895982418387	0.8186973488749865	1.3153789484136817
0.9064234789862733	1.5136911506911273	0.8513836462343032	1.3000850974340445
0.5177974293262917	1.4812221328487003	0.7601429615955073	1.2824811820819666
0.30974233037737786	1.4434395859873446	0.8105633432942885	1.267260955466015
0.8427260029127361	1.4242713341638171	0.7290775896508965	1.2500879858798042
0.6342536258465297	1.3993278909005378	0.8058207166354043	1.236060993434244
0.9005138705059725	1.3837425206688891	0.8661591516336411	1.2245034129561616
1.6573915973824773	1.3922040557928015	0.8985312646523711	1.2144233262721849
0.7063862284362403	1.3712132460578554	0.8632187216265914	1.2036739982449332
1.6549006898735876	1.3798083390527212	0.8417230829452118	1.1927076471039824
1.1645918078747006	1.373352848550501	0.8494156768305163	1.1824105536078617
0.6717559380712081	1.3525165809188575	0.9458646938290882	1.175385349876095
0.9572318573690739	1.3408925319634863	0.9759004668317237	1.1695191757627952
