-1.0	-1.0	-1.0	-1.0
-0.7919212113161442	-0.8538850441657583	0.6138050897398548	0.1332296814293621
-0.5559825180107261	-0.6819769912917393	0.6611282609738609	0.4378595619052097
-0.6240381906568335	-0.6537477310638441	0.5132581393876987	0.47459568145031317
1.1414520588379955	0.10151539748440941	3.1735999901126375	1.6101007728164478
2.8537610116852177	1.119319108843778	2.962655065491329	2.11028661575234
8.087611886895116	3.4168759621066895	1.310306533287715	1.8465201763879113
-0.02060576820293547	2.3946625275392046	1.0366592536679216	1.6056894206137362
2.648358495211071	2.4633518576294646	2.1107298182558196	1.7424314619561123
3.5352592724960425	2.7296975631409266	1.9822815343370395	1.802028938088259
0.7416315208109685	2.2732997206694976	1.4609968120307193	1.723738435395059
0.39843471180470247	1.8733528367022112	1.2150703679611952	1.6152288837748636
1.3571517653737168	1.7705200695044274	0.4104718502989886	1.3752283057683665
0.47974260987220063	1.5293438526586267	0.6304439892493006	1.2360685700031775
0.23977033921717972	1.3024802212700188	1.040680829161261	1.2016956249368391
0.06804677813488169	1.0973164199536254	0.624712264341269	1.1058004058000384
-0.19930720577643946	0.8931040099593859	0.38849753664261777	0.9928283821492192
0.262610065801663	0.7987476275563508	0.6934865531080248	0.9480306233629647
0.8529815658045572	0.8064791851056412	0.7408510299740019	0.9184959316320798
0.4550946806504437	0.7586554781914876	0.8691021276074722	0.9117731223086136
1.9714151737176073	0.9165599179491788	0.87748084786369	0.907308497946715
-0.20527373429332496	0.7765624803228071	0.9176893924816776	0.9086042478470313
0.4086554790182564	0.7324818435207634	0.7580433889524125	0.8905651922413189
0.759912717292758	0.7356428076120123	0.6918391359612477	0.8676684902104805
-0.0633320429557862	0.6469869967632158	0.70427763588915	0.8495386537781477
0.9494153249393784	0.6793495858654066	0.8419809495210673	0.8487301925296793
1.3983905270419918	0.753645329919657	1.023583124154979	0.8667971680635462
0.7348647106644552	0.7517695444965538	1.2389893348597671	0.9039751276302379
1.207596788225369	0.7958356438972316	1.3461304115305452	0.9467195438143168
1.1360692646343802	0.8277008031842539	1.3645600750765046	0.9858531017280034
6.193092604425758	1.3150020482098235	1.5592598797920005	1.0379316313657796
13.528743270266782	2.3917161958824247	1.5959387298401566	1.0871233292397866
1.418748004758045	2.3083902507975473	1.9662438268537308	1.162411896815899
0.6859189085567725	2.1732949296782618	1.7910681880757773	1.2147575268998287
4.767482120362707	2.383471443013098	1.8185486047697736	1.2636758877757845
0.772359688514872	2.2563734539839158	1.6946137677055524	1.2976722166124275
4.729311613913173	2.446464077621955	1.4698837429591616	1.3109099977035203
0.9408732414412229	2.333622336853545	1.246032001541089	1.3060477610195922
1.4303552813483114	2.2675733933178743	1.0347925960086801	1.2862131348012058
0.7339463550660816	2.158097988780506	0.9418574833263043	1.2616320263729075
1.1397695765384626	2.087095203246735	0.9650175781978552	1.2409507477999715
0.7379886243038261	1.9951645839171062	0.8109525072592063	1.211649908816831
0.3780203245750777	1.887415904594473	0.8211794846374383	1.1856333323636337
1.7490981300721038	1.8784001069077392	0.8616047346942131	1.1645125549307305
0.5330773228471182	1.792573819224534	0.679554883886984	1.1335743041615234
1.107753870879407	1.7497942508538196	0.6335147193242636	1.1023364053987232
0.40292249605362684	1.6673734108254705	0.8575728214561689	1.0873583936262428
0.48987144284858597	1.5967574005649023	0.6066605321126091	1.0585307362042684
0.552015447097479	1.5353305541377105	0.4359498565395523	1.0219254113378318
0.10452003766024909	1.452821079870482	0.39715047650423085	0.9858972472452372
0.47225596624320065	1.3973416669112568	0.36414339976368004	0.9507190683506896
0.15752652711463488	1.3284923703269351	0.27656209913937513	0.913281991137654
0.09399709963238445	1.2611838936457271	0.34323604430043764	0.8822013500553527
0.14883640069357007	1.201617843750797	0.2793766251133707	0.8499203098703032
-0.07099623285991696	1.13466410504904	0.27493806855026715	0.8196697906310613
-0.03757812724788823	1.0740536394228455	0.34420745093504057	0.7950860106264457
0.1761213717508987	1.028412772101892	0.3653555067632408	0.7732432505096647
0.6816176719833249	1.0110790187238101	0.3421577696300504	0.7516965293893219
0.35009205751122274	0.9785827732958561	0.39827492193275904	0.7343211667713021
0.35458668957960415	0.9483998656558799	0.4434126229356581	0.7202499214367728
0.9698509893802651	0.9494209982581956	0.6065325002686524	0.7148365971251289
0.1660650971248967	0.9127131706333089	0.46238509639448266	0.7030068589537419
0.7482430539421376	0.9051244860076866	0.3979707612916952	0.688932601124618
0.029125768505859906	0.8653186572411486	0.35166380595605395	0.673606907069142
0.3678068377502477	0.8430489709393187	0.30110588486412615	0.6569330147517185
0.2532365545561248	0.8170356073840201	0.24519978211470184	0.6387737609010342
0.06133970556728818	0.7841889682077172	0.14905601357545373	0.6174880584733173
-0.2818965998101852	0.7385125319855763	0.13039477362624297	0.5966185518155285
0.43201241360669496	0.725565605400843	0.1542502229598557	0.5779322695279947
-0.2509457633695671	0.6848886867438542	0.13487012488626093	0.5594763700021461
0.1328772858577809	0.6622094673691195	0.14767120870332806	0.5425575200964907
-0.19074292550151706	0.6276394953393691	0.1325611291569453	0.5259406086557823
0.3601086460799372	0.6169411232379092	0.0816243386401807	0.5081726006373308
-0.24722485437997987	0.582837992745227	0.08804200683281316	0.49159285170942413
0.09732136243040879	0.5639264342270947	0.15458008408447377	0.4784657372025902
0.043469010671691954	0.5439136455462699	0.17739594059049035	0.4668888964220874
0.16548729134268858	0.529546531775533	0.15806895361218398	0.4551644378165429
0.321269012676038	0.5217378947689557	0.1727736450878663	0.44457720384408894
-0.12616920535071774	0.49774682015107397	0.11195197138792135	0.43226057370621285
0.12371955621905184	0.484065891483608	0.1761590328086604	0.4228930305328955
1.0202354184266058	0.5034408482356252	0.19451786350736255	0.4146400889704842
-0.18186669550977974	0.478970780435392	0.12538227786346745	0.40431155818487485
-0.002136059487218067	0.4619939950995169	0.09071451546908049	0.3932456112943039
-0.11798457129223461	0.44176630502939895	0.05399476611584264	0.3814136220369495
-0.16228796724969918	0.42094091582566784	0.040763034110581575	0.369669198128729
-0.15526983069709932	0.4013011948536913	0.08566823571259219	0.3599891170455096
-0.045081544117976824	0.3862575373345427	0.08700302721945463	0.3507891209718268
-0.009222165985592778	0.37307732379143466	0.09326799409434505	0.342206611462736
0.04067543656349315	0.3621210776772672	0.12040829790160346	0.3348959297650236
-0.20490886055598778	0.343634532468168	0.09871811852861678	0.32719601273088394
0.8461772584445144	0.35984210345678536	0.17039792255671604	0.32213866700681537
0.7073070543371516	0.3709291574283924	0.15365418315653412	0.3167623495329883
-0.25741351382903654	0.351090252784376	0.10947574431772855	0.31021749032435975
0.5460887849716152	0.357182868640916	0.058050916497952576	0.3023386931195986
-0.10227186968106039	0.34297549068923505	0.0691372593136157	0.2951276196172312
-0.08926042139243762	0.3297458683829788	-0.0030367910021814604	0.2860014951709311
-0.20073990454712898	0.31367317342766743	0.008039589536065428	0.2775796987083472
-0.0973701475439972	0.3013439466340069	0.010321544175107444	0.2695632985748908
-0.2233571965802118	0.28576135820823545	-0.043522224028847645	0.26026527772756447
-0.2398392017979033	0.2703051485935386	-0.01385327475703213	0.2522044126374199
