-1.0	-1.0	-1.0	-1.0
-1.0	-1.0	-1.0	-1.0
-1.0	-1.0	-1.0	-1.0
-0.7010277630130887	-0.8543330927494079	0.7466465459478917	-0.14898920725104947
-0.9581138384862318	-0.8979949489167321	-0.6094088535661664	-0.3426934836997778
-0.8698069871977548	-0.8875708132384156	-0.43994126373545006	-0.3786566090206831
-0.6032110526741191	-0.7938128749152333	0.263137388521002	-0.16704693843537122
0.17979622301182885	-0.5042883119401738	1.7881257042021312	0.4143675374174376
-0.20403943964695326	-0.4229945626882077	1.6271925090239128	0.742745467677566
0.945906251355922	-0.08285228285366075	1.9043869720047328	1.0313882874684377
-0.40150463439073036	-0.1560049178855234	0.2558240469486741	0.8533429545221745
-0.34456991966445694	-0.19622967292817006	0.974479398474712	0.8791837407751166
-0.47485090425508925	-0.25173401320566324	1.2140907479655318	0.9459009136267473
0.2191710908042388	-0.1637475177369001	0.9760026435083551	0.9515251222960148
-0.250353450773273	-0.17898344570841218	1.4707149225008562	1.0428614305988182
3.435065021701644	0.4216728928295168	2.096411793772233	1.2179615418466367
0.02604371593140442	0.35936309044348635	1.403966127639729	1.247256450578781
0.379593563695537	0.3623905564492922	1.3247908102508834	1.2588596429014856
-0.04279976975552058	0.3046280289931922	0.8115308332228033	1.1950900409257827
-0.4696556186113868	0.19924787842011527	0.5261757214260474	1.104050543460132
-0.17101260551513353	0.1510392421017972	0.7473401711383532	1.0576062568681976
-0.1341642126181638	0.11544784071570158	0.783276726227156	1.0233719963772456
-0.4943276529933761	0.042387164807472955	0.5487809490533697	0.9665085532876754
0.32424781595487007	0.07486325678549943	0.8604096315785308	0.9542843215099519
-0.08224102639693975	0.05743071747192108	0.9732193886473282	0.9563856121667635
0.10112294975933844	0.06210638146295744	1.1655431409053971	0.9787676434782775
-0.09418659057688139	0.04595743133738828	0.932431653436822	0.9739802960410138
0.626675165672786	0.10396460338791291	2.37910419396687	1.1143363267236301
1.5753450738015307	0.24620625829805065	3.2189808336452703	1.3177970368710787
6.661444471022505	0.8470351143706158	5.258954932776628	1.686912184026483
15.3386512238868	2.163210506925442	5.64642725112892	2.0465284522987037
8.291301991093974	2.7034378717837617	6.042642088830863	2.3988093795494554
6.668044839488485	3.0429708161660827	6.094516536753708	2.71531346940428
2.947839449940855	3.0350500497683823	5.349883848123513	2.9346823449560238
8.027449761739433	3.439525379164281	6.18544043898871	3.1980532348523782
3.921985013244285	3.477586339332955	5.7615691934380955	3.400285759958071
3.443514911187859	3.474967897737125	4.560770796539385	3.4894907940708677
19.129866561438853	4.648284645511358	4.548344319089093	3.5688513629894647
4.486996879154818	4.636491485682989	4.537659905593969	3.639693817694366
9.634966282273936	4.993298596711398	4.869066137939316	3.727449980231314
9.084095195387375	5.278528971800851	4.741522430017889	3.7981559148404154
3.355807349373098	5.14751127175275	4.0205578871623935	3.813311016188245
7.369782497073716	5.295580192771045	3.949462368961121	3.822383331651105
3.1592500842268185	5.156330060684405	3.9216498139964324	3.8288535019614924
2.8844236176319207	5.011391538520165	3.788110667736965	3.8262548323689254
3.4182787757128947	4.911873227347621	4.018692463733609	3.838276719970959
7.560265570377959	5.073940282034658	3.9677007567378455	3.8461969737814794
5.104673426182034	5.0757843127504705	4.522952926244769	3.886783809999147
3.314925496811407	4.972253115293085	3.7005845436050233	3.8758369438141873
2.5702546292015818	4.833738965486587	3.2646277703694366	3.840591412328764
2.4197905848651415	4.697160291756723	3.073767638928256	3.7972057908356787
3.2598649080003623	4.617344693263732	3.131405843713191	3.760232949879277
1.3637846659556816	4.439951082582161	2.8040085887089314	3.708097508118425
3.219125222925718	4.3745762548434834	2.977876555807119	3.6689945818898604
9.391235826953384	4.638506749518231	3.2372104061320917	3.6462771608699
2.879716306726138	4.547568787562656	3.207729055822	3.623601791190529
2.8684072763170825	4.462218988201078	2.9044765852254444	3.5870494547006766
3.734905628340899	4.425866200313428	2.6853215654282008	3.5419790951167993
2.839771920895028	4.347889101739479	2.821043431276268	3.5065359250792243
1.4324393252974401	4.206867319052374	2.653571924466994	3.4652780273874564
5.821443787246985	4.28372585037582	2.664618799798018	3.4271637875875083
2.8519423319376402	4.216632547875316	2.496575439166747	3.383556408575635
2.751806305671637	4.14904671219534	2.472821321150654	3.341535901083976
1.6602207578944626	4.035953406076425	2.437423401004157	3.3004527666877994
1.6678076234758072	3.9299493356306385	2.1476363190192265	3.24885000388947
2.0057938200765952	3.8450854840910518	2.064450812568089	3.1966128098412234
2.1683733534788128	3.7722066121570625	1.9351974441975663	3.1417850521228132
1.4553480689279943	3.6729406994097387	2.0021600337412258	3.092957693022673
1.539254256271104	3.5828097347868066	1.8696440363741997	3.041282492833977
1.5912468815765681	3.4998506102398066	1.7768585542827533	2.9886126054767796
1.3629346006433751	3.4120556861774087	1.6974122445409812	2.9355638996381774
1.3356834188025712	3.327900656888854	1.6076909505455923	2.881745560050632
1.5943176637782135	3.258575539263198	1.8386965061795908	2.840034787255403
4.6891686512542226	3.3150332390153903	1.8551127782828858	2.801166565235187
2.128847896937424	3.268829754856311	1.9885542418578095	2.7695142890882005
1.3679365076042647	3.195736238552624	2.1790839072401136	2.746811081127437
1.8416482379814259	3.1443269608874287	1.9174835176950986	2.715324688321224
1.206847268646607	3.0716881151738304	1.6892990158625816	2.6768573744953272
5.549376396010047	3.1634327423672612	1.6032684786388587	2.637103629879804
1.4582202971114144	3.1010608100074695	1.5738533689097625	2.598212850901495
0.5996951704896374	3.010669607411125	1.5415246579270532	2.560027228666436
5.537459175342983	3.100891681743261	1.5536505719873088	2.5240926379705986
1.1710267276161965	3.0327929772475164	1.4655786628248015	2.486740913602685
1.0439774171746086	2.9634300323252907	1.4375402531887658	2.4501483454713364
1.0594520401899747	2.8977889765329983	1.5012059162809943	2.4174327459275666
1.9840087935785728	2.8666430394269846	1.496160251254146	2.386031545793743
2.2449309054564632	2.8456897327044	1.5372689066993552	2.3574265686345486
1.1650867760694892	2.7896802952810695	1.5348955435761913	2.3300138728199267
1.9034366804689027	2.7604688190566007	1.2782064655213823	2.29534536376557
0.4961421995103408	2.6866459834888636	1.1976593673508353	2.2595578827763085
0.7718539122441497	2.6248900050590525	1.253548083610481	2.227111971897255
0.655488428950123	2.562048365626672	1.37321494407403	2.199865001549096
1.2926522511882514	2.52196903599425	1.485933139359331	2.177323433237769
2.4464721285724895	2.519609832865416	1.3537219650831909	2.151590249255704
1.0408475977111253	2.4738828253453318	1.229084556358349	2.123064009987848
0.9236061269581881	2.4264335331690834	1.2290889241351315	2.095702084874801
0.7056111829220264	2.374296244937677	1.2286267210624886	2.0694314684517208
0.7847744704229651	2.3266187015633855	1.2963378863476707	2.0462426592911966
1.4052015604240875	2.2992544617950825	1.432950383650383	2.02802912150872
2.4092531072357857	2.302488709025408	1.5378142292328159	2.0136130468368134
