-1.0	-1.0	-1.0	-1.0
-1.0	-1.0	-1.0	-1.0
-0.5024252653707584	-0.7128687843817564	2.2952188942908065	0.9015439108879535
-0.9382616082110732	-0.8226858931863155	-0.5997485941675005	0.17007606863974223
-0.7324755105710841	-0.7847332695520152	0.8796181416614481	0.4685892064296562
-0.5225597157727201	-0.687779288110405	-0.6149806135462057	0.06787575196892504
-0.8718271918349232	-0.7484628380877861	0.013086285698860944	0.04981070465003801
-0.3468578347423604	-0.62903662284677	-0.32350625760426044	-0.061203749117562545
-0.8362741355784642	-0.6851471878726265	-0.27756130647598287	-0.11978368113038029
-0.7728535209120582	-0.7069403028225254	-0.26049750625080415	-0.15474798113013155
-0.7682760858242268	-0.7210210813449976	-0.13666818238543776	-0.15059743991276797
0.11135574540468562	-0.543458282385784	0.4095874871995606	-0.031098690642640814
-0.2965424651361128	-0.49426998286257373	0.3430335494309824	0.04343249585991016
1.5712502840252194	-0.10833612984119667	0.4748630213751319	0.1240435798724846
-0.6470412957449686	-0.20310592490863066	0.1210254016678427	0.12351255324018817
-0.5133445105304766	-0.25466785620065435	-0.07058240206029853	0.09125370969172719
-0.6151322037472631	-0.3114393615791926	0.11952802195382972	0.09570680185243274
0.31360977749476526	-0.2178977071861844	0.3358140668362726	0.13163998649575137
-0.16741338305216047	-0.21070077827236022	0.5889069560239084	0.19682653866279987
2.1125279524037697	0.10549073147013655	0.7486467853802525	0.2719292406533913
0.4992990191435991	0.1567655335740903	0.9255029831253756	0.3570261011691469
-0.015384486633850947	0.13528257535998334	0.8389025552398024	0.41716161327133894
0.07795366322115682	0.12841378533435766	0.9815771864627489	0.4847876742091852
0.1889750460373738	0.13539190743113694	1.326621722864055	0.5817838075751112
0.34671542834041835	0.15884104005758348	1.461821411059173	0.6794351054715431
1.8072568663281774	0.33523554208616546	2.000721420067132	0.820824119695418
2.5524422935167865	0.5643310618651984	1.7433546495043712	0.9161458671215206
1.096770461642285	0.6175156502008528	1.5543047506117778	0.9798906192755337
3.0643204926389087	0.8540536565117682	1.7314372099012543	1.0525442354569279
0.3020862160864204	0.8023584359922435	1.3972709304721964	1.0848303356701665
1.1014972563679688	0.8295270313402092	1.4204303072728868	1.1153104279444022
1.7173318328053835	0.9077922922213741	1.2119545795010382	1.1238301800356787
0.3554855335411662	0.8604923579015891	1.1983856025411446	1.1302153516807016
0.5769126791795753	0.8368803390225832	1.0179223290575172	1.120865657478673
1.2209102876498141	0.8679942231204054	1.2883464825159696	1.1344352138960696
1.0890309879877478	0.8854315804039687	1.367090514365572	1.1527891532488512
0.8317194968999377	0.8813031630121879	1.1321801620556826	1.1512053632106416
0.010935040883751412	0.8160704307060533	1.1276178932849237	1.149437879609987
0.48410695719066177	0.7917964843162306	1.1679114695751904	1.1507888546668181
1.213133131932059	0.8218731909871173	1.0522433995508331	1.1437545729088097
0.4962695804286803	0.7991703996841018	1.2581860111115528	1.1517331982747017
1.9826425076565464	0.8798144859163985	1.3612779607066394	1.1660120228192765
0.3127570454199684	0.8420320583746246	1.3014877593333187	1.1750387387175878
2.425951273007898	0.945275171776669	1.182733253177242	1.1755404853755005
0.7481867181215958	0.9327015211840823	1.0523523686096365	1.1676813675784747
0.4279280816366515	0.901169288006828	1.116203870209807	1.1644657429849983
0.30068606407061105	0.8644232446100635	1.0678948739575307	1.1585563707474194
0.7282517875515313	0.8562571498480378	0.8897265070290641	1.1424345932850364
1.4879488303502688	0.893398827885004	1.0042487600135006	1.1343101766873906
0.7971454031840672	0.8878484013755523	1.1179277258301354	1.1333656573596849
0.49425086871916113	0.8655791711064513	1.1751354588011407	1.135729239426154
0.4631990248330342	0.8432344268228613	1.1286545305358624	1.1353367661466844
0.5541421860027054	0.8274725951159165	1.0612570723326842	1.1312982040465154
0.5794875687787577	0.8141931874564812	1.0826183720956495	1.12869167101177
1.8684647330283415	0.8696596080452597	1.0321424428533073	1.1236120748567728
0.6867317562021991	0.8602012152514478	1.280846898718126	1.131741600030082
0.40284292132754174	0.8369542352361476	1.175026931655402	1.133941707749191
1.5707668059372457	0.8736316223635834	1.3018984120797819	1.1423364443750579
1.3834651123454402	0.8986968904389583	1.33136310841804	1.151629830340526
1.5547053877013983	0.9304286730376001	1.4960676267025907	1.1682907390633095
0.4228132585355773	0.9062647062618157	1.489029369869261	1.1835592202552463
1.4884629986022193	0.9335467503186126	1.4497793354247253	1.1960345860438877
3.3212939688115775	1.0437152087476007	1.462427762930191	1.2083255625047742
1.4840168690992241	1.0637225211956047	1.469181231044515	1.220178764884242
1.071646513880272	1.0640772617284644	1.5791377487009437	1.2362467448728096
0.9134150768292191	1.0574324873798786	1.3062777710132325	1.2393355797765082
1.1672331491368775	1.0622051312644816	1.3801598388351772	1.2454566935586069
1.5099836128945805	1.0813905304870972	1.3738793718841458	1.250959274189905
0.8773719751067215	1.072772666424418	1.36190145021297	1.2556459840688232
0.617780712116138	1.0538200692666857	1.2378325317221996	1.2549043086602074
0.4229158508500295	1.0278993516650305	0.9630794416830719	1.2429146355508274
1.6234510544694314	1.0520370651681397	0.9466209318072649	1.2309058741669494
1.476635902427284	1.0690167554739731	1.1784242430946597	1.228807212901966
1.0122059665773833	1.066774849558076	1.1645180309121335	1.2262701860195988
0.9147569049515334	1.0608537103714677	1.205057239414347	1.2254441205058764
0.5639663238531902	1.0417471642305918	1.0067571099748651	1.2170349797728228
0.9856243593001102	1.0396162522675465	1.0886601251567418	1.2121609596170289
1.8333725339514344	1.0693752194694452	1.194936719148203	1.211515218311122
0.9085208083491916	1.0634189220236956	1.1918000794862675	1.2107850958534616
1.1936103911912372	1.0681811149749691	1.3079423224121363	1.2143389980402062
1.7347924515155748	1.0922696784899881	1.1716994101631486	1.2127977370998213
1.0798199883079067	1.0918248347104607	1.2334500060835065	1.2135348275619031
0.8253255177583911	1.0824207549768539	1.1650415164843202	1.211823399452463
1.0606866298330528	1.0816622330294154	1.2583378893809471	1.2134450960026757
1.2481909383699055	1.0874028303291814	1.3310448192380124	1.2174988122639525
0.9677840870925192	1.0833253881801586	1.259983981789099	1.218946469046795
2.5836457293423596	1.1338874180296798	1.1798041741393548	1.2176270247304357
0.4951355121124601	1.1125996475215465	1.057782644511986	1.2122996319818284
0.371274499101637	1.0881648888037567	1.0845030225831302	1.208087095336949
1.2602793028672234	1.0937759855153635	1.2362787705272855	1.209005952911046
1.3611455106449362	1.1023992005806207	1.3428790644651656	1.2133236369341676
1.5307470847105082	1.1160673727391455	1.2504725869929754	1.2145090337855757
1.3976865748052911	1.1249585147704049	1.2577703158620808	1.2158744767603005
1.8376497104618164	1.1472257872119198	1.2569155791811593	1.2171565050692448
1.0442203421557505	1.1440404721918287	1.2269262000453542	1.2174584543357363
1.032766646320109	1.1406346360122988	1.214366309308792	1.2173637199401428
0.882100097522811	1.132801511155006	1.3325365903799815	1.2208531044973179
0.9853771112512313	1.128379366809177	1.4058865362679174	1.2264029794470659
1.9270970223683532	1.1520997583059644	1.372627532767042	1.2307456014878961
1.0734566037763291	1.1497872493694166	1.5174277503063713	1.239176223113334
