1.142956647092952	0.871028472373554	11.44744358627312	9.867938644383782
0.021135281671731176	0.27422516971420086	1.30441531877038	3.8545488808500803
0.08300244219022512	0.1638779140665363	4.929974628469744	4.475135665750833
4.882836183710658	2.46307486874072	6.923080293871423	5.667837249960908
6.807832479863294	4.29096954627463	3.8321452628575035	4.8955390597894946
-0.0985278513568334	2.667695689872186	3.1572137134997638	4.252691157332562
11.337292296279022	5.526199788992145	2.9066828864842895	3.808890481623375
1.3899975990955395	4.296206018903368	2.0434907342201405	3.2839087095609187
0.4063420524578385	3.243006826644665	1.2751360471282092	2.7400239592179236
0.31756966227102734	2.5160989179048303	0.8631005608371007	2.2736490793645308
0.054800799795370336	1.9510619536417142	1.1084914091329314	2.0061653591985946
0.8077640817607006	1.7071734211773144	1.7245495363576704	1.9460910748689617
0.5991241287895563	1.486438012503633	1.8196955989565513	1.9209116954052008
0.8142582306140858	1.3608440758394948	1.5842743021470898	1.8580124055712766
0.8344038924667505	1.2682317149590685	2.7290662495910287	2.011248903022936
0.8709078032008974	1.2021962581531187	1.6976606278309458	1.9591303861198561
0.4883375364032523	1.0897665391205344	1.4943531964073826	1.8859297599767246
0.18834844727128508	0.9548648835308393	1.1892554605284462	1.7816690759988836
1.6197314677576449	1.0496464570739081	1.2797488873992866	1.7101173690987719
0.07878847888784524	0.9175124146915621	1.237733898865791	1.6458255756235682
0.47811243095540923	0.8603017544403009	1.5749636008349754	1.6365994986870764
0.9085666186223911	0.8663249674320548	1.8157551243218255	1.658957062604912
0.48409136446460166	0.8205275079585288	1.6079597273561177	1.6528470093114307
1.094489448764941	0.8520936589186041	1.7667938247929116	1.6659764649934492
0.8092132114946362	0.8473357211564938	2.0288240607795083	1.7062391238560624
3.3835125539904176	1.1187282677962527	0.8209319383890059	1.611504421314275
0.15552642919829385	1.0192048663722542	1.4878609765056963	1.5987295897314628
0.315169712851626	0.9488799356496158	0.8277997113752877	1.5217226818805196
-0.05948885488390976	0.8513986205723423	1.010081939571044	1.4722611465466064
2.465637557868455	1.0025821828483776	1.575796481726019	1.4819576117142925
1.671458270458046	1.0633318698921923	1.2667541648948255	1.4624124376174419
0.3163242688397334	0.9974787652332218	0.8511011680518508	1.4085217913591817
-0.012510359054623499	0.910982392902631	0.8339771677739964	1.3593172743937973
-0.09278333708428033	0.8274036996894578	0.951564636987972	1.3253659626833754
0.0024368914217489657	0.7605667476553093	1.0298588187007036	1.301424791088658
0.633975868044522	0.7505802270450017	1.0084804546939505	1.2783149067978479
0.29562398510818566	0.715608929091738	1.4987557485604333	1.295260444059409
2.773585600748994	0.8698521856393773	1.63849586988434	1.3209859661254915
0.3059831757566269	0.8286208030409832	1.996652160283222	1.37039291002651
1.1854203793676024	0.85409062182019	2.002928704703441	1.4155458167855217
1.8033564122976249	0.9202780513686057	2.201493323042997	1.4703458542348353
2.1605515622177043	1.00479238954818	2.1666157947486058	1.5177907611497354
1.2128346170766875	1.0186542722639889	2.0149584300988663	1.550916874207442
4.110089465687559	1.2201597782742302	2.3191100363327837	1.600989145488862
2.8632646851766306	1.3249835287097347	1.9901898623424703	1.6258186014966376
1.2194039244326325	1.3183886940941645	2.1962039045298463	1.6614503131007985
1.3129259326634366	1.3180545915653812	1.867568135681946	1.6740637921763852
1.2977339736689193	1.3168359501405686	1.8068302228710142	1.682025998833621
0.5765002041041951	1.2733072758700117	1.676580474397662	1.6817064560502986
0.3920701612398483	1.2224896237103606	1.537059331710076	1.6733654969675062
0.6107575018349691	1.1878784917248377	1.6002984234595332	1.6692316909184797
2.4425226030970313	1.2575522059748292	1.5608872217609582	1.6632155971463418
0.415474600404802	1.2116397677614468	1.4557942391725591	1.6519067522378328
0.6324866797273487	1.1806263112658448	1.9111165479587848	1.6657878745386467
0.9529794336780193	1.1686493993405183	1.783318880149043	1.6719711143397245
1.0559888177827466	1.1628240775820138	1.8331020681832397	1.6803019846563312
1.4861528127524646	1.179258516217145	2.0912566258763343	1.7011903492454263
2.248317983062346	1.2326929604428543	2.179855592809519	1.7251156409290496
0.6299052536788297	1.2030579016194025	2.0863658796568334	1.7428756327998145
1.660397665984655	1.2251797207489963	2.439201918401164	1.7765573815040505
6.802191224803138	1.4906622919347208	2.584919648588886	1.815037496810072
1.2036238794902707	1.4772116519002396	2.4748971488707245	1.8459582611830965
1.7989285876492014	1.4920556811778312	2.446560794857898	1.8736699158082049
3.1014572936107196	1.5651874413143374	2.1107751390230223	1.8844439267533604
0.8475435577783004	1.5330639329453466	2.0439476031699124	1.8915838496330069
1.0696586858079784	1.5126259557430002	1.9264918831473699	1.8931239114204157
1.1184233004190207	1.4954916051971079	1.7500717934735914	1.8869059696613797
1.2783327023432602	1.4861875858706037	2.2721444655802094	1.9034117370610244
2.1822297848123906	1.5155900643472955	1.938138604766602	1.9048790313790644
2.9599164515087666	1.5757539416510413	2.050692428089022	1.9109529030129293
2.2738411104676106	1.604435164914694	1.8451352543212134	1.9082490837916426
1.7100358428791536	1.6087156636544204	2.0385998099235687	1.9135327626718133
0.8052183096920393	1.576584065738385	1.9837257474601016	1.9163399024600447
2.3588546405575186	1.607455714080141	2.1665017854996584	1.9262125071477758
1.4521741681521672	1.6014077637808994	2.276684412441127	1.9398645595430115
3.258771636318765	1.665137267235277	2.1941191191705482	1.94964130629561
1.0841821748666831	1.6430806558473638	2.273857105134139	1.9619499965693699
4.221106268838069	1.7397339176034303	2.1838235842358116	1.970268178984084
1.4184430415977283	1.7278371382115973	1.9087637628618332	1.9679909589651623
0.8604172415968614	1.6961092098194182	1.8120020156700263	1.9622850739646567
1.9802388337353118	1.7063762015542419	1.8519317283143044	1.958296805887084
1.6446105444078642	1.7041703581427208	1.7119121590720563	1.9494988436177585
1.0442122002516205	1.6808819782053295	1.8815174498887912	1.9470990329786217
1.6075581286597087	1.6783243667867405	1.8054723780078321	1.9421592382308948
0.9797283712549736	1.6542396186799153	1.8146778345584895	1.937763968006843
0.9347060426370901	1.6297146350422662	1.6969184158367736	1.9295544380835117
0.9800470649244664	1.607819734805159	1.6356327459691675	1.9196484683475572
1.008363683101566	1.5878417383399483	1.696584335679534	1.9122143970756835
2.0276017051365827	1.6023360756148106	1.8533427433363165	1.9102735245637077
1.6937253369089293	1.6053152673022555	1.8516957310664317	1.9083633952687724
2.1429974225675985	1.6226566088412708	2.15685970231543	1.9163779046781708
3.204731267996819	1.6731383845708967	1.8345876048577279	1.9137676022319785
2.1661828599855126	1.6887050781039732	1.92906160974976	1.914250197828696
1.517661314722412	1.6833609796043798	1.872335767304072	1.9129406790494858
1.4416568993668912	1.6758865961289264	1.9383071942213284	1.9137246924258688
1.8334224068439116	1.6807082600180072	1.9945985764267204	1.916199968504706
1.3074881359763628	1.6694006112978634	1.9768085594117863	1.9180364297095505
2.1728053582516784	1.684499981113126	1.9121431666944448	1.9178594546420857
0.9296469987958509	1.6620824065437287	1.9638345080397368	1.9192249340115435
2.073127902947545	1.6741702150024507	2.014365302791527	1.9220229350737932
