-1.0	-1.0	-1.0	-1.0
-1.0	-1.0	-1.0	-1.0
-1.0	-1.0	-1.0	-1.0
-0.20493352877352733	-0.6126234352094821	1.687953607216286	0.3096392218294517
-0.7695290584420986	-0.6786355995334503	-0.48478046289827537	-0.02458310039613809
-0.0822025328858671	-0.4580696272597682	1.031590036563109	0.3659985815598368
-0.6454347902005273	-0.5198469305867619	-0.3057608236319693	0.14450873414162757
-0.8784325150513119	-0.626480534010641	-0.4591544049080415	-0.03500434804866137
-0.6852338580856265	-0.6423882702882662	-0.046997046280159216	-0.03825140951913808
-0.918174672595633	-0.7109152305134463	-0.29053580690409464	-0.10093860925624853
-0.8778844334873929	-0.7492461447165226	-0.4083829301249645	-0.17151826772798484
-0.8704545976993718	-0.7751023721621386	-0.34887776071965204	-0.2093526921587583
-0.7952709499780385	-0.7791201760252549	-0.5275573036644645	-0.2727425003656895
-0.8451104778021354	-0.7914501803657893	-0.5904077129635276	-0.3320968820407004
-0.9607828526782737	-0.821239427874846	-0.7066845516501683	-0.3979949067217263
-0.876810610291362	-0.8304754083175806	-0.6260760951591315	-0.4359021919846545
-0.9166112240106066	-0.8440414156337007	-0.616409442403798	-0.46433129102805815
-0.8463942934451852	-0.8443935376789722	-0.3592233074352612	-0.4486013668028235
-0.776012682517004	-0.8346454018308359	-0.34081419560502746	-0.43323561862969007
-0.7600801402581411	-0.8244970710082347	-0.4035139333507689	-0.42919051660680396
-0.6110394703776022	-0.7967044332100608	-0.2881998586874679	-0.4108332389741647
-0.5247921527203084	-0.7627714738040394	-0.22622446471282043	-0.38779514452496877
-0.7136925604888433	-0.7568909734357553	-0.19133012745060363	-0.36425533585407555
-0.6723133158393472	-0.7471459155366618	0.005104532477351098	-0.3216977031597281
0.18742176457605075	-0.6434439719078733	0.1447605479959455	-0.2699382259307661
0.6461264117182486	-0.5054490745659632	0.17161794766201477	-0.2226878668758352
-0.32526131767708377	-0.486830831724516	0.07763555804913391	-0.19165638945885033
-0.2944989226128176	-0.46761914673283556	-0.0931028370974264	-0.1818121038049224
-0.5738900106512993	-0.4778925714826662	-0.12650501662375846	-0.1764654044621482
-0.5764939687789759	-0.4871271898487912	-0.22494410664201026	-0.18100567185495642
-0.7574682872136231	-0.511680380311124	-0.33654000551458485	-0.1951317305630037
-0.45683377862003915	-0.5068452525336036	-0.16154700376535946	-0.19217092302383398
-0.6898554248005426	-0.5225183811173346	-0.19687057149868836	-0.1925733374268389
-0.534554052672255	-0.5235204699828757	0.007487541884734439	-0.17591506944629043
-0.3242041983022852	-0.5073722149746817	0.01995859987193116	-0.16004568707225808
-0.2997816404663375	-0.4909955695216476	0.2943156660995683	-0.12420154977379905
0.053752342539820086	-0.44912172900408387	0.47147581529333316	-0.07841282451240561
-0.0026032894484390168	-0.41565565624167233	0.475372198844048	-0.03690720808814185
0.10389657025678978	-0.3776647525929271	0.497094690895284	0.002140251142059846
-0.10645138685590294	-0.35830468983648067	0.40020389540957857	0.0305552777685818
-0.364859667573732	-0.3587617390438329	0.23797587424590638	0.045017677133130984
0.06014655544231928	-0.3302166069865903	0.562321654251561	0.08026764352394866
-0.014457094311097207	-0.3091778471241633	0.4043396312674128	0.10186026033718765
-0.1035771954963125	-0.29577622943263193	0.4329914260220873	0.12344430102635306
0.45859730691162603	-0.24764989535770743	0.45401594498422115	0.1445336870179852
-0.252199935537999	-0.24793400634218044	0.406666440089291	0.1609088776385783
-0.06674126578973183	-0.23684587125452372	0.4314621392374134	0.17746545878736097
0.16896800223417152	-0.2125084534557683	0.49303133519280395	0.19639063066871598
0.9310832138347711	-0.14526899505085566	0.49411723899528504	0.2138962043923507
-0.22404171348062962	-0.1498113977017027	0.4386185151161961	0.22685540976803797
0.0509039932876989	-0.13845486005795704	0.336011407172486	0.23303165397463688
0.2025190090734943	-0.11951957180176265	0.42782451120307097	0.24384925605416408
0.13083868923089326	-0.10586896983928129	0.47629901502820027	0.25652352148722124
0.06034583024843321	-0.09696799139923484	0.4358309974830459	0.26612567159165956
0.1918514818198167	-0.08177307543803003	0.5372853003166653	0.28039142023272867
0.004551078505283357	-0.07730984667441343	0.7780663778640817	0.3061232856770604
1.2511442179810839	-0.009786568643563642	0.7902806673473994	0.33073208586047365
0.2023276118695183	0.0008154554874055808	0.6998188814368331	0.34917997684694124
0.14045410558475058	0.007680487514794221	0.7605473607533773	0.3694040271565928
1.74576922640202	0.09175316179625814	0.7349637862389298	0.38708653306786456
0.727827065578063	0.12203224767879739	0.7080360691184442	0.4023646834538024
-0.014974575959060266	0.11561219192245842	0.6819212498547516	0.41546474264900923
0.903102041502325	0.15194622334366636	0.8296480857939688	0.4345747065398964
0.6321259312572265	0.17376597752334644	0.901506962901123	0.45579251656815845
0.2185728316282649	0.17577161949226583	0.9407589525187616	0.47750081692994084
0.5146712637675523	0.19071874748769013	0.9767997259447385	0.49952231892708276
1.971428164920427	0.2681183711957744	0.8911433906363471	0.5165443194701924
0.2631592950610766	0.26790604397461837	0.9365877478190192	0.5345413034119897
0.444950794822075	0.2753846852606803	0.9916517775428688	0.5538504080808762
0.5306074035113013	0.28601617104471533	1.1390499650873145	0.5782272326176432
1.3734622545668875	0.3306937112411896	1.104188735540638	0.5998362175891692
0.4062502441947393	0.33375615910174283	1.0554932194630138	0.6183041933683957
1.4468251402214807	0.37826743605695334	1.1233221285405213	0.6384996575023167
0.768059111373133	0.3936503137369609	1.1825395527155935	0.6599698065184576
1.7047752970002454	0.4447212353753238	1.1471157505689544	0.6789453977361737
0.21803820773184324	0.43600458855414925	1.0686021928132807	0.693928292481971
0.4855304483430374	0.43788482416638264	1.1813533434312946	0.7124336530378246
1.2050082730519636	0.4666450427388824	1.0994233373724116	0.7269421784605026
1.0888257704521047	0.48968364899658057	1.17471655838865	0.7435227696720537
1.3869228745299598	0.5225017867095134	1.4017492279206913	0.7675984955295554
1.252902371901833	0.5488954868979188	1.2853440025508864	0.7863075527371723
0.5526361032196003	0.5490288157822558	1.2049363389750174	0.801255010905553
1.0122720150718303	0.5653746168979905	1.1198392010350267	0.8124962602167254
0.35667068989445916	0.5580956735555367	1.0798421703566685	0.8218201821513016
1.0111482694021254	0.5737145097	1.0454345036204709	0.829528973143066
1.2841243350450342	0.5979278899029776	1.0895839815556432	0.8383924745126228
2.5471076757071445	0.6636168444512933	1.2203037705236763	0.8512629154906686
1.0058938562959319	0.675023760440614	1.2695178092473158	0.8652019205594288
0.9032797502292949	0.6825468975113762	1.2905585259854786	0.879221559166226
1.3151179248499236	0.7031702748635282	1.1980892894237045	0.8896174240968482
0.5954207640127811	0.6996950091938983	1.2271134485176223	0.9005021836872573
0.8408991643894359	0.7042006953826587	1.144396778099626	0.9082846210313638
1.0736947248757653	0.7158664792801352	1.269203089309006	0.9196796154725868
0.9194027840947476	0.722225847189329	1.0001615772021242	0.9221942219870474
0.5570576369932139	0.7171182999902841	0.9361500201544706	0.9226255803381551
1.1472321029784465	0.7302827382596204	1.0553716148151153	0.9266885044084658
1.7676238521826604	0.7617116878367771	1.0505541477708182	0.930441179654647
1.111130339214046	0.7721924309005257	1.1004540407866803	0.9355406569935842
0.6553710048477481	0.7687229923443639	1.2445760514270683	0.9447183014553313
1.0320397025394836	0.7764662673882041	1.1791729715185144	0.9516128275937215
