4.166856401547112	3.5112138665180215	3.7769756641271286	3.1708066145551745
0.5850270109325111	1.4564168503046466	0.7687385020766002	1.4840509005994638
0.3465481940223747	0.8159544556110214	4.461814521515412	3.2024035647461675
7.552026376897846	4.0979407753905805	2.317076485458288	2.7710500548229464
-0.2958515978014825	2.2494172971092743	1.9671047476496577	2.4328203443412186
5.167240696467558	3.3284525237470586	1.1272280788399658	1.950000813210667
0.38208937847716373	2.35698935003205	0.9990321946730771	1.6364511097039687
-0.029953654325047596	1.6471775075746073	1.3360114067356759	1.5471083499512215
-0.3713599062966062	1.1006488025673096	0.9957328784003812	1.3978205546698788
0.001875787891252756	0.8276274713483172	2.0643077299341575	1.5634282947701559
-0.4092793254403835	0.543672410274618	0.7887118926771899	1.3855776688941042
-0.10501523526371426	0.40529416491116854	0.2979926388550811	1.153573709170212
0.42802802152056496	0.40982312349019456	1.0405665796614563	1.1310616522137278
0.4072537214877521	0.40934310224721515	0.7154955773493721	1.0534149857240807
-0.3814802910851446	0.27022017969649936	0.7830231922801991	1.0058468390793798
-0.23373604679623117	0.18646231550696712	1.1533944174099058	1.0303693513300196
0.4850940068180061	0.23349546102524554	1.4667886084828492	1.0991034174172438
0.6879183904066859	0.30150207932185746	1.9323738079578616	1.2238064183385173
0.8988582463049815	0.3866590970732948	1.3133060221421973	1.236565081873608
0.1104115071537195	0.34906164213438573	1.442151472066974	1.2645451266504697
0.7716577523973183	0.4040848412923481	1.879193510733694	1.3445741156927231
1.8650702592007042	0.586406601132516	1.7627876785025411	1.3967647104570209
1.3501409572991196	0.6779140405421853	1.491940800062141	1.4081683723284857
2.424198264975594	0.8791204643301658	1.7062238396183957	1.4425106930590021
1.5415707061129678	0.9526279632591568	1.203308738943195	1.4159687963312706
0.02627881564236434	0.8535011876384799	1.0402405001141313	1.3757630823678144
0.08404042439116965	0.7739962694922045	1.1034782762516362	1.3476296710480256
0.06889675253436423	0.7035650198964725	1.1529886048974434	1.3281874562197786
-0.08175272054676352	0.6276465380864009	1.1392113167798779	1.309918595544037
0.34615905154648496	0.6012835156134912	1.1468375573669296	1.2946451695109156
0.2338616870707646	0.5679130530208023	1.2288088317988626	1.2886655570337946
0.22124813459772086	0.5373525402348511	0.9015219569138759	1.254536640639694
0.12101312314596435	0.5016970686090876	1.0712619818527425	1.2388412196855012
0.14626690719756685	0.472102094269057	0.8486901190962115	1.206355209663562
0.027094060632061767	0.436048628441142	0.8624412880337013	1.1784922789983492
0.21586216120902102	0.4186787734750683	0.9227535867330952	1.1583179507560173
0.20715429748102232	0.40241944621403936	1.0864253017113747	1.1527919830393483
0.5988320719120426	0.417140623020815	1.2307207492415735	1.1586330815290578
0.8581298856153088	0.4493869633419185	1.0541453996110492	1.150992720759949
0.20001464785956613	0.4315858477598882	1.3668051994871182	1.1663980323435421
0.2149995637396105	0.41648439875895504	1.247593757090891	1.1720594697665279
1.3156107610062855	0.47775252628006304	1.5179860280149864	1.1956315141643126
1.199146077148323	0.5258184077350683	1.6898577076097263	1.2285614856464617
2.20408532065764	0.6352113205944636	2.043389482412386	1.281673829736357
2.660768424266169	0.7644342507937685	2.1455385878942073	1.336785196574584
2.1870730005999044	0.8533041095954772	2.747703483167462	1.4249229300581936
2.6601416733177494	0.9638729264739203	2.5115635704562824	1.491419740414433
0.8957134911331988	0.9597854306475557	2.1283825421238483	1.5296194921311437
1.789590963081272	1.008575386683034	2.1000167906668707	1.563157233644525
2.042024153457843	1.0681710005934604	2.1997748567623887	1.599869010634432
1.2103133951204756	1.076213620914345	1.9533326730328953	1.6198681217259012
2.3002332779241144	1.1441865456113764	2.341508209659163	1.6599428544562174
2.3221523685561882	1.20841347720101	2.2848220958696306	1.69401378947371
3.0192279208981656	1.3053828332242419	2.3554192430051923	1.7294321905098875
2.371364574191123	1.361465095325729	2.4921289863634772	1.7695582663213227
4.435348636201887	1.5203983714785845	2.6737159815460876	1.816306925229867
2.8441618840082543	1.5876840223407642	2.799684802691061	1.8662911888377938
2.0057245032003537	1.6085785206237455	2.7236962613178863	1.9091460398349533
1.5246453477903303	1.6044519424440198	2.2839659234591343	1.9275731632052584
2.6372210652990673	1.6544080785782258	2.3736732890326997	1.9491517228877644
1.113090891312703	1.6286396848163753	1.9395850068548888	1.9486963867004485
1.0132017135441642	1.5998003491561352	2.0312269793043196	1.952563696048284
2.2901781047984104	1.6316534409882353	2.146482652204473	1.9615105811680085
1.043959562276819	1.6049484821575697	2.0632443945574717	1.966133610075972
1.6548390719946577	1.6071816418911182	1.907301183968741	1.9635000411777552
1.3966795398203105	1.5978974201554945	1.9685832707964348	1.9637240963642153
1.6842581441381137	1.6016514881104227	1.8986220727234926	1.9608947606086806
1.6680110608945924	1.604494823862951	2.04797597701427	1.964625937997611
2.2924457548411046	1.6335549599514816	2.129177388534744	1.9715767426902642
1.9855204304313734	1.6482167243181203	1.9433756655749077	1.9704025280984419
1.271116259193105	1.6327237604702831	2.1751817087786605	1.9788161423520894
5.111237411047535	1.7737076153721616	2.2084813274653583	1.988124356752719
1.5535264818320424	1.764903196699315	2.161463694057263	1.995056871762252
3.4467614621681326	1.8312762642018576	2.2032792817417888	2.003274521793706
1.2386001299164824	1.8081908467763514	2.1902934035309096	2.010559444728178
1.456519840158601	1.794668269232774	2.2173989429063816	2.018512850514046
1.660707953723433	1.7895820949660228	2.322869475380429	2.0300676147622077
1.7931783198892584	1.7897165193019338	2.4292806460376957	2.0450341305410458
2.064712637701042	1.7998995874925328	2.236376013694279	2.052119620288301
3.0330311857291505	1.8450041366714371	2.2592648693435047	2.0596964787443524
1.588054651207957	1.83571862897564	2.3820362192367606	2.0713444573773283
1.8875849603770285	1.837570295583288	2.358607098218781	2.081601266651229
1.7397153810806198	1.8341168314475196	2.1750390523634295	2.084897794688858
1.9170527148090315	1.8370085486817138	2.3201126183697554	2.0931003478873182
1.9058617074753674	1.8393822970605171	2.275317318108817	2.0993823879222777
8.658247150099708	2.071795346360879	2.005418326552945	2.0961793353120006
1.576161944941067	2.055091265917639	2.21286075304754	2.1001108082112774
1.7639090611889978	2.045386924928959	2.091649536209154	2.0998286322810538
1.2615337647130702	2.0195503303919784	2.0553759918453824	2.0983630865415153
3.1074865736442563	2.0550190313778702	2.327312781228485	2.1058268153448783
1.6969043703723168	2.0434689850944863	2.3466665342850948	2.1135942378985
4.9838651552908715	2.137293356381773	2.2892280191970094	2.1191981082544733
1.5694420274788303	2.119364104704862	2.2825301187868647	2.124354570788641
1.5552037285301297	2.1017373331320788	2.1957185920677627	2.1265844109697416
1.6185795478887166	2.0867969492021015	1.9806179546221663	2.122070790067108
1.8605371953346483	2.079871731106958	2.157993706948199	2.1231701688564004
2.2211283226165555	2.084151803865447	2.187356235396469	2.125115167499062
2.45171503950509	2.095176722912093	2.1520761463057783	2.1259237524481627
1.6385084760468445	2.0816143326477667	2.069664204660669	2.1242526721762256
1.801517850749022	2.073377377087941	2.0189433459253183	2.1211556584816735
