-1.0	-1.0	-1.0	-1.0
-1.0	-1.0	-1.0	-1.0
-1.0	-1.0	-1.0	-1.0
-1.0	-1.0	-1.0	-1.0
-1.0	-1.0	-1.0	-1.0
-1.0	-1.0	-1.0	-1.0
-0.9068873213687986	-0.9692992546601653	-0.42181267291683733	-0.8093623537799106
-0.87122084792784	-0.9401334407502678	-0.09912848036921695	-0.5981583752643973
-1.0	-0.9563425969400708	-1.0	-0.7069589099958589
-0.7146092668916053	-0.8962770866559436	0.7726024723383695	-0.3393198698454961
-0.8085986779580847	-0.8761488774590132	-0.26092015740183416	-0.32132177950095997
-0.6856050083402971	-0.835502043320906	0.45997966885253194	-0.15465450550285675
0.16999065118531953	-0.6351970814502897	2.398127318439153	0.35388708042407124
0.2533692882332075	-0.4691721669414822	1.0157275647090556	0.4775492933078056
0.2610631560391543	-0.3407083056482716	1.4428373977381068	0.6473638134271571
1.147479112627765	-0.09337069286665445	2.9526039082773066	1.0304960135452528
5.171060755008561	0.7357526604204416	5.815322865534726	1.7840837118888517
3.588166883057818	1.1626310457422027	2.907165511568569	1.9521588291038756
0.16141900237057483	1.0199015929008222	3.2032322365462162	2.130507653145786
0.46004030010574315	0.9437044014880129	0.7852853057770233	1.9474227381145277
0.2984416461785575	0.8596900065094009	2.2463514791068624	1.9863444704317352
0.6657633506914009	0.8354893307593116	1.8999290169953187	1.9755605771418079
2.119610050608782	0.9893472553890605	2.485610335158989	2.0366726527826033
1.3076356624780292	1.0260205852570574	2.5331634866376875	2.0938785342929407
1.9050402350072795	1.12355893388305	2.4623422880278105	2.1347645452355644
2.6979967146975614	1.2920369972780965	4.389949676486209	2.3760883009651828
3.091873221681972	1.478007877432399	2.840237588763302	2.424047989134467
2.732627558258405	1.6033302018998081	3.459457972355483	2.5274738257330305
1.2780112015585154	1.57188083916681	3.124879004297692	2.5852262519326104
5.338439312375746	1.9246442198101912	3.841208371034446	2.702857688951382
2.0882493876906008	1.9395036002413306	3.9992924510861565	2.8206042860758593
3.6247611766019627	2.0880698594475926	4.376243308396818	2.9577440293072885
1.7915606133266664	2.062676520348505	3.9147840074858973	3.0397057492608797
9.23467219671438	2.659856313559938	4.264765374378101	3.1417114564352318
2.6556257162787222	2.659514327013874	4.904764749596291	3.2845514954576682
8.281736675609864	3.103043288454086	3.654806063851371	3.3137604764844433
2.557604641727169	3.061116976764949	3.618824062359347	3.337210851243226
1.5910921622815453	2.9509413807029765	3.514189965501914	3.3504765232519755
3.5070290547222154	2.9916041464438443	3.9789602197107516	3.396433094549284
6.386726196073982	3.233958920991274	3.9949021659146258	3.4391533995190944
3.335298588984818	3.241024993405216	3.340183182825041	3.432252860973298
3.48059721490916	3.2573505145220425	3.3552516840767463	3.4270064555035997
0.8777869032642038	3.0988024809796073	2.3983524987442744	3.3584681906999077
1.3251941775397036	2.9831956540205247	2.8243112053599595	3.323651263619767
2.564751095386762	2.956501155999426	3.336104416393132	3.3244465447918463
5.102403927000302	3.090552105811544	3.8008365074682633	3.3542059769184034
4.397804957943815	3.1705492072298886	3.398314022501924	3.3569056380029343
1.7006588622822019	3.08239835046206	2.635980402871216	3.3136714512485685
1.5474232973790647	2.9921474506674515	2.74373574815991	3.280161375900726
3.1013785327755565	2.9984471322164947	3.0961835352688603	3.2695527331560283
3.4815827161877335	3.0257835071696055	3.04946080814915	3.2571009834439337
3.0165147544296023	3.0252691072641618	2.742734608332412	3.2285374243598266
2.253898118862319	2.983211958060847	3.060376237184575	3.2193692323976917
1.7752957788206913	2.918528478013921	3.0886191265704017	3.2123683228346183
1.7071795535443903	2.8547978122984397	2.5611104283109767	3.178104645063894
1.1527973413433643	2.766796497833005	2.241882590398941	3.129697593722147
2.064993164966239	2.7311244173728983	2.288116580947358	3.0869207653967123
0.8197010727655796	2.635587299496261	2.3293188974467145	3.0490539147540643
1.6743661589039514	2.588330631699615	2.1630344482391934	3.005494398652476
0.636404246732277	2.4939149010945068	1.9433967905028582	2.9541203668391667
0.8489681844840327	2.4156100170442167	2.4613369828576794	2.930662074799294
0.7606840260282313	2.3380606991087385	2.1759554485487542	2.8952969936560695
3.6055761789192706	2.3965432847635895	2.246761309674622	2.865374344268475
1.8343049764997423	2.370995369193868	2.547105734049385	2.850912643803521
2.815434273892555	2.3908894097720204	2.363559927889321	2.8290973170190794
1.2312706028798854	2.3397446578448178	2.4625166959816673	2.812929063127241
5.370470911521284	2.4714772482570657	2.5040053726794818	2.7995014972970433
1.2569876134966078	2.4194426833880134	2.33287375270168	2.7795091970239607
1.0147395220868862	2.360105805839192	2.3187758651806307	2.7600475164446396
1.3275164590059636	2.317093352811022	2.4814922030451387	2.7484448255097846
2.4840620681490733	2.3239531698818503	2.257091578078844	2.728257517527277
2.9738672784095868	2.3502942863310556	2.335580794064387	2.712342437561748
1.9684891096926282	2.3350263494320074	2.2937893025754716	2.695604998225977
1.9184629296218154	2.318587395006424	2.4118642338972096	2.684407766506558
2.3728882173234136	2.32070308483467	2.665750956292368	2.683681701323069
2.6953282077700544	2.3351080263128976	2.7602636642100875	2.686626204445243
1.262244502110201	2.294376022538742	2.3920584041520923	2.675442742567485
2.141018769088787	2.2886265283214593	2.7194721965922732	2.67709354227671
3.707647612324414	2.3411701508925455	3.0501296051843347	2.6909059189338556
3.706904763292904	2.391124579996842	3.6101690496777143	2.724529691903869
5.024333716565326	2.486279779286674	3.733686864866632	2.7609971597957044
2.681037197078971	2.4932328148589096	3.274281463268003	2.779323519644704
5.008066012710901	2.581971074978758	3.0554543550354882	2.7890661075399867
2.4084329515808376	2.575918106968549	2.9463172359868075	2.7945497949062976
1.895583352701054	2.552462712330752	2.760758446402977	2.793384295361093
1.8961539806431085	2.530093099427636	2.7833970534349386	2.7930439185834217
2.1192653166958664	2.516247792252019	3.0513861504827524	2.8017504332479333
2.926929593065256	2.5299335838207058	3.056271306756482	2.810231849912143
3.9154965641306827	2.575601813053464	3.1984822685724144	2.8230281083216493
3.114381115926287	2.593167174160214	3.1939113454118857	2.8351196331940858
2.94777095016536	2.604603623408702	2.911657022022734	2.8375878778038484
2.305106622836761	2.5950470192436397	2.8466190318629594	2.837876112613898
1.5922114482232903	2.563384401594841	2.787193199206855	2.836276081679194
2.1186327574814787	2.549487959594168	2.5904949457957116	2.8285962911408093
1.5507550663242773	2.5186045519723153	2.325949352900128	2.8130529861023827
1.7872541220871239	2.496220087902123	2.2994530334722025	2.7973331832854824
1.45344404108726	2.464626143253942	2.4759965018014944	2.787597266273128
3.501155472181118	2.4957169389825795	2.829815758374795	2.7888637438789154
2.928102218916521	2.5085579586056035	2.713656146961348	2.7866302533148315
2.8932388598090393	2.5198698605535395	2.7500568123044977	2.785554368181759
