-0.10965913444523645	-0.22263799330098655	3.0260184956619955	2.515141153096551
-0.8578435079264279	-0.668685511779291	0.4906865565464893	1.093549366832725
-0.9026828817981081	-0.8037163780609257	-0.2328002312746088	0.3281641068667458
-0.9233859978769632	-0.8620224467886823	-0.5340633097649458	-0.09193493433719668
-0.9138853535977154	-0.8838418208901254	-0.37483357230583436	-0.21095393123476758
-0.532099578776882	-0.753764564755704	0.7928200825276615	0.1602501471055362
-0.1286076733856103	-0.5476403737423563	2.201076709311902	0.833143175049752
0.2772800684294707	-0.30233166808365086	1.6250432162039767	1.0686323648083103
0.3270343737564394	-0.1319279226637895	1.3127449956300334	1.1347268321222845
1.2449339287403776	0.21019272734425676	1.6686732276871505	1.2674012444954577
-0.5294463033824233	0.04039477169624606	0.7228800946045235	1.1423962420566802
-0.12927874608071155	0.004199943962167829	1.491760411583404	1.216922600911849
-0.18077532468854773	-0.032649090972730055	0.9282412440127172	1.1594142426864997
-0.199783141107151	-0.06387734857062566	0.626540466615988	1.059849108821263
-0.1175849257584678	-0.07332569867339245	0.4631785643111306	0.9548819210423094
-0.15605887974808308	-0.08707606836264337	0.8497754569853075	0.9374130262605536
0.0910274645002711	-0.05902566843197832	0.33428488060406214	0.8424229334741811
0.9996324588007173	0.09940772946057752	0.4994977903972928	0.7911024301580236
0.28321937752107806	0.12561142841137518	1.2995804125955028	0.8635895760709151
1.1640305778526763	0.26694017062605147	1.171326307895196	0.905472364642129
0.06873397653591695	0.24113326586116735	0.9124720164591171	0.9063836881373628
0.1782397611343507	0.2332846483816824	-0.0047676392725238825	0.7926779902005292
-0.3882189079975228	0.158818808307861	0.5837559209354828	0.7676459693231064
-0.33631921768751816	0.10176944033291746	0.31462602143004803	0.7154495216200458
3.519643355792404	0.481025612387902	0.856939614557098	0.731150118937546
-0.004608829706756357	0.4290589324095857	1.0579926542769527	0.766125282099485
4.104409510949175	0.8088191712369424	0.7476595975245608	0.7642176876867266
-0.21757585573009075	0.7062941328226688	0.4750388753029371	0.7353321182742292
-0.2548394462144936	0.6133791372586008	0.27843420017002685	0.6911626841498009
-0.5911668071319738	0.5005655640872118	0.13467710760006124	0.6390441221894609
-0.5767214460248224	0.40272308830412484	0.2363130718158477	0.6024669520471535
-0.048409398814840854	0.3629531947810296	0.31448779388645276	0.5770800369599844
-0.04005965537822087	0.3284387966908566	0.46601247385733036	0.5675680850188021
-0.2990399711002436	0.2761917119193036	0.7258585362753947	0.580748477037206
0.2524172697686262	0.27426568488969005	0.8262384325502887	0.6006377327966914
0.32973191666781543	0.2786413257954994	0.5990792931884465	0.6005147819650631
8.527930211296066	0.9127508958329353	0.9139834909878419	0.6246109559353947
0.40259503656164464	0.8745154627186911	1.0340447032011442	0.6552975361863265
0.6497045253139246	0.8580766517756548	0.9445833130472914	0.6764508185105178
0.2994968530279185	0.8182032326273938	1.0585203703905632	0.7037241377012964
1.18895752547514	0.8440543071704052	1.3084593724601241	0.745889550785332
1.5065408560245537	0.8891973153332986	0.9431102071141566	0.7593284794486914
-0.05744942582933166	0.8261233125941181	0.8196314284594073	0.7633466892768299
1.0757338428201804	0.8423934751451461	0.9789585081648522	0.7774007487742518
1.7636012966288845	0.9011631526039772	0.8791658027230107	0.783893056855665
0.1608857258084937	0.854919481692473	0.9004080334588089	0.7911717472927884
0.8562032217894013	0.8549981292009095	0.9477304948893424	0.8007523526100278
0.41595251645072784	0.8286682075455278	1.0178768424520501	0.8137739818205161
0.04709453181905632	0.7827146613343838	0.917779766660757	0.8198894032601707
0.6831714638376101	0.7769744001123637	0.9172000763600716	0.8255010158118763
4.322827413993633	0.9775967548864701	0.5888362179863427	0.8121109911955708
0.11121668943828289	0.929484994626516	0.6117294141945466	0.8009836033595552
0.42395024624679856	0.9019220035407627	0.6550781743540728	0.7930287672003316
0.04777629616776835	0.8561826082451753	0.6781817033048652	0.7868789724297018
-0.09520751599214672	0.8061287695112858	0.5503292255637717	0.7744336584636429
1.1736850961336058	0.8251329451038796	0.6002456932985287	0.765427201461315
0.07092958453423304	0.7867976610292935	0.4817797058520965	0.7510096714556918
0.21838078648221448	0.7583869198729647	0.6928588035049068	0.7481030644644582
1.3321447607136707	0.7865947971862435	0.7009313959444146	0.7457840508662275
0.21480271497056602	0.7589368877039893	0.5880001232572449	0.7381519816784743
0.04468503411106517	0.7249361382778463	0.662549884787593	0.7345529871034182
0.05064954840518743	0.6933393060046331	0.5294112321303235	0.7249402312786541
1.7282520570130617	0.7410893160051069	0.8378847168343644	0.7301513602966156
1.63497619332749	0.7817082246915645	0.646427355801565	0.7263470662957987
1.411217817771707	0.8098863199842927	0.8826058068389142	0.733341318001369
0.6286910017258969	0.8018947836147192	0.710247038264477	0.7323227643008074
0.8048548553384456	0.8020236124649596	0.7476491424662817	0.7329890977326301
0.05643197956080259	0.770078970438167	0.6017070435230603	0.7273646734698538
0.07052706371993644	0.7405286718879538	0.758826284555262	0.7286937294395188
0.6082235775361429	0.7350176271311804	0.6997188057915233	0.7274869490984572
1.8260115047321146	0.7798415294812946	0.6543726362997979	0.7244833221921478
0.2946800783771564	0.7601779213733655	0.7448115725863989	0.7253071881881232
0.43361839126721624	0.747118953739569	0.6888554134640532	0.7238495789507897
1.254785724720033	0.7671539006917907	0.8375143580079631	0.7283356219979122
0.2504697305399999	0.7470282596837705	0.7758270932990219	0.730185432286143
0.47713883831159487	0.736650076438861	0.7589811234817443	0.7312923058208312
0.31192099426908837	0.7205248289441459	0.64893771901987	0.7281655153998312
1.0068958888958783	0.7312611731142866	0.5886712602847228	0.7229356365961448
0.529641115899333	0.7237956596998387	0.639272838532829	0.71983792753552
0.8518935014622855	0.7284808705436194	0.6311146103528069	0.7165924639720698
0.19533118591591503	0.709214279639335	0.6801518343571114	0.715275111785179
0.6868872932649894	0.7084167705974371	0.7291290386936036	0.7157694913605293
0.719960289568988	0.708823878725354	0.8148686803267233	0.719266129962145
4.141528317665899	0.8285432337586982	0.7255411064961941	0.7194846077188046
0.711268715677533	0.824499841816486	0.6893206842930748	0.7184444151041578
0.3437589971871793	0.8081141070813984	0.6415890228998284	0.715824681976742
0.9088218708837283	0.8115080120356004	0.6912687629673482	0.714997063256956
0.49606748337797524	0.8009951958217838	0.7662450422127207	0.7167047684128391
0.633225287244239	0.7954652583572288	0.6497944483230413	0.7144992299366935
0.1804068329121724	0.7754127922449647	0.7215715897686321	0.7147297771930727
2.533701557255173	0.8321203960013999	0.7807574821450673	0.716858908368913
1.4648757501043157	0.8523108020453241	0.754691273821656	0.7180659623099259
0.45793691405888937	0.8398591028954328	0.7206251987828152	0.7181467122145326
0.21956127667437397	0.8204781366889735	0.6705601609918166	0.7166597304722719
1.3391422535144373	0.8365162487840647	0.6169836457626647	0.7135773543188295
0.2717333331353824	0.8192299108951411	0.512126725394821	0.7074114910056284
0.09079479879504837	0.7971596751906098	0.5143071678869939	0.7015605398921112
0.025406235177816816	0.7740109351918598	0.4533114870047592	0.6941142653668513
0.2188713348526259	0.7575243844617046	0.43289644169331765	0.6863566128032894
0.43514095566091515	0.7480442047770801	0.32539377206098496	0.6757419206712412
