-1.0	-1.0	-1.0	-1.0
-1.0	-1.0	-1.0	-1.0
-0.9368516134101296	-0.9635595058090719	-0.47800971722428776	-0.6987795746746676
-0.7723036603723132	-0.8703747758888207	0.2680631541975296	-0.227709106442893
-0.7661836454768716	-0.8265402577717994	-0.36197039364162775	-0.28419450215246345
-0.9787038863629941	-0.8828116749702808	-0.8475242947793141	-0.4925187059406656
-0.8624069636958636	-0.8760839267858341	-0.8853704829297965	-0.6220482338837715
-0.8268563123850956	-0.8614449994440474	-0.37488709231705186	-0.5485493323334427
-0.15166170699024872	-0.6692677759468755	-0.6423741971457547	-0.5739528553130717
-0.7600100534414491	-0.6918152575149397	-0.17999642191240428	-0.4760631449645323
-0.8369296758821404	-0.7251290093177867	-0.2185197035600801	-0.41693936412411725
-0.7738851262458326	-0.7355297010157235	-0.21434820077528915	-0.3737226547449194
-0.38519269045431737	-0.6657387668958241	0.3119441210529681	-0.23713038959501986
-0.47356891346124297	-0.6298326099939247	0.47556185201405454	-0.10396677700555446
-0.06204907454193731	-0.5299474998222871	1.179389768375056	0.12180272091679378
0.8934986972250523	-0.2933697190563582	0.9234541138799539	0.2550377853504946
0.5792784571916956	-0.1559315550129703	1.0478846903719115	0.3799076110982358
-0.30606870653821927	-0.1784003953182869	0.5303515692179297	0.40242214919115415
-0.43968342968854257	-0.21564799650604993	0.17344812802766274	0.36978045229623757
1.328052114587897	-0.0055506018540786295	0.5696691910777625	0.3969850938800277
2.0464998207222265	0.26163085793998087	1.1546994101331443	0.4956411638549423
0.909026431201176	0.34242187799682733	1.0441949593920183	0.5640973901386392
0.1788438665241714	0.32282286306393804	0.9208695609583113	0.6068446263826104
-0.18155418894704656	0.264708909542237	0.4548300868158994	0.589329673371989
-0.29196709617545746	0.20293907634036223	0.5121392996169598	0.5807648166434367
-0.3595184297426497	0.14275164260354267	0.25283267290949385	0.5456736131089559
-0.012591853784175822	0.12670098841834698	0.37727688281916794	0.528274363459432
-0.16834085486951533	0.09722972023511067	0.49742401484272514	0.5251928112056918
-0.0036620172878557566	0.0874761779146549	0.6653084089511423	0.5387379160276393
-0.19724824076498249	0.06080991650022338	0.43970369196308656	0.5294627691130862
0.04275851132840569	0.059170538804204975	0.5845241102874115	0.5344637704440531
0.6516923251715052	0.11140480127167107	0.7887153424771505	0.5568775003823963
0.7320177158210133	0.1645546892307006	0.9891355156028587	0.5938965128364291
1.1530447726195714	0.24686195532446775	0.5439162862444873	0.5897351458114504
-0.005274210058728412	0.22643443295193033	0.6481683555031719	0.5944692948234165
0.6575694455798855	0.2604462255429796	0.8602614793639836	0.615437465397684
0.23567946627695058	0.25854272649404697	0.5967434050628675	0.6140008439695896
0.8811798473518013	0.3052087498368481	0.5410950247225372	0.6085368313258452
0.5629610691050648	0.3240560807854649	0.6507201636137481	0.6116211810853887
0.3751938791594269	0.32770650179845484	0.7477688587663813	0.62133990723288
0.5162292467737444	0.3408514534881195	0.7359678564766157	0.6293325715131548
0.4888431179193913	0.35093580633437416	0.6946744529402356	0.6337850011562132
0.38671204206564225	0.35331958661024987	0.7305339070796317	0.6402313420503709
-0.056451013028166686	0.3266101249914042	0.6275037106952202	0.6394019839136129
0.2441601900862993	0.32135018959687267	0.5692763892764434	0.6349283093080555
0.20341419947286266	0.3139829747307441	0.622246697255419	0.6341361579730522
-0.06196492480617766	0.2909772628621299	0.5661468295781207	0.6299758889945104
0.24378414067786025	0.288147075934436	0.47198320568855423	0.6205009064045284
0.4723060407987818	0.29897520086429474	0.6402765379240303	0.6216639177999641
0.6932854047123893	0.32171400534757755	0.5708967461191352	0.6187366577465152
0.3946508798798367	0.32584082528927527	0.6349514091960382	0.6196542060582022
0.9163703416122864	0.35863450648479245	0.7963475323541851	0.6294666688804378
0.4532461045289278	0.36379333678043846	0.7999327279973485	0.6387613936432028
0.3028925223406136	0.36053239276707405	0.8979258674164758	0.652640106337173
0.5928093688795859	0.3727528719591964	1.0108730998308282	0.6714873093997393
0.6942899022353257	0.38937795247387097	0.83490478063172	0.6799368896360798
0.8385536955473609	0.4122086507266749	0.9380578318682538	0.6930564884896235
0.7377706244985056	0.42848058254136157	1.0633992858796675	0.711566596422684
2.159545399844158	0.5135849215364152	1.2579027749087368	0.7384260121370216
2.181938891192139	0.594284244057625	1.3005980525343896	0.7656186264644407
0.48029599599374007	0.588858099671487	1.022757137102726	0.7778593364311537
0.9443716167281977	0.6055177042770672	1.0082629041816644	0.7886563246917824
0.34923082222257773	0.5936925953216583	0.7448804649491398	0.7866362419491653
0.15372366299352058	0.5737001362209411	0.6803092927073087	0.7818046053720851
0.5619588566470457	0.5731745427644532	0.5841400723115495	0.7729566085370441
0.1167710783704865	0.553045109906456	0.5544248301386534	0.763318432196137
0.27124559049761454	0.5407965788065916	0.724653045550236	0.7616379179111195
0.4562910070958983	0.5371761752142143	0.6870850608643329	0.7584439761403479
0.5747949080792343	0.5387651879703554	0.7970287020874207	0.7600737842483039
0.4941752523392482	0.5369078790677504	0.6526468976606203	0.75559899065777
0.14710659007950388	0.5208929653974139	0.7409625370230977	0.754997737829068
0.3648942782895115	0.5145704592670828	0.6156903210297451	0.7493517498131792
0.17077768884051747	0.500822440186607	0.7026320284338166	0.7474836969339775
0.47094589639882156	0.4996437332350645	0.635075425640317	0.7430480123108509
0.7049182907852232	0.5076399803386253	0.7760129034282568	0.7443325667647909
1.1362620040422984	0.5318119576739915	0.7464948252643178	0.7444157413181478
0.9091247156564655	0.5461365275821692	0.6877202431439082	0.7422629288818541
-0.06246541616262491	0.5233191956543635	0.5462536453475939	0.7349141865475186
0.3517643055899411	0.5169667529183071	0.6130929571892283	0.7304033094878377
0.16112238663913203	0.503951030944203	0.6551780105451723	0.727651861999304
0.9322578444997354	0.5194281134592693	0.6167771180106119	0.7236448236954491
-0.07804017480534198	0.49809448466362016	0.5340698925600289	0.7168756007417143
-0.026721840949476938	0.4795753725829959	0.48269686271871803	0.7086120396253845
0.5401136512103148	0.4816867011843615	0.42424015330922726	0.6986941368397928
-0.14604495067915946	0.4600450558531195	0.49296462561919974	0.6916011631209222
0.026399629681442605	0.4452645579156165	0.435286276336708	0.6828647528197218
-0.03264530496606555	0.4291583362282567	0.4517095397309805	0.6750743943704607
0.12728667973063668	0.4190978255963993	0.5281880564067867	0.6701790159235863
0.5035646126407363	0.4218818378246847	0.5758530657147773	0.6670698951731864
0.38175249497688957	0.4205735022070367	0.6668915561060935	0.6670640585792413
0.42600882244623084	0.42074854583070254	0.7103077328219907	0.6684584474217006
0.7316763810787943	0.4306696500055738	0.7476758601484865	0.6709858966868918
0.9679315370728925	0.44763253580149676	0.7978688666042371	0.6749918157817638
0.6656702474623934	0.45444487683907364	0.7991665931000003	0.6788714545591783
0.5010793489470822	0.4558869236002576	0.7829788380954994	0.6820907006106287
0.4450540588001495	0.45555538652459737	0.7642944376508605	0.6846067337900286
0.448250083446891	0.4553339086300461	0.7187663880667159	0.6856415281151076
0.37854880655875167	0.4530306880936592	0.7654453377066277	0.6880351669258815
0.333100090097858	0.44946891685436374	0.5666741732508984	0.6844309037141043
0.15644628347823386	0.4408520288882505	0.5914121955976521	0.6816955234182569
