68.30143405373676	59.50750189120398	214.92177326437346	187.52260826255917
33.26351692794321	41.078720580075895	50.39506982218814	91.23031278277821
346.30078589201474	217.21057962275765	98.9263527004377	95.67139269228662
41.34585757111331	131.5248185926732	48.977863486038245	72.92111984558666
12.170177340851824	81.3108267117997	27.738852454514646	53.91237692281036
3.254571489959071	52.44495319313211	14.452969173875145	39.31994697967253
10.374302293208903	38.57358579062734	11.262773607882266	30.06904735655566
4.196474231401487	28.350769654136695	8.553283744059774	23.67084499662838
28.8763764777677	28.4930770715428	15.511312485222625	21.46161095539778
15.439734741528113	25.24960178341497	16.148654196685982	20.141454182605333
7.4791956361834995	21.17007264497079	14.950141642180347	18.949690531442858
177.59718738539613	54.53915122414772	11.106489592250485	17.276577573888638
17.149920754622553	47.09081334646235	16.368869095116214	17.095752934414413
17.25857545332272	41.516789194875656	13.71207023138912	16.46352765749023
12.063099377468026	36.335252381686075	14.452142124980824	16.10967945785069
9.216315337983925	31.82806513870422	12.102738336745894	15.443721140990402
20.50007459695616	30.04395858115868	8.985082327658626	14.426515052023158
7.479610314694602	26.667090451430706	12.403416397916654	14.12374663746961
10.91351681859053	24.421314995999147	10.777644866642673	13.646738930408459
5.695130705346625	21.87267968280318	10.610497588779428	13.233506712526868
7.134640228339249	19.95375619675243	10.580343874431723	12.888061114866424
21.91866451096432	20.198965831804976	8.711246774984577	12.36682258923164
21.74398443320603	20.384087529232282	8.957942681644	11.958387071152599
8.676031344414314	19.03509397847679	7.130585497198089	11.402131730848403
3.207853478100823	17.27886938119685	5.665517306711551	10.76558591145597
2.1657925963624525	15.661647180075192	5.224069039837802	10.17259900184373
4.293760305743811	14.487051127808249	3.8646954021076834	9.520830404718957
6.0266997535693365	13.641959064700222	5.547548074341705	9.123945022537933
2.667739404449177	12.581056170652323	5.111364321788201	8.736039187764277
3.996262762340937	11.77703481296117	3.4642267412139685	8.242299971977518
4.197515684953747	11.088639432473144	3.699394803419107	7.829699202910431
2.2531033979717536	10.309734821593587	3.104340122571882	7.4131311936206945
2.302939291220578	9.624025830052023	3.9343220083010735	7.115203065917367
3.217632962899369	9.090595761365943	3.6219130855596973	6.824333371177436
3.715042680321883	8.65508099106704	3.5965422501797377	6.562825646489479
1.1920786616277974	8.066336274265662	3.8131181328418213	6.345906006767476
3.2334113668853783	7.694838684301162	3.8190128607536025	6.151668838413454
1.4038296816386167	7.223336185685271	3.6703297180263528	5.965695968758135
1.4926196662113012	6.80429111598476	4.25425254499435	5.8405506613584395
2.5645509828786928	6.501643658083091	3.998066573320659	5.709027476564974
1.9490064237246774	6.184211379822231	3.8870889738959145	5.581993525924454
1.7429113077586909	5.8815731443270405	3.4178079413309987	5.434522380363184
2.9540493668572485	5.686515467626331	3.4866666679742258	5.304739082635362
2.215216442876513	5.460249761111181	3.360946076217626	5.178039054346479
1.192631490083782	5.187991856970126	2.6433878095911996	5.016337781749472
4.08967089095464	5.119382285351142	2.9602591441903514	4.887898686750584
2.7359486655763794	4.973529972953519	2.9083598651532605	4.766762471287216
1.0492882394321432	4.7381878808174225	3.151664131141562	4.669903134412414
2.166018477882162	4.5869538067874585	2.6138606009612135	4.549015460109336
3.517836734781616	4.525302524158181	3.0865953882710846	4.464683693811009
3.080513357845862	4.443558004456206	3.0393904345917333	4.38404223181563
1.3503426160384668	4.271785286758505	3.045667450595416	4.3097195672125945
1.949920310656318	4.145190362581158	3.0486464533758193	4.240962417218985
5.042621257677655	4.1932493864647995	3.171368089905406	4.183686618990162
2.5956704447273067	4.109198905708135	2.7503452386840337	4.108276869410004
2.916959099502714	4.047554388647912	2.9384366415942447	4.0477905127877385
1.000708225239944	3.8926867369950493	2.7365363052593743	3.981140680345697
1.9525393523911014	3.795713693671688	2.780289957511261	3.9211191162020063
1.6124802399391256	3.688379023619121	2.221963470340541	3.8375832358735966
4.502063854106881	3.727737467325232	2.6340845470482126	3.7793692591092354
1.3204324028301886	3.613141917565053	2.266369471344226	3.7073454997521313
0.9361793608107225	3.487699969546001	1.8828149522109188	3.6218483269878314
0.5535181033797929	3.3523192432350264	2.1994518122974793	3.5562203656443696
1.7226838838738376	3.2782680391264583	2.521510682256303	3.509202926836225
1.2584505827532615	3.18785592468549	2.29590047597709	3.4548925490864875
0.8597483722754973	3.085175929882171	2.518932946997701	3.413612893280497
1.5018409944068978	3.016355114004071	2.551449823188977	3.3761382629988796
0.7841805975071794	2.9207176118761464	2.3553241852065114	3.332401526044947
1.6251082398626884	2.8659890538619144	2.4631867145287183	3.295684746538967
2.363205487070008	2.8450456503923953	2.438982810497458	3.2599987535910806
2.619039630754951	2.8357608032754147	3.149035752599673	3.255440532135185
2.7486009471298374	2.8322280737728747	2.8065948627757193	3.237248684314742
2.42671597636153	2.816011998238953	3.7224163776447785	3.256650796082252
2.339581136158635	2.797210953674264	3.4323328861441906	3.2635848392681845
3.0074598521813236	2.805400409132859	3.168685040978886	3.259888304642006
2.5614268848996664	2.7960186658310335	3.527513801594706	3.2701785906903975
2.465064163181261	2.783453737010036	3.9575519115811133	3.29627518156353
8.812163585180182	3.0094786096805146	3.956258608303103	3.3210192047625213
2.3939341574554183	2.9866856138024294	3.7747285940323705	3.3378190635128666
4.175399590673046	3.030165738679454	4.146142467387766	3.3673855771436756
7.427390040781216	3.189064999778335	4.360882488337295	3.4032862042224172
11.073461636343872	3.470586547265918	4.879680558653815	3.4560016475152517
6.044529733978177	3.5614105291646503	4.812894517061703	3.5038803548032798
12.096224111521105	3.8590738810966823	4.900702909436532	3.5525963352723657
3.5676994230282375	3.84902763321987	4.628912484447535	3.589701918972395
3.1318123571847174	3.8245815925866324	4.294931141328885	3.6137383624290385
4.754692224188755	3.8559271344058246	3.7842444144770377	3.6194843962039176
4.366472093620333	3.8729411576992385	3.5418134924877727	3.6168951890384617
1.8726521866449586	3.807010158154081	3.5182369438852232	3.613643155359137
3.505819370479295	3.7971895964638716	3.5569279949004615	3.6117931005540758
3.943358914636719	3.8019035315711305	3.2010089758846654	3.5985442021732945
2.0972619408579836	3.7475099054466368	2.859351049078065	3.574957042314587
4.5308238101106655	3.7722407158952276	2.8272921709045153	3.5513502089172526
2.496211613379058	3.7323716996711456	2.88548439411562	3.5305453629839167
2.14657373000217	3.683335144451555	2.7525833120028493	3.506489045722403
2.0922701640675476	3.6346371414073513	2.968789814202603	3.4900312285082062
18.650212151289654	4.089577427864596	2.8034345950793744	3.4692289639688614
1.6840571167057403	4.017423598381979	2.8130342206696044	3.4495458858808625
2.405491171392921	3.9695524111813016	2.5784582229766047	3.423676330491368
2.1317273427776255	3.915507786873187	3.305111112482841	3.4201899482966667
