-1.0	-1.0	-1.0	-1.0
-1.0	-1.0	-1.0	-1.0
-1.0	-1.0	-1.0	-1.0
-1.0	-1.0	-1.0	-1.0
-1.0	-1.0	-1.0	-1.0
-1.0	-1.0	-1.0	-1.0
-1.0	-1.0	-1.0	-1.0
-1.0	-1.0	-1.0	-1.0
-1.0	-1.0	-1.0	-1.0
-0.9784198769659768	-0.9946378039450781	-0.8477722673522685	-0.962174685187548
-0.9888616641385584	-0.9933117843283015	-0.9365291887998727	-0.9562872891177785
-0.9805150432908152	-0.9905819803076924	-0.946265603057323	-0.954149460301019
-0.9559096768901362	-0.9836748811835492	-0.8156896655205202	-0.9265667662121418
-0.9020373349547492	-0.9684212599943771	-0.48067893544596485	-0.8432545595585285
-0.6828350972007402	-0.9181805605857118	-0.5104988104432586	-0.7847157319240913
-0.5922546827032702	-0.8640115226363606	0.08004400933320577	-0.640992245967323
0.3254384396189569	-0.6766786899472216	0.6735553879779641	-0.4339571401787793
0.28921650787069564	-0.5321275734051871	0.6204131256218521	-0.27616526607286684
0.005014973116282961	-0.455554168307151	0.8784929002598116	-0.11156075943448884
0.12451134952201226	-0.3766071131968407	0.9197938720224546	0.028806845996056873
0.535009313417506	-0.2579124979849887	0.7272903238110258	0.11975110741346806
0.13293956095295778	-0.20913648064611656	1.291170035333617	0.2659370243701682
-0.28550176361223323	-0.2182862033047307	1.2374219424925386	0.3823362951628597
0.7857045706011452	-0.10260679946741136	1.1846347066222611	0.47477689659523437
0.36870207768105256	-0.0503089915633258	1.0555186418273106	0.5392177844314392
0.5526808221835122	0.014216102752723003	1.5258800124983485	0.6447991232114663
5.568339718347368	0.5881023330090038	1.6791026390685135	0.7516699748011195
0.8486454465948179	0.61412748539335	1.6497408959787938	0.8413767856501229
2.555422242550957	0.8017967670328201	1.1350822204404118	0.8697699196241566
0.27090430626615647	0.7520752477297785	1.1691534024486958	0.8978091352194641
0.844441925666422	0.7604644673515035	0.8980894995551165	0.8978347991341527
2.4578161126193074	0.9100961920116042	0.8149682921447026	0.890529675493664
0.05270024381393501	0.8366679336225296	0.8731045373710424	0.8890371877163763
0.3449405933823235	0.7957244055656574	0.7802531789763396	0.8799796428797939
0.47598851915513674	0.7698201819018209	1.101758994229074	0.8979478625662238
0.8960566589099117	0.7797793290996526	1.1964921998758329	0.921500203095124
0.3843496001011655	0.749383627490793	0.8178397816577798	0.9135323425146777
0.25281029169685487	0.7121662548063534	0.7133175736096777	0.8985266860809502
1.7414424850612562	0.7874297460936928	1.0373108975188567	0.9086750346952885
1.7887578319882542	0.8589078489063751	0.958484624762354	0.9122305191507392
0.3288372606431629	0.8219488164107902	1.0605747442753448	0.9225740576793502
1.0722550503752442	0.8390051632308901	1.2906882749126036	0.9476580637610965
2.5901780593804706	0.955683941456495	1.5110459476224691	0.9851959341287562
2.8290154547661825	1.077791707974952	1.3697527756531676	1.0102623983874714
0.9065972131589766	1.0668704073743758	1.148952899412457	1.01911061355479
0.6022615300155731	1.0378471270360135	1.1781207040797663	1.0290436881680725
0.7389686659886554	1.019557737225469	1.094847580814306	1.0330708565441453
0.8236733852032605	1.0078104184507288	1.2989836970729445	1.049018199232869
1.9731435019813652	1.064568580075703	0.8775431597290579	1.0389361471598813
0.19355894161651932	1.0143407017145232	0.7379772257656134	1.0215811596974116
0.12935749594412282	0.9642692244173197	0.7536016175055504	1.006419318668185
0.8597449300895841	0.9584648876539092	0.8522285530388991	0.9978568973735211
0.3152775726702055	0.9233965952401948	0.8012744292871523	0.987138980580865
0.3353702424620253	0.8919079601034541	0.4299771628853948	0.9573031591867784
0.16391804413789401	0.8536075050205869	0.5591428899023385	0.936355409925268
-0.030516527507494007	0.8078940902290732	0.6309228076883626	0.9205629315119928
0.4609126948215221	0.7902573978224512	0.508554574117106	0.8996209968703595
1.0446823822016151	0.8029739001748673	0.5655725228227637	0.8829244082491639
0.8515888182256328	0.8053641347781766	0.6868293488041937	0.8732839121984046
0.28463051506225856	0.780175912140159	0.626945216277633	0.8613683386484794
0.38024434685545505	0.7611378319137341	0.5544625283589277	0.8467585784428611
1.4360163614336732	0.7927627622980018	0.5847923766529615	0.834483065171495
-0.10929460841496264	0.7511424522054246	0.5895217378170994	0.8231805930025811
0.8527435388372926	0.7557592522716416	0.5284909684043819	0.8097897547956272
0.2590732576216379	0.7335264260277137	0.41944284840444945	0.7923169544872806
0.009369395481295895	0.7015876302722992	0.47219106836215174	0.7781977226518653
0.6902276675087944	0.7010939722287415	0.4916621320793908	0.7657433565973315
-0.17636802257083672	0.6634991980258789	0.5452347263060728	0.7562958299922407
0.12852891052054605	0.6409013068126794	0.5968687384172493	0.7495616524969457
0.8108573855494996	0.6479809647355503	0.4198967807725351	0.7358294067590507
0.17790785580067725	0.6286682053936525	0.4084309103915469	0.7223784622102427
0.27729235495953697	0.6144272404022924	0.3858517683068263	0.7087393576556866
0.11185501274131915	0.5943296005644356	0.32660910759676476	0.6934581875322647
0.2116776772285096	0.5792288805825772	0.41702789200826107	0.6825494058005204
0.05267844324021853	0.5587192221825701	0.35170391875532303	0.669662813001227
0.5221215499640564	0.5573120172598374	0.32810685338075607	0.6565292642389069
-0.15974184763758936	0.5300884731052968	0.2800592606448804	0.6422361734996636
0.020373516354720955	0.5109786818010746	0.27495323771648783	0.6284663614960881
-0.07838102160390326	0.48915557776353036	0.35355267097269416	0.618286773538798
-0.005539154163021975	0.4710610187592721	0.335717415612943	0.6079511502709516
-0.09423042830679629	0.4506330245336685	0.3563444236279243	0.598858526038593
-0.0069146940243701716	0.4342953743578113	0.3953463003829858	0.5915915292914802
0.2911868097947272	0.4292454761440472	0.27887663578003274	0.5805567994233223
0.21484833633074119	0.42176783112075356	0.32890659044598447	0.5717798780565058
-0.3016846179907512	0.3968262089796646	0.27384079492136304	0.5615080164919373
-0.032140162008262974	0.38220529733713193	0.19396466877461904	0.5489806440163203
0.3922888338864856	0.38254486621897565	0.22836747351936526	0.5381753820990673
-0.006511608287502746	0.3695787369298664	0.31568701836502466	0.5307603964947516
0.19865934626957937	0.3639450926040515	0.3043029554909271	0.5232961781968106
-0.108114579631709	0.3485545841076587	0.23867307077963362	0.5140165013331606
0.20180975289686254	0.3438216483044787	0.11327866437857703	0.5010917827715506
0.1468073381315016	0.3375351634504853	0.08048761163179563	0.4876707621091043
-0.34282395904603824	0.3160539005071872	0.048849864901508555	0.473815558984769
-0.1965840805900403	0.30003678211068907	0.04560690193209238	0.4604363724034011
-0.3317521089630545	0.280500402998622	0.079164348336068	0.4486466001192577
0.4694991917520053	0.2862848374304079	0.15629344249330934	0.43969837876587303
0.03540259422984526	0.27868355876181394	0.18048161399901552	0.43184456985968356
0.5209053370934491	0.28594903243415537	0.12455187547002833	0.42262737776279735
-0.24907217388022218	0.27005987086145433	0.05023711381278284	0.41156800073116706
-0.08991265619825839	0.2594741504579088	0.09024057721804302	0.402118708682635
