4.069742976539619	3.4264235421927793	10.35211755579005	8.911603139492279
-1.0	0.3181456733149608	-1.0	1.951578553069183
0.7573103213025738	0.5715706319149145	9.816321206573638	6.4900181574698825
28.35897710145272	14.11030344547151	8.1965757507135	7.321497069958015
3.4608431154603023	9.629942148066421	10.458034354236089	8.641077932375062
1.7601679320226178	6.719631831003051	4.687093708732376	7.178860037040836
5.703643567070713	6.384644222334893	4.225600953011447	6.2051232381757755
2.735593476743595	5.299515447699362	3.070992925595304	5.27311770823398
1.2754619166922803	4.20998372384326	2.260609550355583	4.457466690446167
1.4871305129199763	3.5334137409724615	4.582936666433785	4.488643751473771
-0.2104984801816645	2.673928691689166	2.4410741039191195	4.018585604276624
0.20703900322889357	2.1476912075091925	3.626869074235853	3.9350246295124176
2.0722493721074846	2.132662578995017	2.0858870784660506	3.566656655114974
0.6705847965676903	1.8594795921724612	3.076745303839922	3.475118773046817
-0.08432135462021406	1.5175231106648157	2.1221617250484273	3.23710373659918
2.259070003512938	1.6407687494078238	3.92055471845158	3.3506938176740126
0.2336342181644988	1.4191513127804507	1.974815907014067	3.1339990340135717
0.5636564430507556	1.2911224596702189	2.445128227147787	3.0309065605129106
1.628989161189987	1.3392877888020585	2.383009614252562	2.938544766818261
0.8107594205853685	1.2673549440325806	3.655621697790834	3.0361388085883325
1.1191017169123252	1.2480522255105515	3.174893642027947	3.054205335397029
2.3775017877894795	1.389000419623779	2.6004657471075765	2.997581819870317
0.9127143377624856	1.3319342761888109	2.9317517258369383	2.9896951841104316
2.2905573707749585	1.4423868154590882	2.2602282783996226	2.9056471127815553
1.470926883461118	1.4455544160997085	3.287740784039525	2.948046341083919
3.649022857884967	1.6813445736056476	6.177264881346722	3.293600702751089
13.359744931223512	2.888028243964962	7.969414729580281	3.7767347834314693
18.74061754669046	4.471517739607801	7.38433190119949	4.137091399661255
2.371701104589623	4.268523903726348	6.14794371550177	4.331485369648599
5.882315996765953	4.419666915144948	5.629447936869841	4.453048862724804
8.845576128334075	4.821640355025502	4.972183287608131	4.500197511346438
4.396709419274321	4.784180926756733	4.026549088019372	4.458443295298803
1.778118105129935	4.5267393271652	3.7071525302114177	4.394102603238781
1.510807338408016	4.275616814773283	3.4833913236776732	4.318271866823958
7.412657674249045	4.529773870632988	4.532439539280634	4.335623751592574
1.6956063634417338	4.3061911140409	3.8108307201897675	4.29422441955013
2.880443540229032	4.196597555779162	3.614960849782107	4.2420118885281966
8.54043008057743	4.522162063665597	3.6136289597484277	4.1949155276418715
2.742277135708173	4.392012190466686	3.1767948240251673	4.120467852535005
1.928783112335227	4.216178549308559	2.4826270956205216	4.003553286076649
2.2234408661653293	4.077235102227299	2.3324301089630763	3.8870344253878164
2.658258943673211	3.980543252007779	2.5041625601666846	3.7928027955798944
1.3739653498804634	3.806869658595632	2.387462492674801	3.6991665566096845
2.1470578716590123	3.698680280770949	2.399492651806259	3.6144516529509456
2.641125264733201	3.631213132250209	3.0938201155527736	3.5812382825037163
7.067785970573704	3.8458898859165522	4.507414744874712	3.6390950179090424
6.0220176565670736	3.9790575398927146	4.396886490843145	3.685468287629183
6.169966365678724	4.1104510713256825	4.5073417519945735	3.734758465064334
6.50642155773836	4.251325303749019	4.3528230875348	3.771098334902624
4.102278836092072	4.242731287242661	4.595203076231917	3.8186226063131823
2.3687784516413535	4.136705082096497	4.339623682163267	3.8481012081570007
4.096669550065676	4.134481823041203	3.9825015056036115	3.855564739177355
15.38777236729982	4.748048963429948	3.198253931682471	3.8197268802406956
2.7124744721203653	4.639044501206109	3.1088474172462437	3.781660010853235
2.03271125137435	4.501922010925807	3.15374257200152	3.7486242017721487
3.4075007120697567	4.445335264262053	2.7727616092664826	3.698167503833856
1.4579396525320885	4.29348959985107	2.9023144348576047	3.657715235952577
3.0550810362605603	4.231591026102898	3.3030567336241097	3.63998832131925
2.9699729532037518	4.16956575582031	2.8641609244521153	3.601846058736589
3.9246836354450956	4.157720661510675	2.5249725053748717	3.549757020515358
1.748065408975687	4.043012819688358	2.829739295703288	3.515481187215392
2.175646675944781	3.9555088704116868	2.907307653669418	3.486982849231431
1.7194757760314525	3.8523399261824487	2.6322418010014474	3.447545612759172
2.3847675545338456	3.785652608092173	2.436685152853707	3.401611499341369
1.0421768032279268	3.6628479287907334	2.1012111053643925	3.3434027709242224
2.4310500532799773	3.6085200596002034	2.0389980286657665	3.285872596575027
0.8425637096940188	3.488295908087104	2.308773877570491	3.2434023651913755
2.046090586655812	3.426505096942699	2.481569508172254	3.2107621842044063
4.410213806574328	3.4680589909540203	2.3876794963079817	3.1759938496193154
2.4691015161610013	3.4264469469557985	2.6916694844050735	3.15581902175855
1.5181786516613407	3.3480462081190527	2.4894298859562936	3.1284409854483
1.6988291620496998	3.281203549646536	2.797039273260228	3.1150093721148204
2.323461708356986	3.242903554669022	2.902999358072135	3.1065310085259235
7.001470036623928	3.391232376100219	2.620088578704795	3.0873348377245087
2.1347412762486027	3.3422903902465757	2.595444372512637	3.068175191859022
1.2558590319615988	3.262062451594012	2.405814898665581	3.0427060443423244
1.8191244125928243	3.207280064076799	2.354243548087885	3.016567800043024
1.619734370842799	3.1477610907660774	2.356394846525405	2.991817268455682
2.4746270559633348	3.122835779147888	2.5653784070906815	2.976026727532027
1.854318098793648	3.076436668804223	2.568441747457428	2.961118013940508
2.077149659206685	3.0403253111923734	2.5177754869091893	2.9450965385802466
1.8269272153518124	2.996998351030902	2.626164956332372	2.9337077029471215
3.61947595710038	3.018963149092028	2.7399021207686904	2.926868696433677
2.886425141920308	3.014340137517415	2.4377705483897487	2.909810206292448
2.9248594579715386	3.0112545452617034	2.3798572072958195	2.891539132566627
1.852339021941726	2.971753862714298	2.1300619654122066	2.8655847250546866
1.852323587670218	2.934027444514147	2.2586643257745456	2.845130435698796
1.4422377388214271	2.8843103597327353	1.9765177055882748	2.816181737957177
2.3074384443246556	2.8652963801823463	2.1046096015125433	2.792727941282446
1.8884301304080533	2.833447834402634	1.9970920091963422	2.766787948298614
1.7291187974143014	2.797830275682518	2.2203526482703206	2.7491634719737372
1.6363660911316344	2.7607689250158796	2.0601622745843757	2.727177924412511
1.1455995022941559	2.7097726485093196	2.2282858505369596	2.7114260306089446
5.908941449155692	2.809728982016737	1.9980992142409617	2.6891386242086455
1.334025367008643	2.7640966335304102	2.1680339928560954	2.6730247340348963
1.9883507446951216	2.740353305959423	2.33031498410697	2.6625353001375256
3.128376318204505	2.752109775441696	2.321612995398578	2.6522062555846837
1.5461697933873215	2.7159375196539934	2.1494569243786072	2.637126123960378
1.5173125212335368	2.6803404902978727	2.118997069171863	2.621738429291739
1.0153671926125845	2.6313789638143708	1.9456630438807343	2.6018574772416323
