0.06279116533267137	-0.07207054783765743	8.815448589707787	7.569928062701024
-1.0	-0.7236716774049627	-1.0	1.5520408268192418
-1.0	-0.883130099343629	-1.0	0.07935645213779607
0.6209156375502729	-0.15032071702856875	1.2719114742265183	0.6603996717443525
3.6062085775491095	1.4300982545948542	5.096632976892204	2.5267786452283647
1.4692039808979458	1.4445595279723147	3.3709031094979363	2.8389424773941765
-0.00677596846857742	0.9660310820250015	1.8752442234723876	2.521196014433448
-0.5648496563524458	0.5107888747418579	0.9199592734019413	2.045031791064252
0.21113618055617467	0.4296565057856223	1.562945137747382	1.9145045872386195
0.3398896539724523	0.40735130394068597	2.7778168177165803	2.1290188040011695
-0.32925912879442654	0.23824858633301327	1.6252433752158915	2.0133676129006637
0.6890521140808734	0.33441393713133194	3.000559406416821	2.22395520995933
10.41752745264562	2.3430786525670024	6.750399051675502	3.1256714354214843
5.640722604103169	2.959229904407021	10.345766934666553	4.474716382858718
26.46563591918228	7.094505027056744	13.751011313835544	6.106612583783888
15.366645185201214	8.46933769607519	10.231860943370283	6.792229852451314
27.159551608074313	11.412959059300169	9.212882315616984	7.173470577948107
4.8896899777302725	10.436719218152406	8.951849182112976	7.439613568092634
6.933451428747719	9.937305138309526	8.993998791631507	7.661201636809686
9.082505159149905	9.82096561661774	8.649979052511071	7.795773239619416
65.16898017621206	17.027404135788643	7.32250831456893	7.734153905704751
5.2129517979649425	15.553038262327608	7.286311560246309	7.678267493224563
3.434748736011919	14.101077639408052	6.512551929238009	7.538597827673565
12.277261297458956	13.890941135600825	5.8735082609987215	7.346748559752118
3.1521266022872876	12.699339330200045	5.4165466957768045	7.13257033704164
3.1048504263046386	11.672651295499326	4.446515223939388	6.84514125630918
1.992050279057811	10.672394951639228	4.027127102555412	6.553968902386654
4.693097336359942	10.075130999675503	4.3942360124738515	6.33823564819213
2.586069438084248	9.351146647465141	4.4611031860537995	6.156769160723011
2.6348101014223904	8.722117736629356	3.485970649308057	5.90663105076729
1.560653554471886	8.071691749709423	3.883369054420802	5.722872477650533
2.4950781256273973	7.58007994386052	3.0827418811629466	5.490129055964978
0.8729058312466762	7.005671651084953	2.4915022854965456	5.233324152587201
0.8786347125797858	6.49550202627424	2.52586427747337	5.007886522061745
1.6255050209739754	6.100945896417783	2.293281761057984	4.787955803024796
0.9253714621215847	5.69265267912578	1.9413243406992309	4.563389415431854
1.4063259825487595	5.363171168153137	1.9020106657002227	4.358814723141079
1.6903002985299307	5.087894784599844	2.2225707590315986	4.198706491085896
0.578830889306192	4.75818031101047	1.764283790665318	4.020695314455752
0.5632741923407452	4.458733489705385	1.9263837129629162	3.871196134004454
1.7675824482315328	4.271092977646632	2.312195649106316	3.7624948551515054
1.423178326789964	4.077030717097707	2.1967197653397545	3.6558000133272337
0.28053841988949313	3.824074322681165	2.1740159034521573	3.5570706433989887
0.4026049529698916	3.6010566211791026	1.9276156795088388	3.4508597881235374
0.8188425918143396	3.423562332451107	2.3604416253466476	3.3812959544638375
1.6735999123073086	3.314245448369845	2.4320053147431424	3.3219956298026725
2.146586729382344	3.242791777261301	2.566564693603841	3.275768030151787
1.90371651489337	3.162485701846779	2.4407641828069524	3.2256918507860526
1.18774602302059	3.0463786777459676	2.691222013712597	3.194267784313803
3.2405630226932036	3.057577141001703	2.4192102817928167	3.1495733880185934
0.49076833572212974	2.912349581822756	1.9467219946751135	3.081517768416189
0.9928344790837587	2.8057550681491294	1.8944653104690574	3.015598549417816
1.1656861097591107	2.7163339804945044	1.8602112766367949	2.9526039788235168
1.4686939437521707	2.6495228661389256	2.3340412131679424	2.919480035342331
1.9103760025317853	2.6106347316143452	2.463488629305293	2.89548889794679
3.5585120388341194	2.659643579097048	2.90141197643338	2.8957944762583407
5.060827023355621	2.7816927781779066	2.724816631195119	2.8871038830049263
2.7846966474843162	2.7818432781357707	3.289831123524456	2.907233442195859
3.614019312052606	2.822754882076341	2.6752118279238237	2.895825891037182
6.073643207140411	2.9800023155220576	3.010954338917702	2.901394695241742
2.4733791150389104	2.9558855985464616	2.6547099602912123	2.889651897239711
1.0380579282715936	2.8660167842538646	2.693085814821343	2.880441210338784
3.0833212008633293	2.8760428311016977	2.3706456792678146	2.8569194657721693
2.0862843467672207	2.840155844352925	2.3840290713464585	2.8354311172903546
2.9552241732879434	2.8453071220939843	2.55180156895283	2.8227355991622853
0.46438805569507924	2.7402979730841723	2.0367049016478127	2.788068699314658
1.2564680520613551	2.6758023301132536	2.0543249753639885	2.7561760713719954
2.070513137407303	2.649868759678958	2.1487046736720457	2.730149005569425
1.4682905150295107	2.5999572749926165	2.2748279323639347	2.710916102802241
2.3015359790584164	2.5875261751299936	2.1312875709546164	2.686771229511803
1.6395094140442015	2.5485770175190443	2.2439449382547445	2.668577817929264
2.4539549380795806	2.54474246884652	2.3845391832751344	2.6570662117807253
1.0303016014174577	2.4841806833865	2.1299283446214856	2.635986654934873
5.828495581194119	2.616160110001328	1.9670918104142725	2.609589559707045
0.6630551907427713	2.540083876021228	1.844263987039493	2.5797791118881546
0.7429280056958283	2.4709789495407875	1.7069980797689959	2.5462183709287487
0.8418219600825325	2.4091268317029506	1.58739060286771	2.509815752535428
0.9360915686774252	2.353901070376608	1.6724502643708408	2.478422155123699
0.9370231274074843	2.301435891271894	1.5909862407261137	2.4455614012466698
0.9849011281436084	2.253280782404575	1.5162776729217962	2.4115708386382706
1.4260681079269615	2.2233877357028935	1.7133396200886826	2.38633870111046
1.402518499820541	2.194077150280562	1.7399771460420768	2.3632591602225155
1.7795610764305043	2.1794501501537358	2.0806187059185506	2.3532855892918834
1.544916366688196	2.1573194124241284	1.8879609720812134	2.3370561994138837
0.8560057306684037	2.1124555855845806	1.8081106669432665	2.318820191816084
1.0006040968262688	2.0745592387492766	1.7001580164917298	2.2977337199221433
1.417265653304638	2.052407251256335	1.8993639597645102	2.284307677964545
1.292809655192868	2.0270919577614572	1.851986528721465	2.269899381107786
1.198489277929617	1.999780450971555	1.8639040896202839	2.2565172387283985
1.9034608577930348	1.9966401405550611	1.5970519061109023	2.2350169713179096
1.9111063350916035	1.9938809842604441	1.7013085683292686	2.2178033094434104
2.9001766607048167	2.0227994708918766	1.6106889975589795	2.1984305403178874
0.9318695461148117	1.9883551832927076	2.0115153241549097	2.1925288438945145
1.3439386347178481	1.9682208611008236	1.9507120482349172	2.1849735412656672
1.0211290875910417	1.9389342579419466	1.9172405627008136	2.176694219377913
1.2135879003503218	1.9167335536717895	1.7499811792345201	2.163633746322711
1.0398267330674469	1.8901650652912525	1.9134769787394137	2.1560543921122797
1.4581166785260162	1.8772059124423919	1.6537905110038071	2.1409891386747684
0.6517753858731918	1.8408128901762741	1.5187286251377081	2.122508999328391
0.5350684564057973	1.8024148690347697	1.4872287746736004	2.1038272341587083
