-1.0	-1.0	-1.0	-1.0
-1.0	-1.0	-1.0	-1.0
-0.9528560295300478	-0.9727950346507582	-0.4992229081825572	-0.7110208729816088
-0.9676149299119075	-0.9702711534437073	-0.6958674078419568	-0.7036376959054549
-0.6331971233797431	-0.8284598637704905	0.22420131745773797	-0.3132841252065327
-0.9587176539174133	-0.8766303155682517	-0.8537207573552381	-0.5131422406795977
-0.37558306613767434	-0.7114270641184637	-0.12023133107950856	-0.38359328977801366
-0.42546925703137706	-0.6263911140422382	0.2850908038454405	-0.18474510715885661
-0.8693874408524528	-0.6921835378507498	-0.6569076306781292	-0.3125853876742638
-0.8505761367938371	-0.731540682776862	-0.3257030620620902	-0.3158448735809196
-0.5495415519485778	-0.6897594038699859	-0.20342107800535114	-0.29003592873847617
-0.42803126508868683	-0.63392751347801	-0.047928306892648265	-0.2383895049287844
-0.8725208913268503	-0.6814578895069522	-0.5577793220714236	-0.3020153989675719
-0.859806727959148	-0.7147816149292086	-0.5281341302357567	-0.34426474601233414
-0.7119613329656395	-0.7142855232683492	-0.4837477344101564	-0.3688028915902205
-0.8051620112896998	-0.7293892909115467	-0.22543419273732468	-0.34497505129105055
-0.895349022798233	-0.7555272088787256	-0.3721184248168592	-0.34925005789592645
-0.43865603496051986	-0.7081058783513499	-0.09372902755202006	-0.31101009350003606
0.5640549619593733	-0.5267508143056343	0.5010140753412868	-0.19525057959945336
2.542701585112571	-0.10899850634647301	1.1554742015452515	-0.011417090103340355
0.9122494046179024	0.023970426500943942	1.1074016018325974	0.13425579444363378
0.46220759562972535	0.07865983615778838	0.47084019749874817	0.1762596005675241
-0.19502264517859003	0.0458685037708737	0.4045788917709183	0.20361606075693595
-0.36822441828182895	-0.0018428666810171856	0.5714605140025	0.2459992019033579
-0.18999016603169527	-0.02271993249564075	0.1166477988865795	0.23164632489205417
-0.2169972647645454	-0.043509151906916066	-0.0366963759904525	0.20293151603855497
-0.5031781376495413	-0.09100483010008753	0.06689539074032669	0.18887557757597873
-0.32628244977428345	-0.11450648822474085	-0.06775563126066708	0.16324089291155097
-0.5167663112189746	-0.1533938445228341	-0.05140726082391456	0.14249038509105394
-0.6922142024076288	-0.203857885944129	-0.08587449215133125	0.12110247965240872
-0.45456889858706007	-0.22662816407603625	0.05720999272837979	0.11529969368332815
-0.22081082279838848	-0.2261153697036361	0.12834460770112055	0.11644962412438531
-0.4492304488060924	-0.24522306794149362	0.21688471654489705	0.12505114434572673
-0.18602210968282018	-0.2402936467489183	0.2516973266923137	0.13559643125265608
-0.23311314218242363	-0.23971178341279042	0.4038564723733824	0.15733049402560328
0.01576240910141502	-0.21955772794675654	0.3559712840012479	0.173001075230663
-0.17038062134369103	-0.21577738407932123	0.3331978825828379	0.1853154130206205
1.1405007125497715	-0.11412577729528661	0.2020380945366722	0.1865689854295689
-0.09353731081743111	-0.1126202543591085	0.32102038592000914	0.19640048339985006
-0.30369062293775007	-0.1262595205279997	0.2149755845787571	0.19772642583361066
-0.11966411400729293	-0.12579961504631065	0.3698275247058562	0.20972624196032363
0.0893091419090617	-0.11114165155997247	0.38176008611793044	0.22144901200919076
0.5041046091369263	-0.07014810580067443	0.33538049161541394	0.22904041045447854
-0.09021284191008205	-0.07145589969023214	0.34189657525535266	0.23639667736286096
-0.08720189115775545	-0.07246047811470224	0.4665175971717437	0.25107744523269226
-0.05087116829822402	-0.07111169835010211	0.4931458317730546	0.266199233265106
0.6030645844005931	-0.029855848821044417	0.5162629207256266	0.28150178384645574
-0.2829661596167854	-0.04503515992631413	0.3276962059327564	0.2842722558219035
-0.022439908059978753	-0.04370653974196881	0.30501419410177943	0.2854919419435453
-0.04064311235047424	-0.04352968873768992	0.43158225641585846	0.29391674404025125
0.5439201311923723	-0.010292128438053938	0.5333925582085774	0.3074662214709911
0.2717702489677045	0.005371684156845413	0.8359808074007524	0.33681617574411904
0.2497453755828376	0.018695880658428976	1.1931934604254635	0.38350884129642604
1.4416734170107421	0.094897098130307	1.3705867793970294	0.43636758339387316
1.2591067508368603	0.15614729740198596	1.1226803898720226	0.4724750841472194
1.5102930150136498	0.22616254630335564	1.0890703722186195	0.5043556272150667
1.0784328468856765	0.26948264298861946	1.08277565717726	0.533756252244407
0.522253356474528	0.2821166432136559	1.0666297321096705	0.5603903719451702
0.7175237522915099	0.30352252237113464	0.8925247889588284	0.576719028231077
0.14868585305388837	0.2960328441515847	0.8474574189887552	0.5898145993948158
0.6671942625551981	0.3137015110847412	0.9421932630316872	0.6065891773061372
0.5041269880700818	0.322624915684117	0.901218485648092	0.6203955800433607
0.7060520179586003	0.34031602158399465	0.800241099911569	0.6286935937091216
0.9245928983292302	0.36686582288600156	0.7836720946094697	0.6357358737780283
0.3057903542679272	0.36413219473789504	0.8323900051296733	0.6445389930809275
0.4131836653933829	0.3662957331165635	0.8605555775457427	0.6540665054104162
0.3287961563740196	0.3646659371136487	0.8780787880754921	0.6638035608817261
0.6399907308950248	0.37646224620360846	0.7416064333571759	0.6671370434456363
0.7095368383457368	0.39053192006496595	0.7188549534304016	0.669321703102778
0.14505983071108486	0.3803068617547507	0.5142664442745213	0.6628630439815075
0.10005214576796706	0.36879270586543633	0.5681752951381929	0.6589729407750666
0.24207592056843596	0.36365696161961925	0.4507911744400217	0.6505354371249652
0.2557999332211931	0.3593437855967849	0.4472252581879035	0.6424051111478342
0.00771156530126893	0.34546723489384323	0.4209407856683236	0.6336655574588146
-0.05467166508100607	0.3298814079886061	0.4630822322656154	0.6270213484470477
0.0355710050536302	0.31856434174199433	0.42191628770307066	0.6191343679169747
1.0053075473412139	0.34463710065701303	0.3141158527425585	0.6075541770917217
0.042223694217821794	0.33329925824892404	0.41186142547267934	0.600217438358666
0.5881079613281928	0.34273444568846445	0.4080145933197228	0.5931004221495093
-0.06385906161412314	0.32786235655071305	0.395297623482318	0.5858652806729969
0.10830312921270546	0.3199281300492729	0.41456479771672416	0.5796749349176686
0.493489957270546	0.32612527174281514	0.486325556059382	0.5763415970274843
0.36202959849904226	0.32739191948444213	0.5346731391897988	0.5748709268510448
0.557356547716811	0.33541182684464843	0.5620634814340919	0.5744238107618611
0.21361955808972866	0.33121289908745233	0.46711553393934446	0.5707242161377934
1.1817256740368491	0.3602015243561565	0.5620460773722238	0.5704282424828719
0.6580045452481538	0.3702375406817564	0.6571456625503209	0.5733504302874968
0.9893760700648058	0.3908710467808103	0.7253706115459062	0.5784164282006519
0.39546847657886874	0.3910226028803021	0.717260091331809	0.5829928359947569
0.257275184426923	0.3866620451759968	0.6135590757637501	0.5839892992369751
0.9105093990686639	0.40355708863756967	0.6571149818562578	0.586347664780263
1.0102650632829007	0.42291615757395795	0.6185872215707571	0.5873760857587631
0.5831388126963968	0.4279746383890004	0.6438251635875638	0.5891580903589289
0.32217232172564314	0.4246689300422084	0.6203406685989767	0.5901324004138209
0.5176050449269669	0.42754274879469123	0.5899935441935467	0.5901281191975734
0.9239045240233916	0.442734693898609	0.6172408673054637	0.5909578173799519
1.1119234685665251	0.46300931734881345	0.5855514269765134	0.5907937485498693
0.5222264763037678	0.4647855426155467	0.6047232412969294	0.5912115735201406
0.6551661489622171	0.47043953622288326	0.6541798762169049	0.5930816726357586
0.6056491314568537	0.4744156734453202	0.7339514458559184	0.5972242613091283
