-1.0	-1.0	-1.0	-1.0
-1.0	-1.0	-1.0	-1.0
14.144130231604832	7.739093534555554	13.093750362075054	7.132959818967306
3.284384745328512	5.568646302804196	10.983210790012125	9.008900238268529
2.522131243013119	4.286939505096837	10.484543057090534	9.629722537063188
15.979008343786703	8.61076426787317	9.70380735657044	9.657118097350036
6.66290747277419	7.968524799805847	20.664994564867406	13.286591401016475
61.70767218527751	23.94907902346718	25.040436889897293	16.781863345740692
19.056137680599637	22.624289566888983	14.835694429957892	16.254927043786015
53.40145242115705	30.27174931644482	17.977249988441997	16.682886980013482
12.079628950988267	26.09540797835038	10.868736946486656	15.348139968228235
4.283177106704942	21.442417231677755	6.591883635999662	13.48025272721153
2.4674950021736017	17.662407746635402	7.233345418609373	12.235801305431782
27.88574285427013	19.57259758531262	8.130046441505877	11.468659704819437
6.878549740386271	17.339442078808897	7.717563008405023	10.808760744336402
11.186153659863354	16.316761257775998	5.924443628535545	9.996983865076473
0.958339998424729	13.897879318409226	3.446233773573563	8.965270720190002
1.8839087712393447	12.099928584019636	4.917364417184582	8.35948095964621
3.1098675975431	10.818335446074338	5.244794646511689	7.915461588954477
0.8976164316349855	9.468124245301901	3.4043120499827504	7.301492942843824
1.882066426588576	8.480403412009958	3.4577088269245326	6.801024550243844
0.6177239063716324	7.499192414485369	2.4495803915414234	6.257993309397964
4.006461965992064	7.080708683442204	3.364130867717823	5.911263341632962
1.2138891597729797	6.404737839402992	2.666174154386558	5.5373666454658546
2.1641694988777207	5.9341955621541596	3.458828188132834	5.306728216648691
1.069239727874328	5.413606070538131	3.477036523983779	5.110937297568183
2.5135424325482503	5.113955129746386	3.8504200172511442	4.980694387377739
0.5366074691516762	4.656730642191633	3.0860617766552174	4.791442300248291
2.9757327418593342	4.49422495320235	2.3722476777456274	4.557573447773168
2.080898176873228	4.26820153960098	3.8073601135205113	4.487311572222321
1.7587629080309748	4.04028708605013	2.732435765056812	4.3279289897088224
0.736645333396994	3.749051874485411	2.605601414778946	4.1760964741239475
1.901748165125897	3.590846829116863	2.829528023970364	4.060774746511168
0.8330226917922057	3.3612158718782723	3.0805156309839896	3.979153353783275
2.004925200408859	3.2513322531948896	2.743038590495572	3.879006165237616
2.1189771304037186	3.1620027424057486	2.3309899361769557	3.7568857949759664
1.3890496579620613	3.025719368667617	2.429096123674355	3.6548214057737924
2.6890719326874035	3.000488623097203	2.6541003594219594	3.5798192422510784
1.1367022678940115	2.8642036686036634	2.6506606213886417	3.5118767187201314
0.6397374296933755	2.7054135706322104	2.366137894029177	3.430089829239443
1.226032498607848	2.6022637457261704	2.28707484481384	3.3503931625321606
1.3758209129348122	2.518691780894091	1.6505691009517407	3.2345641258765045
1.1871736049383337	2.4299742601700065	1.751753783855385	3.135766216845961
1.422802838599091	2.3643253037987275	2.1412820667609265	3.0709443428764986
0.6181370672351787	2.252925425194872	1.8528290467198048	2.9932337244999685
0.7174003955928303	2.1570041826518045	1.8931041032575262	2.9245110162143573
1.1417617467336711	2.0948771979047525	2.2063086385780664	2.8805612636682394
0.7146587606336137	2.0121035410350707	1.971485839605816	2.8260426969978294
1.1633231921275136	1.9621985712842718	2.408929741441278	2.8015183293584145
2.8701414570392867	2.014557077291832	2.1793576150216563	2.7656410476348543
6.200578219147139	2.2514000199485826	2.6105554610010024	2.7568670963265682
1.555809734667248	2.2127728412889063	2.905475447266237	2.765120272304754
4.84869910416308	2.3564931419901414	3.1271841775326887	2.784862141343863
1.7977125742243585	2.3265709922574733	3.3654533559550313	2.815953767044752
2.504672371177919	2.3359406684465727	4.230816751267255	2.8903906997519426
4.597227503974935	2.452859216166227	3.9597369656063464	2.9456804651378916
6.198848006288943	2.6432626044581795	4.179894476720185	3.008413604544444
2.900814059240263	2.656135396099276	3.442635448124392	3.0301167286501993
3.6519597086542737	2.705093311521316	3.2254736337839773	3.039721133843602
2.755031043663222	2.7075089954486358	2.8100455873401993	3.0286117522739984
2.3314992244033466	2.689610020083205	3.30631656454782	3.0418317884495787
1.73089151869108	2.6446851530110718	3.2501632093119994	3.0515949126110042
1.6090934843689042	2.5969041903225683	3.377423266587914	3.0666291092506546
11.812490959897637	3.015666723624742	3.570425823358039	3.089522543658429
3.3110155459045796	3.0288881353442703	3.668217406538065	3.1154273224542273
5.168822803039954	3.123270224208081	3.5763229113184822	3.1357557798569387
6.287417492902621	3.260803426124447	3.879025110838243	3.168063420602155
2.38534489627112	3.2232941896142053	3.238569271158174	3.1710839787010316
3.4058248613797586	3.231004285941581	2.813566846504629	3.1559815249880128
1.3496808583646849	3.1526369789120183	2.769455859204269	3.139880475876713
1.8973225734480188	3.1010626283176013	2.616899400339385	3.1183940570382926
2.862449695315232	3.0913917505149024	2.9700270566859555	3.112380847140039
5.1280009828054345	3.1728359674125715	3.341541099201832	3.121545385684981
3.0073740667054647	3.166306552883598	3.3895331442060934	3.1321215712742605
2.9410523228377916	3.157532882054075	3.267909684724347	3.1374110537589113
3.110453740085492	3.15572187619944	3.151129889028925	3.1379378607502497
2.560771623780627	3.1331335319555293	3.0912693710517427	3.1361653191818952
4.091376218676077	3.169059052767926	2.851559982819383	3.125494924419624
1.9154818283439137	3.1226406604507213	2.7718824824256516	3.112400897223421
4.48828697886047	3.172591362013139	2.9430840062323957	3.1062072109591847
1.833087962937313	3.124186053496871	2.7995571182371606	3.095125666806508
2.287302804723907	3.094302973977909	3.0110490391058544	3.092122530896969
1.8739926536229636	3.051241397501074	2.9205859097112596	3.0860682730263784
3.244290287600121	3.0579733346283966	2.750010336876725	3.0743469622900292
3.0055926949367677	3.0561666698801737	2.677158929062126	3.060652899054042
2.08606717858666	3.0231011542078257	2.5225632159195035	3.042311921365588
1.3045099673578697	2.965182293227565	2.4288155241027183	3.0216358600537943
1.6331880962984346	2.920790816920851	2.4544252136635927	3.0027320606762853
2.117228997345042	2.8943043441900054	2.526048698556783	2.987019653395131
1.7095892392557555	2.8556795888000086	2.4058698621671004	2.968072620658566
1.9917606503607321	2.827816157960769	2.4445790776344793	2.9511885581836355
1.424623308171241	2.7830414441096814	1.990563413741298	2.9205356970510934
1.1852354556091127	2.7325935373585306	2.1908410486388696	2.897496849718484
1.1615514449899162	2.6835070608048763	2.037565842075297	2.8706285501802467
1.1910115316805592	2.637355434195502	2.3345759649172093	2.8540523739647616
4.797588889043487	2.703473720364019	2.175731973319088	2.8332911579430737
0.9296505813045917	2.6497307104374546	2.221249114133884	2.814747621211627
1.0504633618692534	2.601760791005719	2.07331459488294	2.792508395679878
0.929434726076007	2.5520961391794703	1.937701057814183	2.7671225120482026
1.577791520645773	2.5234450429443056	2.0214351960404744	2.745194389300635
