-1.0	-1.0	-1.0	-1.0
-1.0	-1.0	-1.0	-1.0
-1.0	-1.0	-1.0	-1.0
-1.0	-1.0	-1.0	-1.0
-0.7420908403108906	-0.8914943825532895	-0.48396867532232324	-0.7828991511061885
-0.44103046600588813	-0.7249090304962275	0.10988613310810669	-0.4527396304321979
-0.3889170364513691	-0.6141271550386611	0.39066642121944395	-0.17465529884484887
-0.8926052642698515	-0.6969389562635121	-0.5666420472011853	-0.2912214884748934
-0.8817966099049822	-0.7469900509291716	-0.3058147286612899	-0.29517270168715026
-0.7322500402645464	-0.7433274672355746	0.4211641072662837	-0.11717843016637808
-0.35202646721455877	-0.6534970298709928	0.6591372164478113	0.061039285553361244
-0.4451645935694779	-0.6090554926638728	0.8059479373265497	0.21994341684766794
-0.6716621004222152	-0.6215274132235346	0.2905102710605243	0.2340010650918558
-0.07767479470882754	-0.5199108670807857	0.41718456851699837	0.2682281406879252
-0.02835513171601045	-0.43343575656346944	0.6973813998666487	0.3437252672343374
-0.4027542321245595	-0.4283364505118157	1.0166073552099308	0.45555877943479217
0.053023363442058935	-0.35252448198213915	1.0490395290566625	0.5490292585821255
0.46260225665978427	-0.2305366013997029	1.979720571423742	0.7631395517897321
0.8665124487506193	-0.0741450296991879	1.9297459054864587	0.9294469358975777
0.2551202564326698	-0.029332203743782093	2.024471682126629	1.0784794026724844
0.3099440234577635	0.014842235990509156	2.089328061941025	1.2100939495142247
0.56975621392727	0.08409202151566442	2.006981353770702	1.3095405614913846
1.7732131846138293	0.2864758745599101	2.751321274032666	1.482289357278654
0.8222106525245452	0.3482030936697822	2.8437225549651397	1.6391532365784531
10.22708627190569	1.444388399009803	2.403484924492463	1.7239659530135443
2.050206406648097	1.5092161651821607	2.330406138615266	1.7888603245973456
1.230212739341014	1.480388346328394	1.802117015248574	1.7902306827222367
1.4163693256312486	1.4739933985245126	1.8216083627542194	1.7933647392539505
2.4494174668410067	1.568289753296371	2.2469473913869225	1.8372135146410336
1.2931832271179875	1.5425244815018844	2.020730367768537	1.8544013751696231
2.4341344104858735	1.6235027403185849	2.7813608738188744	1.9385901408623973
2.6519771175159277	1.714168943399263	2.344237532624208	1.9743504398094047
0.35063459440412914	1.5973947345561164	1.8258747443018142	1.9616350400060574
1.393865287891885	1.5804482197476775	1.875532664853902	1.954466209974425
0.8017808386244305	1.5173626119989376	1.9650291700319698	1.9553225821430131
3.9826718468630444	1.7118469903099784	1.8402042776874823	1.946240985386416
1.3464203254992047	1.6837574409025278	1.9699199704801331	1.948061295031155
2.82687153460452	1.769432633248483	2.389700428861715	1.9811618544686715
2.3247436435445543	1.8100382910800876	2.0693485731496755	1.9876101686664875
1.3301001020022833	1.7757786776457487	1.9771259480899297	1.9868617984956267
1.2679152049984297	1.7403680873918663	1.9265872717408152	1.9826594159526598
3.6653028441555495	1.8715365198185054	2.173032353504084	1.9956316122026023
3.3764845661078224	1.971809758743766	2.120140155682628	2.0039275078238417
0.8958640337697557	1.9016777577387134	2.092532555418795	2.0097031738987052
2.567643888599378	1.9441642515734592	2.261521337098281	2.0257685704100177
1.1273767504122114	1.893141182054506	2.442326459900309	2.051790477121129
3.350905679945182	1.9823484146573178	2.6399789849248814	2.087784525301222
2.0731236745664736	1.9877923965805775	2.351269990501042	2.103586185945929
1.3667692982683484	1.951278911723795	2.050625230626605	2.1004728074236017
2.4420850260648446	1.9795824883081492	2.0233976954977413	2.0960286152613197
0.6699802667791568	1.905486690225266	1.7591235844567565	2.076967491404385
0.6597365048975576	1.8363076683986868	1.8487622379728545	2.064294972783994
1.5628558707374434	1.8213984905317036	1.6939038416902532	2.0441003760997427
0.8992972667793115	1.77202020444998	1.5483857856505057	2.0175552297309003
0.9412508712481293	1.7283121943718114	1.6562481490382726	1.9985460816585818
1.6489402481202555	1.7242080969028941	1.784448271085977	1.9874760247064822
0.36507365866957886	1.655124965301301	1.39396019232362	1.9573083436207255
1.3818528194429511	1.6414664161064927	1.4596737443915568	1.9324356945607062
1.0106960897537158	1.6104558928820945	1.4087582367244682	1.906690222354749
0.8647546707252383	1.5743859302499663	1.2911887675346518	1.876918118984518
0.894928815083736	1.5420417554684018	1.3460147604992687	1.851645624073544
0.7051548175999702	1.5028252650989913	1.4203221236087216	1.831433695001865
1.3992610081495007	1.4980466203222353	1.4888167632728058	1.8156253349647784
1.0529584646642336	1.4778216138965021	1.6538521060144307	1.8082742969677517
1.9209221266668384	1.497656103610554	1.2988979281591528	1.7854734351474493
0.5908003721160489	1.4576596114094778	1.4824430234420194	1.772108420549614
0.8128304846440502	1.4296318314525425	1.78516312029388	1.7726760897092668
2.2190221763536053	1.4634536046617552	1.7680446789215383	1.7724779496199599
0.8506260991329317	1.437566952405084	1.3703265625319045	1.755490717828843
2.3285744054632964	1.4746828196868234	1.641678197949989	1.750750323137932
0.6469511632861802	1.4406757903801668	1.380913158490913	1.735556000050785
0.9223062741317423	1.4196662395084325	1.3037552060192668	1.718055067482251
0.40162855013740506	1.3789552574690296	1.06415482209722	1.691905917856758
0.6212874047343355	1.3490549624986552	1.1308000702999803	1.6697627531382055
0.9742597814312346	1.3344563825016382	0.8873756471999663	1.6392878607275376
0.42516621021616974	1.2994919859478644	1.0611239617462793	1.6170559602474621
0.6774501571246567	1.2758756204220316	1.1730251894776957	1.6001978745192211
1.7038883537154867	1.2919221722242216	1.4238737696140227	1.5935870809061834
3.6485312482182373	1.3791840394051151	1.4204398612173765	1.5871756654814866
1.0045905977434852	1.3654825788837637	1.6903055519673003	1.5909480070298718
6.474768364472782	1.5501135490411597	1.5821536325208747	1.5906297428377636
2.2831586940415995	1.5762873201891008	1.4484102213768377	1.5855510159075092
2.362671470926614	1.6040355876262038	1.6626980278953565	1.588272826136802
1.4678113533465083	1.5992844050748247	1.7078348741459846	1.592442538432576
2.9213123507408367	1.644861988055128	1.4901752446957417	1.5889166710310447
0.8133520908755387	1.6165207163012112	1.3363764809098337	1.5803089871334652
1.157391128237867	1.6010470672790595	1.2627819035320749	1.5696074840937135
0.6496999341015446	1.5693414263265049	1.294159144294572	1.560427279627024
0.9694704862413794	1.5495688331928927	1.0765188782822963	1.544476866265688
1.0773222445798716	1.534172254943619	1.266760023307218	1.5354224309699345
1.286212308863698	1.5261746701458865	1.2081158071500173	1.5248657670433343
1.0001732749610057	1.5093903973779352	1.1973425768662742	1.5144147306579563
1.1814244964946496	1.4990354008703273	1.0643568822456002	1.500204901165314
0.7939816893005469	1.4770064096749929	1.0402484720221294	1.4858338317078288
2.8877892577810473	1.5206313559819806	1.0046353192982513	1.4709541109175581
0.19846656894946135	1.480163968376821	0.848614953796103	1.4519062508470482
0.8767187717280469	1.4618807586256235	0.8208118641237332	1.4327853337411276
0.7161337847173008	1.439511945366259	1.1175299719263174	1.4233290492248285
1.210462211064748	1.432709587083869	1.1608514757637112	1.4155339506882303
0.820531923639932	1.4147072333678863	0.9050191021157716	1.4005211855068187
