-1.0	-1.0	-1.0	-1.0
-1.0	-1.0	-1.0	-1.0
0.4237718450336172	-0.1783962408829376	-0.3254717512856402	-0.6107557915915374
-1.0	-0.57870247305236	-1.0	-0.8004054624124327
-0.17413001653917326	-0.4084937038873908	0.09930257158924638	-0.42188692864377575
-0.14748924953386844	-0.3119722008027974	-0.014835971862818043	-0.2713562045141248
-0.7903562856610924	-0.4697030856518015	-0.11123832832693781	-0.21856276055861767
-0.4642395973893406	-0.468078445253571	0.961765254990314	0.132434417360086
1.3256071573781512	0.017570243835561827	1.3106639155743087	0.4514454349495358
-0.6344843418634174	-0.14445122190511672	0.21100373397311545	0.3917009055631906
0.4473065847690485	-0.008602186179212157	0.2623085089682502	0.36199644454907265
0.12447904193191417	0.019786662446194203	0.7098740956976284	0.4362056812185895
1.1410494318175788	0.24315440119265852	0.8786037671052191	0.5243362314891098
0.3499249257956023	0.26310401526079596	0.39034365891109624	0.4993002925690637
0.12194292308104382	0.23827048490620628	0.7384322823239049	0.5413683100041313
0.2696773552236431	0.24349026842762855	0.8104509769124684	0.5860899464023326
-0.0712206907050823	0.19392469373119492	0.7187476589699158	0.6069829077830233
-0.4277128206429187	0.10089358805328996	0.5625121432721671	0.60032775779878
0.07887658821229082	0.09775479830141798	0.6921692781495432	0.6134201904722474
-0.37391862380159535	0.033559979489725	0.43178499590724884	0.5886995825808647
0.39550240253452085	0.08068575288418356	0.48257746473207686	0.5748823367897484
-0.41607788051661576	0.018692978903222857	0.5188950395835283	0.5678957493818124
-0.18925582267460073	-0.006222368531091371	0.6346143646164717	0.5758900610890114
1.239841355451023	0.1373484334475421	0.6014521224564344	0.5788354263962825
-0.10929843020166496	0.1099800805461626	0.246975871516115	0.5420117362485537
-0.44951193821351654	0.050109979283589734	0.238012767785738	0.509481611879719
-0.3497663923094537	0.00879256237709769	0.24914217972717245	0.4825821572652371
-0.28347747905568976	-0.020401921413424784	0.039552833970392554	0.43832852407433975
0.09675059679527775	-0.009076516146419689	0.05676045315517042	0.4014414870484948
-0.5840872177811205	-0.06293006731614292	0.14141912489620334	0.37708852174352603
-0.4762712736493677	-0.10047099995103881	0.12068253069108037	0.353800907399642
-0.6680249577539396	-0.15050423209299246	0.029056045217457527	0.3251727803450464
-0.2651009343346449	-0.16031836887005013	0.005811798848917027	0.2978224577146069
-0.47972111778471493	-0.18691346549705656	0.1029173864138957	0.2815937712700065
-0.4042135941100563	-0.2045185925601659	0.3535176591663214	0.2874210351851476
0.24398878408428826	-0.16913631233616366	0.26156247130042765	0.28538130400979256
-0.18496603112067922	-0.17035292393908907	0.260605525671433	0.2834771290119906
-0.2848871623693042	-0.17893693556656842	0.2749705735275296	0.2828398837927397
-0.3954774623990236	-0.19477090771728356	0.2862880549138993	0.2830921074163011
-0.30544322835146265	-0.20267099200817074	0.47338156204828286	0.2966758050152303
-0.0026590858484153435	-0.18872507255350834	0.3498407342033596	0.3003828457484359
-0.25152981901241145	-0.19300476159620972	0.398202126003139	0.30704833353587646
0.24070217201053445	-0.1641073996226694	0.5954210497435679	0.32626218738102297
0.24018288045939018	-0.13775503298344527	0.5709938646150075	0.34221422183827577
0.28559268084165024	-0.11074695677186097	0.591583575308531	0.3581231655496655
0.6954101234243633	-0.06038757665143302	0.5161452431623357	0.36799469732066914
0.0422398104228523	-0.05410723118114891	0.5271273096399591	0.37773290345459754
-0.1511632945430429	-0.0599277524401306	0.557258285764394	0.38849941496872686
0.4584819673284253	-0.029446852705558357	0.5427707668563404	0.3975703207764445
-0.1622287017845866	-0.03710373250949295	0.36095153868759566	0.39545893834979684
0.28378258076486307	-0.018948158043296304	0.4915197087427614	0.400894084073498
0.12610805003123549	-0.010892730587923838	0.502007748317608	0.4065093392747954
0.15422256061094153	-0.0018899526015390133	0.5136001792999385	0.4123485015014945
0.014055777780019207	-0.0010358885143173513	0.4247867214634875	0.41301480660916856
0.9308679184849944	0.04799261226142648	0.5178298426314467	0.4185292093571671
0.1493294336992652	0.05323220663391415	0.6060672558481515	0.4282258101435328
0.16644764974815085	0.05898661020589757	0.6417755810897792	0.43908000339390507
0.7312914371486892	0.0925897093613608	0.6301251053095851	0.4486287397690567
0.15488819035739687	0.0956524766069955	0.6844765058922244	0.4602237275290797
0.803692522381291	0.1299006685842865	0.6841059708269426	0.47105291555980666
0.4621575558965061	0.14571714410942005	0.7160355219390819	0.4827148495863629
0.7196043217618844	0.17260933602962014	0.7729143613009639	0.49631349409081404
0.17255372601419272	0.1726068803853693	0.7901201435642176	0.5098696734067805
0.45667634929461465	0.18551524043809953	0.7752629982958568	0.5219294042398637
0.5053385313230847	0.19983151643861552	0.7019824218607631	0.5299892245792406
0.41399101392322835	0.20927710168014424	0.6379482534576777	0.5347509077461214
0.3976232557396513	0.2174638573421328	0.6870802480695919	0.5413722018619915
0.08472737098868621	0.21177688273495154	0.502714121676888	0.5397160635029792
1.0895585814513487	0.24885648935739235	0.5307815178755007	0.5393390352546701
-0.10637170307090404	0.23405956305887088	0.4708407419823122	0.5364860921929318
-0.10810808573660846	0.22000152880561163	0.46436417579476585	0.533522817580427
0.10588833926097418	0.21537648081002758	0.5515578809598345	0.5342537171081343
0.16579979411178214	0.21339390767765387	0.5034377702433448	0.5330213782160864
-0.054835036603746445	0.2028086243675904	0.4904786308742852	0.5313425561709173
1.5744642503012818	0.2562368589851327	0.4321851663404124	0.5274803648933237
-0.15268750517155583	0.24051285327216676	0.4807510460312452	0.5256836245544805
0.44543491265611057	0.24829257350373113	0.6363807669527719	0.5298859921614056
0.8631089576843536	0.2713426252721569	0.5107978106731168	0.5291701849156913
0.5379274182370095	0.2812136390719102	0.5590630030005448	0.5302768260990547
0.2023477736651913	0.2783288813418785	0.6573957267725843	0.5349263817946199
0.9437783838560403	0.30237583401480594	0.7680987976408356	0.54335231473516
0.42666494968470636	0.3068137326672462	0.754994758508309	0.5509092913190541
0.16070367503739735	0.3016577268035505	0.5824550222759766	0.5520220553158877
0.07697212973253698	0.2938211820965042	0.5768603456404588	0.5528878660134029
0.20142554643199073	0.29063554407283454	0.6340214401511917	0.5556846778381128
0.3692841357634802	0.2933159533059633	0.6490078506394485	0.5588652045353939
0.046385512188344524	0.2849939373071153	0.51866751860923	0.5575102423894189
0.21731681174375206	0.28273821472723193	0.4300786355052344	0.5532630484376875
1.1854925716796063	0.31249335222227526	0.5956702190657068	0.5546606298579351
0.07705942622948259	0.30481753210427254	0.55549734728475	0.5546877874094145
0.05248532140929685	0.2966792134361038	0.509698034340186	0.553236645269962
0.785901130859239	0.3122896677797733	0.4987441688509564	0.5514977289719085
0.387808648187953	0.3146739810653363	0.4400673117081324	0.5479794452157063
0.41730306090878355	0.3178804960317081	0.5062361956601569	0.5466751265178829
-0.15502916854410176	0.3032569754731316	0.42166201978094975	0.5428093828654939
0.11602000736646145	0.29752624901038005	0.48757017978416894	0.5411187107322453
0.3777008812304128	0.29995535993623657	0.5496130520934248	0.5413760622256698
0.8694970399322268	0.31703891419249186	0.458815976951223	0.5388998221919858
0.6710464660956381	0.32755230919262623	0.5124509344276897	0.5381144038687202
0.063263234297533	0.31978039761550825	0.5504201088672065	0.5384763083055364
