-1.0	-1.0	-1.0	-1.0
-1.0	-1.0	-1.0	-1.0
-1.0	-1.0	-1.0	-1.0
-1.0	-1.0	-1.0	-1.0
-1.0	-1.0	-1.0	-1.0
-1.0	-1.0	-1.0	-1.0
-1.0	-1.0	-1.0	-1.0
-1.0	-1.0	-1.0	-1.0
-1.0	-1.0	-1.0	-1.0
-0.9871237035980442	-0.9968005182225872	-0.9069131945605965	-0.9768699377193815
-0.9892378123572214	-0.9950643588130105	-0.9223755974900409	-0.9643597511288001
-0.9603931095855719	-0.9876682815100617	-0.8028494488757086	-0.9299063441972809
-0.9909756385911523	-0.9883271428752584	-0.9436473875431389	-0.9326437091375681
-0.9799750703829148	-0.986766592129436	-0.8534324685449832	-0.9178434151627841
-0.8888539591083745	-0.9695416828434064	-0.7006713655603709	-0.8796382538245038
-0.8083276257588883	-0.9427478142400125	-0.7358226883596048	-0.855736032656593
-0.8272427349318108	-0.92455631575252	-0.5638077131786315	-0.809758716134217
-0.9137913359081823	-0.9229452816881126	-0.6396807457790848	-0.7843056957047438
-0.909542814705468	-0.9210346757938025	-0.5405222917091186	-0.7495527732037734
-0.9210482186901139	-0.9210365294666181	-0.6331407123964443	-0.7337091283484869
-0.8362662233371809	-0.9099992479245773	-0.6664526082583568	-0.7249521770717471
-0.8374241871253625	-0.9009423276036012	-0.5329853828315767	-0.7009958987344176
-0.9157343874977903	-0.9027146386988729	-0.6649365390608459	-0.6966753811917404
-0.7391520383979371	-0.8838690536453987	-0.4861928901842224	-0.6724237066900531
-0.8812625693940189	-0.8835798068830087	-0.32014372903185173	-0.6333337952152582
-0.8215767238081099	-0.8769449522029595	-0.34117922939985945	-0.6020708032328559
-0.36113576090296473	-0.8236483183555706	-0.18426803066680753	-0.558900732275086
-0.6501505590656517	-0.8063178985569543	-0.012624827854613718	-0.5043340820337157
-0.6473973919801889	-0.7909547270640634	-0.2083709623897655	-0.4757227320132362
-0.7550196229843321	-0.7875891542905046	-0.22624938258870964	-0.452357879808182
-0.3562577168681149	-0.7484143162136216	-0.10876565751502587	-0.42115178847353363
0.296737874217611	-0.6562777562164949	0.3142913082955823	-0.3563179217731045
0.2477915244397899	-0.5788523344888223	0.18204763378625644	-0.31021170027157186
-0.40486485432073216	-0.5643652108072267	0.4169365816672954	-0.2496654734013526
-0.6151834454806997	-0.5684823965693668	0.3301008355991848	-0.20269405398615958
-0.5504317392636442	-0.5670583097559144	0.24279907417988023	-0.16754950234216026
2.0398189986458286	-0.3666718767396052	0.784415301041919	-0.09437337273768376
2.9480890371393285	-0.11823443298647951	1.0814983783463448	-0.006243055786339213
1.423863562926127	-0.005471935882930157	1.089530245831762	0.07388297443189806
1.1566641358791152	0.07748543138321518	0.8935963516841925	0.13239702103395512
0.22553383405306504	0.08780812463274423	1.1319107294383213	0.2020881627318334
1.3864253443588503	0.1762982458676825	0.9986307567183492	0.256365988351442
0.7627951576737788	0.21537593152532009	1.0110922907421669	0.30665262981046704
-0.18474716457314588	0.1892953090144338	0.6204941038022125	0.32710968426564135
-0.07593663169944054	0.17237462241055557	0.634524883717881	0.3467217835523131
0.06440895217764497	0.16563019299835524	0.8408956982184226	0.3775919245672825
-0.007925880343228608	0.15500952523027878	0.6821627138030375	0.39622990863339913
0.3949312356822725	0.16939834779005136	0.7927989934980328	0.42001320255002716
0.7722920580215531	0.20484663801396752	0.8512465761356229	0.4453685045168809
1.0040296592854046	0.25093301034633475	0.6980080103311348	0.45993759470750106
0.15814704969029236	0.24568338882783225	0.8149973611195318	0.4800267892740082
0.329770994182605	0.25035312008642685	0.9891010302320247	0.5082970097984909
0.018215456269778274	0.2376965035776244	0.9513859808437766	0.5324560622313692
1.178641398364677	0.28808463417832497	1.0258974383339887	0.5588803136516873
3.9938109749366815	0.48304733137984024	1.0871494069349823	0.5866732091039102
1.1051008390728967	0.5152101737572075	0.9366057312896574	0.6047661558925781
0.2525267908277371	0.5018581869826153	0.8854006683266697	0.6190302914838666
0.43951097347119106	0.4987417973726902	0.9026625915521129	0.633206635717634
0.22812139044006252	0.485437322989154	0.9002688172160722	0.6463363791098855
0.3468687083019064	0.4787346787723179	1.0290884511677567	0.6648503431172617
0.40904720341990797	0.4754173074439749	0.8684603995163438	0.6745428085242064
0.9275529314531754	0.4966042339846415	0.8223263799842211	0.6814678631570128
0.7916072761913628	0.5102153338961959	0.8903998574196539	0.6911077054440216
1.9957776995929222	0.5777202674994899	0.7506434675686926	0.6938131980724829
0.8078975375498714	0.5880236918107538	0.7551532615846834	0.6965590318997756
0.12919911746677704	0.5677875212757091	0.8051234244451504	0.7013473822420688
-0.2026127544878119	0.5343015249207514	0.6956033791125324	0.7010976587320261
0.8509891107307637	0.547870130082929	0.780196253304543	0.7044867577735019
0.2970181041676019	0.5372736568976859	0.7740725452288215	0.7074261450407673
0.6375173592867205	0.5414492816724723	0.9683413603045714	0.7182945858316827
0.3926489953483392	0.5353361756660378	0.853295158318764	0.7238415413601744
0.8935369808371283	0.5498544585777123	0.8455886278526226	0.7287763510422447
0.7983454621348403	0.5597919183587583	0.9461550957261811	0.7374696680302335
1.207371216054804	0.5853482416045452	1.283502078440065	0.7590185792873609
1.8957827563621978	0.6363919621532113	1.1494300316707147	0.7742259578123829
0.559816467028533	0.6334472212002866	1.0584691292253718	0.7851554345914122
0.2132074085535327	0.6174926012908859	0.8635240394745758	0.7881308714456123
0.6701161633545203	0.6194656520003803	0.8547513821252835	0.7906286996614222
0.8513149721466176	0.628050728920454	0.7318911718486123	0.788453754784791
0.7667981955908783	0.6331257014488749	0.8129647045306903	0.7893502787702649
0.13875646020994248	0.6152605981340453	0.5844539956949986	0.7819456439159858
0.36866541624083093	0.606455005836454	0.6324442075762409	0.7766068334069316
0.8085720315585416	0.613586846467453	0.640787324309795	0.7718140563008651
1.0580788740811715	0.6290889165240807	0.6828730006082893	0.7687119278492287
0.15696712526450485	0.6128121563040614	0.6338884430522891	0.7640637322231576
0.3060343036325157	0.6023558586310489	0.6733327902371034	0.7609711582196708
1.1589915205872474	0.6211148632029075	0.5587192805355352	0.7541548481795028
0.18899367964632163	0.6067135313954408	0.6629305851296838	0.7511144757826187
0.20592921395160801	0.5935032498140576	0.6285527944226972	0.7470745447281115
1.0676255848972382	0.6089604310200034	0.5312185911216321	0.7400368071762553
0.0757369248645392	0.5917627176578442	0.5175959392096936	0.7328623964771477
0.43180075501678794	0.5866585838089036	0.4861562925770704	0.7249903458412372
-0.336720574959539	0.5575045564322727	0.42394457060645774	0.7154854185282049
0.12011595945305098	0.5438386437677232	0.43890098060765115	0.7068437491000561
0.4319550931434546	0.5403788418945903	0.5296339211005596	0.7013638961242108
0.4803892164811563	0.5385427126542006	0.5754326966114511	0.6975094955780381
0.40814524685743536	0.5345919277995697	0.5573544317188606	0.6932630741366999
0.1642459041567046	0.5234833188120103	0.6043695084368281	0.6905965762239308
0.2372989521910649	0.5149841090528564	0.5847562381198494	0.6874532014306329
0.3330104020661233	0.5096326923726038	0.5656033072552584	0.683869820008747
