-1.0	-1.0	-1.0	-1.0
-1.0	-1.0	-1.0	-1.0
-0.689147865554325	-0.8206192283707667	0.9976741717203572	0.15278067826686192
-0.3258358751967292	-0.579548137532879	1.426460102710073	0.773349903080182
6.69622534110536	2.4814606623976325	5.104402569473021	2.595477812244318
0.8179133472575373	1.8662663791025316	6.440003522549828	4.017215527463606
6.7533955100284535	3.4776313799703518	7.33512601700234	5.111184051300126
8.463329758050769	4.960241737406991	3.955535231587211	4.7675253943731795
2.0841232836896357	4.181518447875513	5.843234403483562	5.058777596090854
27.995643653381908	10.098814736657298	5.052207496907797	5.057145206132882
1.351767800975347	8.090766412550517	4.374005605677843	4.90031703484905
1.1527042138779238	6.610737464942922	2.956201523325667	4.485598147715415
5.438533931232796	6.377221523085622	4.0547809057494355	4.3997744360054725
1.3256506908077874	5.433357715847405	3.6176153177096557	4.253632458849953
5.623044548541211	5.466726693911433	3.093070366665369	4.049464117322876
2.076271728893542	4.903230233948426	2.6805663825560706	3.821951729165991
9.618355925001945	5.64584180205496	1.9288958402718719	3.523804098130662
0.9038492964404985	4.936179009440625	1.982580190983502	3.2931522701295872
1.546723726220383	4.4529894240489245	1.5871081975844432	3.049944164125196
0.253361492159919	3.8814195372287514	1.9446927291408094	2.899519119691831
1.7257920798023667	3.6007523219068522	2.30647317193556	2.822303464053062
1.920342431165042	3.391048037660517	2.0437184489602997	2.72514106582359
10.411372444000197	4.232195020206202	2.317019663704004	2.6762422485547495
0.4661923917299928	3.798278864410242	1.8353928036830585	2.5793604400262766
0.7456182792746111	3.4595490756619514	1.8744711593808305	2.5011446648252815
0.9306315883729872	3.188934776694431	1.5471464264379389	2.3990597342444278
1.0229571904014438	2.96513345283591	1.6518162698128842	2.3218505811244556
1.180452865923971	2.786864225643093	1.6138684624782793	2.251131141657808
0.4646060944145829	2.5623662256340705	1.6246720375068389	2.1905697885330775
14.003715487672483	3.6339223425923564	1.4554536364812254	2.1217213074286088
0.2768030898599452	3.329018327073242	1.4268644050787165	2.0586119860977377
0.9282255016724776	3.1173745088780294	1.549464263074713	2.0137280225985865
1.4993188688137375	2.9788031039060687	1.2892599896504477	1.9516842315561953
0.24214237962248175	2.7509343768640844	1.1533188327255717	1.8852083257810595
0.5752960101739399	2.574668909935416	0.7586587879998428	1.793937798124431
0.027932917576577676	2.3737608178731597	0.705469032575113	1.7080702588716168
0.33254047128062636	2.216856089146423	0.8006618149455114	1.638319571092452
0.27508855580881253	2.071323540225488	0.7668380482946042	1.5730036111206438
1.004898196593746	1.9933435426161754	0.7777490708955888	1.5148523545662482
0.3606723389127713	1.876797822424384	0.43816210547311374	1.4379944623551326
-0.2995726334267347	1.7250502981190778	0.5818157242090083	1.378297276749354
0.8344171709718347	1.6643610401500561	0.49798666273466297	1.318311383960641
0.3197288540043479	1.5747696681905698	0.6098907315883342	1.2711102012921156
1.3250855921192417	1.5584950696295574	0.5446216772734762	1.2237565125477508
0.015581258042148383	1.4600631410845453	0.4326270903240792	1.1732856072645217
-0.2953491919203918	1.3504056779958789	0.4919626211445345	1.1307245584110501
0.7637666239370373	1.3145067201454688	0.4133525875657651	1.086825476840644
0.002446921325664597	1.2358208153422616	0.2609155597875483	1.0372947031486346
-0.29775669314932507	1.1456521703280838	0.3317975891305065	0.9958142902480758
0.003127311938707411	1.0797668909456308	0.30144194222665965	0.9557724123231812
0.3836155260336702	1.0403793436416708	0.29809673126926994	0.9185617798947365
-0.18636511758813257	0.9722557367462661	0.16600096529149955	0.8767706375217064
2.5524379664922003	1.0584125788353798	0.26128958907735433	0.8432128585987277
0.027401731017775877	1.0032021652139607	0.30716511737260377	0.8145078364299734
0.16642797429152978	0.9591783768323636	0.2303477111901333	0.7837743633285408
-0.25102819016915845	0.8966051432214466	0.177487227648917	0.752426571404196
0.046994852950195565	0.8534205628888705	0.18371930587162755	0.7235199545317299
-0.12751091458750008	0.80439159629095	0.20874629110014098	0.6977905481479256
-0.05390663998466494	0.7621948930789046	0.2856643679627735	0.6775290540464924
-0.10754552070051226	0.720124981706032	0.2266030173826905	0.6557174438574775
0.22271721507835252	0.6964467178903386	0.1608484998984976	0.6321600386978092
-0.007907546793528786	0.6634407675560574	0.14778564167251762	0.6094622916236017
0.35270506547586944	0.6491035999430961	0.007490789660689945	0.5816877459851375
-0.12972934578801953	0.6137129976239437	-0.026478202303797826	0.5540523258564385
-0.490514100882792	0.564284899732113	0.020532483305082394	0.5301704997551495
0.216215538121169	0.5489336992400575	-0.012732089484889908	0.5062262102930064
0.03244486846618222	0.526484317249323	0.1417307990352361	0.49038334161732267
-0.07795624318997896	0.500587189751291	0.05717171651991215	0.47182253779885475
-0.08209373410318788	0.47597382510863184	0.17954477791907641	0.45947636402091296
0.4562063904358742	0.47515056279853374	0.32575091413225477	0.4539061263111388
0.5886800714739608	0.47981510300159913	0.534846361604405	0.45723173129408856
1.846067127888698	0.5351894737590581	0.5811722856750299	0.4622551572359268
0.34716452394542574	0.5276705370347574	0.3848299886077786	0.4591590851768701
-0.009389242950387344	0.5064761396769419	0.3066258599593896	0.4531395702435863
0.7343641700018364	0.5153527649377867	0.18750311263768848	0.4427926778938387
0.1441419522877878	0.5010789304318333	0.2011103448129563	0.433499509661859
-0.01916038624711658	0.48132769828001143	0.13629257747180845	0.4222158596263108
0.07107272374476215	0.4659466430274024	0.14572405684801826	0.41184975305277494
0.06677459570440214	0.4511659365841447	0.13570023141444176	0.40162440137767663
-0.0892091617538161	0.43140049432578276	0.09619838660867619	0.39045272024100464
-0.13644228501278977	0.4108803596658963	0.01539252875186281	0.3768990586204546
-0.22567011985486662	0.3881511670371842	0.02277653599603413	0.36425434269497736
0.212648483401487	0.3819581521701547	0.022409132976433987	0.35219168276596546
0.20024002401949326	0.37562043580453874	0.1041748998582901	0.3435417093206623
0.021271852970967453	0.3634039707961536	0.09968182621109789	0.33513441114829323
-0.09043771884971996	0.3479351289667416	0.0710963410771257	0.3261348210879922
-0.09574329448646401	0.33298261719411415	-0.0042074832734337875	0.3150018638313241
0.08240519416465131	0.3246315118111498	-0.02974119808960074	0.30351253532683486
-0.36709496399536445	0.3018317251270788	-0.08145697077573444	0.29082365962770074
1.5071228711494848	0.34112712072834506	-0.12432682684304408	0.2772886728772086
-0.4110711746307265	0.31686713817499323	-0.10045298490312793	0.2651056490025465
-0.3509451618526358	0.2955577980026498	-0.13427047141689563	0.252361808750867
-0.17561271124478817	0.28068131368503835	-0.12789225079207733	0.24035584299620183
-0.36270689316826454	0.2605789488542627	-0.1150408947768018	0.22925157426683307
-0.3396256380153386	0.2420192442306608	-0.12193603975282352	0.21839208787759623
-0.35916167861077175	0.2236189545745937	-0.11675799568349443	0.2081341917139954
-0.30095674866573785	0.20772542737894284	-0.16931031522524398	0.19669842049808373
-0.2593746569863762	0.193714823620325	-0.11587186931673132	0.18732293556114854
-0.37290233254291727	0.17688739675205456	-0.03595712804234397	0.1806919368671307
-0.05010747328665799	0.17021219537930388	-0.13782913272608843	0.17132522786473126
