-1.0	-1.0	-1.0	-1.0
-0.38485809791680414	-0.5680413295074186	1.839864447887141	0.9941806388643157
-0.9128209368729154	-0.7670003526613055	-0.2692147974230852	0.26512380797362134
-0.5269778578097426	-0.6500552718533459	1.6629287261856005	0.946170008355304
8.218396904725314	3.0810137427510362	9.421134229074944	4.5116937142735365
10.66869620171406	5.887001732132227	10.740613797906569	6.8151997071528525
6.553385341386904	6.106718621040956	6.2216477328584485	6.619495689582998
11.79137460325513	7.7971796325414555	7.001430568688983	6.733072284981305
16.867661736334295	10.253056407371055	6.109589533589277	6.564261567177984
1.2991216722110663	8.028196890241725	4.2480175571219485	5.988724565187799
0.9641706652899331	6.406517668090111	3.4446596126018934	5.404686815396277
1.0313702096143271	5.25988959436462	2.8207435438966746	4.853478822581163
0.7746336100191233	4.366378033550964	3.31877349538199	4.547748657910114
10.560162620798604	5.523660343328706	3.69105134489957	4.387678518171381
14.46833263036337	7.09721850776026	4.198236986630651	4.354351280489674
0.6865689597362832	6.031764185811119	2.2912395130232994	4.011460653165656
0.40327922941333183	5.1453031008563626	1.8079208758021297	3.6644129391900684
1.1390185177779473	4.545742924174532	1.830197126316485	3.389913757729623
0.9617214346577305	4.0348167577619165	1.9285154070169495	3.181581645152683
2.808053626182292	3.867854147006483	2.0593079846838247	3.02884006642294
2.633854505543265	3.7071850140663445	1.9186319401301284	2.8842887973585087
0.418542366893788	3.296783807631363	1.3968169012493363	2.6986620301669637
0.6792840478755862	2.9831665509794103	1.082500002282858	2.505020841012657
1.5057886883163842	2.812944284538609	1.2781516304629772	2.363661993961143
0.5156071639116022	2.558027158765431	1.4651793267168682	2.2639651541075647
0.8547823396969374	2.375766356412759	1.5406673017846364	2.18656677817784
1.02137182522794	2.2358224382013465	1.4910773884842543	2.1147049048124975
0.9197209315124197	2.104358758916448	1.631643151058578	2.0664522380598647
0.9552528617943574	1.9932721224511436	1.9767304242288932	2.05777865475753
1.8559459504182803	1.9804105599194042	2.1158776350104738	2.063219919308984
0.6934266787197296	1.8635228860387132	1.985160973963378	2.056130628406303
2.4549020932703765	1.9156571842935048	1.8300786920499386	2.036203388719168
1.0083058899898965	1.8379510728314306	1.8735720464273844	2.0222758734643813
6.132777016380722	2.195561910024823	1.9149541626771587	2.0133400672753545
2.226042016556095	2.198031507149454	1.8681150550915988	2.0015743940062385
2.4896357468294825	2.221035830714332	2.032759258896388	2.004034611777459
2.3828569727177573	2.2334756873925525	1.9376327533227444	1.9989312637222048
0.9618044760266198	2.138165975339167	1.811510099232137	1.9848847525337603
2.8959958445929224	2.1935802298301406	1.9729482417088575	1.9840117289794947
0.6411821514401073	2.0827648660577234	2.0323516907411743	1.9874626667592024
5.316088973550368	2.3082088682539013	1.5250426271365316	1.955220582078041
1.7970237294086222	2.273375789473025	1.5330481405730345	1.9264529926475666
0.8249194493450787	2.176866491728346	1.4610504122118058	1.8954435861311487
2.788206079259218	2.2167147969834744	1.4340672194497355	1.8653702548610456
0.9267898185020584	2.1344228096101503	1.49457823197611	1.8417155445537063
1.2392541806697417	2.0785035140236325	1.36751506470296	1.8120933877227907
0.9873385523211149	2.0117305377722365	1.4696936225795634	1.7911406498858038
3.6345892928308494	2.1090555585792417	1.4690785145376974	1.7718260825343188
3.6777862701002837	2.2012910782584347	1.6513889756216051	1.7647447408879682
0.14746743277612673	2.082854503998623	1.22767655343742	1.7337742724532874
1.8344779082570168	2.068802161874846	1.0258677271400223	1.6937219338430092
0.40846721320814927	1.9766004776957162	0.9691700277791933	1.653486347057227
0.22930051851492617	1.8813324317738185	0.8835982809396863	1.6115098974904662
0.8129031338282264	1.8241183210916123	0.8852857378174814	1.5726209118123933
0.14705097219966334	1.7358856988819245	0.7150243193699908	1.5275015336020092
1.9002067178056214	1.744381913428017	0.9018120422757716	1.4951505370996165
1.2623006503614262	1.7198782464789688	0.6635896643010784	1.4528832702236874
0.09866917128716923	1.63884679301328	0.6363375587605371	1.4120705625467629
0.05372080284451308	1.5609169562595042	0.6534752306753049	1.3747755625657918
-0.05546336643421934	1.4827317157076956	0.5324302522434867	1.3340309255721428
0.18110741071962488	1.4207702826775441	0.44228095290589087	1.2915808512675704
0.3850940386224988	1.3722387163527632	0.5913688110404236	1.2587690705933707
0.5295932564080814	1.3333598307225496	0.45625064949467986	1.2217416095468927
0.32512820288349076	1.2875453131511936	0.4855136336778376	1.1882870683182105
0.3599713412566896	1.246024597354078	0.41938958056976383	1.1538691148886686
-0.12893547037904052	1.1853824610246764	0.27867025302423465	1.1152687063521571
0.15513598884890056	1.1406019755259895	0.32460476959292217	1.0809018197131262
0.38323926789269813	1.1081530887553224	0.303589791418051	1.047598185683555
-0.24696353035462115	1.0509106650070046	0.4276960510489971	1.0214126823889207
0.11277914631019059	1.0118326538005729	0.3346144650862015	0.9928040860080891
-0.28870271076577514	0.9584003195303041	0.19473861791330305	0.9600157796936262
-0.237477419434447	0.9099314812578005	0.20166823555791225	0.9292800591908055
0.011509590931686242	0.8740038753898756	0.29668440968799437	0.9039828102823637
0.27756489009621665	0.8504661930694204	0.23272457115513823	0.8774924742075016
-0.14171447993905362	0.8118192785320906	0.2368582857156898	0.8525387982712076
-0.14627237026664208	0.7749784758945195	0.12886079968145703	0.8247117277723166
-0.07954558200633899	0.7425359058991186	0.16178075851855334	0.7995431306767682
-0.34350868140370183	0.701818686979826	0.16178772129143715	0.7756328423912424
-0.288060615031426	0.6651648369312761	0.1628596188305369	0.7529426855249006
0.03707590418304152	0.6421910057363138	0.10199011934574931	0.7291325600353873
-0.436052661576837	0.6032268660780653	0.023270986485525613	0.7036250028718334
-0.2810697031023892	0.5716515651440124	0.07717773988036081	0.6812565558731984
-0.186226470625535	0.544908560423597	-0.00825808890179991	0.6569258508490521
-0.3603711581411172	0.5133355500106422	0.03187347060401269	0.6351261132468196
-0.14737154827900834	0.49055709432353134	0.06242807104408743	0.6153817944232416
-0.3474046061214022	0.4619958486675475	0.016208580313719967	0.5949593354123635
-0.20586555108382532	0.4394879533003857	0.0984656923841214	0.5782266569601306
-0.2752894848947003	0.41566655062274616	0.11891071929828412	0.5629188851858149
0.4816525066522881	0.4178411665819617	0.08273627139890927	0.5470915032299635
-0.21759988712235	0.3971241802722276	0.06557616580804382	0.5313928753520045
-0.3335651374929003	0.37355795399464276	0.005610877051386964	0.514435322664448
-0.15664879294855294	0.35663955033653294	0.03271139877229512	0.49906395229431433
0.4734353295401925	0.36032706437927997	0.09160275092864656	0.4861990120749229
-0.29823049860645334	0.3397507765504235	0.15995995417987752	0.4760057954051673
-0.14770636861176634	0.3246773258591025	0.09903326915014254	0.46434876108697964
-0.07528874399468721	0.3124354555609745	0.15715349857853145	0.45494628655295655
-0.2431947023045129	0.2956009739481069	0.1497471655812228	0.4456992823287227
-0.0018158440557427546	0.2866798252519811	0.18537288123597406	0.4378906305336767
-0.14977846778303905	0.27371791162341563	0.16806898996063113	0.42987751145549
-0.001995629485654127	0.2656100682175997	0.24005454976184848	0.4242954588890573
