-1.0	-1.0	-1.0	-1.0
-1.0	-1.0	-1.0	-1.0
-0.5463457863748955	-0.7382136467543001	1.0724476396108025	0.19592961681321186
0.8786647897628328	0.04957074092553415	2.7759251504466813	1.4529692537351555
1.6734852353829526	0.732771899664882	4.066313448897656	2.5524358691356017
0.36370106405474734	0.5962862848085788	5.0537125681584705	3.4774292143831476
-0.2522324417613413	0.3165161136558243	1.7306670314552406	2.9014938873298086
2.080761017063455	0.8411537900790449	6.091069505633852	3.849985204421606
3.28136028341285	1.5018514266677148	3.5435992403427896	3.7670298514102383
0.16547060045218265	1.1697895765955821	2.2556460456836334	3.3914833871805206
0.628032931723375	1.0454191474901848	3.0722865022160466	3.3182056004472438
1.3350942493667732	1.1072124406201365	4.910173406719944	3.65780387637831
3.832516198612657	1.6501225705758782	6.883568096773206	4.300411251206587
18.512978187050827	4.800875281083555	10.716793115152452	5.499284947206969
3.0499793428394133	4.4928552384808285	7.866428209426882	5.915716242083264
14.950083877478995	6.230852992871125	9.08792844818601	6.4429396004868424
10.17021651718957	6.851284348831701	9.39385917870014	6.9076955335770185
28.121657731862467	10.034502092401025	7.326261579961146	6.970336149435232
3.6846438532620756	9.129287213171574	6.359747083261712	6.883292157256292
6.972094193066042	8.835692399147566	6.209596194308267	6.791601506087162
12.90399490559064	9.365396632224556	6.332643285265846	6.7318453958949025
4.69635267007818	8.782730987678105	5.391372174437595	6.564563851158189
3.25033768649734	8.119863629579385	5.975364142633342	6.4939688955750725
2.7101446313213233	7.4965594423092	5.931302462690681	6.429138901135532
15.62631252440259	8.398657784911016	4.88512801508197	6.257813086322956
2.6814002199531695	7.786865132751542	5.217622734671764	6.146505159185018
1.3770802035964818	7.12456849666439	4.332328458717387	5.959054739753733
1.1756475967111513	6.530339597835522	3.9648707676464117	5.759858634526822
3.176688825769011	6.206135526431891	3.4865238647484045	5.540091209574325
1.4396230583571206	5.75972098304668	2.9487499522377685	5.297395745357772
2.016787071315439	5.419776555140169	2.702114273609268	5.061684700920857
0.6612472947379806	5.00028417563236	2.380598055881716	4.825331466868876
2.323142143138182	4.771011599078637	2.8228097201336153	4.653834013631373
3.8285209586493574	4.692535116400168	2.928244855350795	4.510152552393049
1.3810609453690201	4.424246860867241	2.689739677743998	4.36266704441523
2.1106240150562985	4.241728900579075	2.876079601758394	4.245392725079208
1.145288086252763	4.003711286107621	3.0375722957834563	4.152549874212825
2.64493338793578	3.901872916698659	3.0906121212262336	4.07295929207962
1.9058865040089548	3.755921267800116	3.1331800797558937	4.004240335905096
1.5765785375784516	3.600352370897258	3.041300430915271	3.935502492660264
2.826880443310763	3.546422205591993	3.1622257602466055	3.881585953287712
2.46809312945233	3.472942783222842	3.523485541860267	3.857184259614324
3.0784395439524372	3.4466574899117415	3.806778998339203	3.85382589210316
4.302225045795965	3.5024251311374472	3.3337229836518683	3.819924750641631
2.1912619823553725	3.4187777324664044	3.6418299313459173	3.80856271623992
4.136437061263007	3.4636094295813447	3.4324796355646505	3.7850701819607755
2.7434679641137762	3.419541434990114	3.2023053480877604	3.7494089342113632
4.990271560596117	3.513741433001181	2.9652982136134507	3.702385450664268
2.010264020790074	3.425342933581949	3.205242672795407	3.6731559647868925
2.143796387499177	3.351441071481254	2.9900089622804167	3.633761800090449
3.015001784593376	3.332406282010968	2.70095626442151	3.5809850484166708
1.7045416516103544	3.2420079039862664	2.514727979711214	3.5217740392768597
1.716229630419186	3.1588179727923924	2.5372171042111216	3.4680932335833665
2.0979095377668995	3.1020066450270924	2.408625866281128	3.4113591150369826
2.2766231490236	3.058581994890126	2.362019478072491	3.3561518633786003
2.1790302784867484	3.0131048328254257	2.372885246573278	3.3053121452064405
0.8173103306660372	2.9014950603690663	2.0078986798485916	3.239365817309735
1.5496972755798586	2.833929667347603	2.0336006966939935	3.1790994978843328
1.4687474950338557	2.7668127072145086	2.172058586730754	3.1295898098754726
1.9952390483293652	2.7294913471606908	2.306778962241486	3.089790089428754
2.329425537614614	2.710446562436751	2.4447429003279635	3.059083388232686
1.1698411624773901	2.6382541638816703	2.4209265688237145	3.029179577835433
1.958070822337488	2.6068707072175794	2.231206556271972	2.992361366660079
2.603653720296113	2.6067246499553876	2.4530085018947094	2.967853034699183
1.9175097337220914	2.575874113762672	2.6239238460514653	2.9524584959361935
2.011088166391897	2.550964419846136	2.858647617029214	2.948320955498291
3.71961623050787	2.6017615009369135	2.8410520255175427	2.9436591213129546
3.1935853588980505	2.627118284972002	2.948829973101255	2.943880749573981
1.8640218610564605	2.5948841649845997	2.4263460990326866	2.922019690710061
2.4587547400236467	2.5892136180022995	2.474639184834491	2.903383870035275
1.8617535866523816	2.559326431084822	2.2826143469236913	2.8778801285967197
1.5536916900689457	2.518567990477541	2.574079175806188	2.8655669554146836
3.6129565042259184	2.56233300241468	2.7629158688680375	2.861462497543802
2.8333084481749684	2.573027622168629	3.10246252055156	2.870974236661532
2.9937379909568116	2.589415058194797	3.0396286718214887	2.877543727031615
3.7493648770057	2.634017467811275	3.0752591711787547	2.88514608766046
4.075556701073582	2.688745606412263	2.953681517536055	2.8877473807788134
2.4889656201432753	2.6812553566339234	2.916153966848644	2.888812109728347
3.2125175516393094	2.70092748912552	2.9443098868576505	2.8908673427729124
2.070404281799188	2.6778648150667235	2.5455302812019687	2.87823598198875
2.4605438161019455	2.6700109992737038	2.4706947626729874	2.863508248781239
0.7667622614183258	2.602052559623023	2.2095898531572034	2.8401591117872713
1.7476482127339605	2.571903129380502	2.3322479599786927	2.8222361674293617
1.46504881218249	2.533299865487713	2.117070384017382	2.797642326231359
1.1775098120781786	2.4865577363981264	2.065696150893451	2.772407482328593
2.3917001802236837	2.4833245679205147	2.1085694449658985	2.7497811798147405
1.1856190310116856	2.439589964762281	2.2427155726863246	2.732691849412684
2.32233487567219	2.435682130528836	2.091087506053823	2.711309137174204
1.250236823933554	2.3966085963314585	2.202100083727615	2.6945246151045796
1.2328758868903464	2.3586678364263443	2.003064561684209	2.6719810729852433
1.1523444385967587	2.31976109384274	1.756680885366439	2.642460320652938
0.9682793236952245	2.276636424947068	1.7244354583471697	2.6131667547644404
0.9785379088457835	2.235651332443172	1.616487818129991	2.5816984681359267
1.362310161407871	2.208364015746771	1.78015227645006	2.5566542939539416
1.6717348339157492	2.1917701396317275	1.8095902907601427	2.533553269259626
1.3359851222594927	2.1655769802003486	1.8261947468069009	2.5119029465866407
0.737118532719027	2.122297704191392	1.6035989101963688	2.484383198730164
0.9379212577826563	2.0867722303030987	1.6331325925030797	2.458849752447589
0.6481101818206283	2.0440467417030987	1.5986448276877847	2.4333032667103955
0.893675228487852	2.0102176466258594	1.6006366301961146	2.4088168295361734
