0.33839696369171945	0.16856254029418793	4.125409874566857	3.475026576982227
0.11175373909639474	0.12867078701200474	4.6932529267047	4.330476728394086
2.259341396095231	1.3581984472812034	5.836902098904816	5.1997763008231095
1.4727130583297732	1.4139929022880877	3.1521967424432287	4.202143545503713
9.603148076320869	4.859273672640587	3.3773486746983057	3.855142238372605
0.324340501016539	3.1822164288185473	1.8529851328305158	3.1147272553269243
-0.10201381724305747	2.0993531532816063	1.1448418259197428	2.4652244990193255
1.258334263965521	1.8492567843168324	0.6709341428889148	1.9316512617257762
-0.6921716834081811	1.1611529199038944	0.33831322107774864	1.500247409960938
-0.44828823476084234	0.7612415867015525	0.42472160397862924	1.233002542606858
-0.4698611318317548	0.4786189058674022	0.5536234971648575	1.0770382286734366
-0.513829681262676	0.2669094763549986	0.39266909779698755	0.9310482797195321
-0.5735161171566553	0.09948760461362216	0.061530923686510475	0.7578309924663944
-0.4344323870890312	-0.0002730567900900427	0.668066203847433	0.7410588294133269
0.08258727863478987	0.014303731341097414	0.2586026230300702	0.6561843124864226
0.9683800647451959	0.17287152369764813	1.2660340835318298	0.7575413657941228
-0.11688374589976169	0.12723635666704136	0.6591362085086294	0.7420429638878194
-0.17041528133316886	0.08269123903175024	1.6159942421956233	0.8728339125388447
2.168741919895351	0.3800718452693983	1.4820375177115386	0.9596800900866893
1.6645641808832372	0.5548913167482439	1.9946068960788432	1.1005336585400758
2.5636875450220327	0.8164412559638188	1.644149540694741	1.1713138462701886
0.4932935486224841	0.7761145903243061	1.6535332395071665	1.2314918186572217
0.074117322101096	0.6920044443146856	1.5860388764677236	1.2739724940781016
0.42540756263417534	0.6612874177413213	1.3188635117575438	1.2791449511340915
0.182310375168107	0.6081392915979353	1.1220331288316139	1.2617118811756107
0.2813822077997197	0.5731737694237817	0.7064300027927	1.2022923919263824
-0.2860737274593308	0.4843913228209211	0.6166518514921537	1.1417807958704191
-0.060223539006566185	0.42999050533641037	0.8033149069606911	1.1079718509120933
1.71705172449549	0.5544136794532835	0.7388213853996968	1.0722852884320568
0.05523890025251754	0.5076626836916547	0.913019314474917	1.057368927770233
0.9849272738680281	0.5510094955936413	0.8057318918272043	1.0345146428178755
-0.4091693237176317	0.4663640092462147	0.5244351787415193	0.9895480538793986
1.0278102304749854	0.5144470034973747	0.3916609315466446	0.9383446297130287
-0.12747675887638144	0.46099713269275644	0.47493399142694326	0.899758774724116
0.21832771697728015	0.4413364786007894	0.7004709019821438	0.8836127614600828
0.4287737305097765	0.44034544389539154	0.5995115800221826	0.8612004714340897
0.2084636857438249	0.4225213009483699	0.506756443596053	0.8339552383546316
-0.056902836044574134	0.38658934961836944	0.6909205624312027	0.823235405532613
0.3442314032333038	0.38349202228352053	0.8081917938346923	0.8221353729838243
0.31868269958704887	0.3788658412518857	1.1038926329050471	0.8422483831086811
1.1091578580676513	0.429785267131761	1.2920159369303708	0.8736082171598962
0.48697559336760166	0.43368228910323703	1.145229941241178	0.8921169841598511
1.3023578109842586	0.491561325405254	1.233335944055367	0.9148521030027894
1.3635690211020108	0.5484006596535809	0.975124153100964	0.918780959868494
2.037581126853753	0.643404563600328	1.228539019756694	0.9385422413249471
0.08330199662395232	0.6084160582390337	0.9825282493789582	0.9412901405235845
0.16436151143216904	0.5812425087687805	0.8409148921223026	0.9351478696075899
1.1472832402004065	0.615189139830121	1.0129073151262724	0.939811564119889
1.659741877986074	0.6766057571416035	1.3920431142809289	0.9664017787924502
0.9897682736932618	0.6946649064172483	1.3362634400816988	0.9877305976191728
5.45855996711412	0.9642030366513836	1.54778473772978	1.0194183459604238
1.2054114691793236	0.9775983763524168	1.4824229205196326	1.0451305599589897
0.7970372218990629	0.9677541545076653	1.4116614787187376	1.0651156702877302
1.2234695305487824	0.9814480479941361	1.3403057998774397	1.0798524548860327
1.0644373060637058	0.9858139964446619	1.4729978676033646	1.1005360395126083
0.1537166592431718	0.942790682017377	1.139655829878366	1.1025586381430115
0.5268125350822845	0.9216468100501858	1.142820969068456	1.1046048214154771
-0.01237342572277944	0.874962481704731	1.080814869178015	1.1034156633074046
1.0931804266566734	0.885690836669788	1.042257302539436	1.1004089949699303
1.052367122945732	0.8937531290765888	1.2267794140646662	1.1065216723926912
0.4310028764711482	0.8717245692315556	1.1261536416299163	1.107455987096134
0.44122478126404663	0.851551425111019	1.0059620728600498	1.1026999862710438
0.4668503817032197	0.8338015689873519	1.0273910483886328	1.0992252237765405
1.053758929581483	0.8437968468710348	0.9504608573031506	1.0924655952300255
0.7940774471805379	0.8415714871288651	1.0776851630785038	1.0918042264975596
1.8006898616331668	0.8838735157238136	1.100575165753927	1.092191441473347
0.4246770362858827	0.8639145673333435	0.9457689990761224	1.0858275519237641
0.2008900080589462	0.8355072054807637	0.742270063406562	1.0711077257956885
0.36810799013860085	0.8157634289525435	0.6799618494649828	1.0545850302921593
0.28442166170067584	0.7936301902982199	0.747178616409564	1.0417798941998884
0.5726418518507317	0.7845509883810526	0.7412970492546298	1.0294346739387596
0.2194038142129846	0.7616457453842704	0.7903740011494529	1.0197457811933974
0.4236802837520015	0.7481307607561973	0.9258350289895854	1.015990553640092
0.5202050981812938	0.7391362520602085	0.708640796640039	1.0038617064038626
0.5225448941303681	0.7307000186177235	1.0652637278727877	1.0062538347622345
1.6132272685407978	0.7646351153180146	1.1254703507803145	1.0108379197957902
4.861855699655453	0.9201893313730314	1.288761301483127	1.021389624973415
2.086920026241181	0.9639317052823853	1.4725848241465993	1.0383056247533595
1.4051929645286676	0.98027052879224	1.500866037180412	1.0554331076127879
1.582936137720298	1.0023140019004688	1.4559445991248117	1.0700823719860573
0.4628968854333442	0.9828211303107093	1.308525821299761	1.078698659022463
0.5660250251043013	0.9679382512472785	1.1781809944135873	1.0822501005593899
0.7219859876287109	0.9592589291991573	1.1471721344069188	1.0845403551550201
0.7897451905395074	0.9533465548233757	1.0440670332096849	1.0831284007824151
0.7326032392333663	0.9457360546903157	1.0661237968868198	1.0825418847725277
1.2356976958707078	0.955618869922849	1.1740370146640062	1.0856601716858587
0.664101204874497	0.9457943351239089	0.9949059268446803	1.0826015856830709
0.7216046609102429	0.938322687252847	1.1341146369914137	1.0843181990982629
0.45414896307707364	0.9223639116319047	0.9838735614038647	1.0810073639334234
1.0112418949308943	0.9252614187619386	1.2330958582508633	1.0859656769176462
1.0514405651811245	0.9293305867984318	1.1006546111118767	1.0864390499333334
2.7692907749278644	0.9880413021445149	1.2791533976080904	1.0925880077848689
1.247302511356355	0.9962267934943876	1.4204776876790643	1.102940304039418
0.8007298378158276	0.9901183772176969	1.43056523066381	1.1131764461310198
0.9791132858098321	0.9897779885742191	1.3042284175311205	1.1190841308024146
1.419189795870135	1.0029208548596817	1.3282643321402379	1.12548638733257
2.62251940632392	1.0519914033734978	1.3979704758109723	1.133742200824885
0.8453176496024288	1.0457922638964132	1.369511154197538	1.1408141117329316
1.3577496421268869	1.0550564193822	1.493425934025825	1.1512856031731324
1.8595447819757482	1.0787138201536863	1.551980611411293	1.1630686919912905
