13.424346705402858	11.593985132650822	5.824957334625185	4.958911897968357
-0.4754261435728593	3.118726588434611	1.5270307868117259	2.5490114586192223
-0.7797942249837873	0.8690405234446126	0.3005666630505086	1.2515206514227226
-0.3804675638893622	0.26024846884014297	0.5797238486305338	0.9242042809364777
-0.10595540990853725	0.10618194298567696	1.119579971095749	1.0064013658747477
-0.5817720344457344	-0.14822937124917224	0.8995070135239207	0.9668707756205464
0.15882493313950752	-0.046988739414920766	1.2848447644513836	1.071711718102836
-0.4811391419984895	-0.17609326883928	1.4475033018552277	1.1834617120301543
0.15102346968399494	-0.0875250149143939	1.3167155297880968	1.2195404925211863
-0.4719209440254347	-0.18303912164210134	1.1890183946762156	1.2119563156702737
0.7785439554152009	0.0377099620949235	2.042343903604671	1.4025868302086866
1.222962633218911	0.2905483420881352	2.193803901863992	1.5713694369457483
0.09014212910054109	0.25062532170481355	1.2086343459594304	1.499108814251846
0.4718242878981671	0.29195542572324196	1.604147100766725	1.5187348123637445
-0.34657639605031754	0.17962385117094692	1.2792879447983565	1.4766104460720793
1.5310675097561774	0.4042347776167525	1.7216038426012936	1.5173285958142646
0.7915392568256954	0.46523342713389004	1.4723046938666626	1.5102374499981641
-0.11500450745134705	0.3783978393207572	1.3066014022524866	1.4797620641127671
1.9705803131933082	0.6053743166572207	2.0508263836697322	1.561171353542116
0.38132072769784564	0.5748804029490138	2.105726574235074	1.6352849327536716
0.338308246173026	0.54407814136104	1.788857785380476	1.6552803474027464
0.11185908765928776	0.49014008750126803	1.6739427580950674	1.6576094805134116
0.6357188690623685	0.5075828749233557	1.772350585885603	1.6713575430335545
0.8340039999207527	0.5451933739985102	1.8192737626871547	1.688401080837452
0.20685060386972243	0.5076503798106999	1.50345567603665	1.6678796853690887
0.9854978589216425	0.5587842631564703	1.5476951760187507	1.6550193535365092
0.20559241931803585	0.5222906989620975	1.4724302852604798	1.6361538193927982
1.914739803662656	0.6613805070765377	1.7783385965043155	1.6503565715179387
1.523777788778804	0.7447504953601016	1.593249326013055	1.644835990070289
2.604043874407317	0.9188858659145429	2.604424390964855	1.7347081498952055
2.750471109419374	1.0852362390939323	2.4117907465379522	1.7962030358630328
1.6939476004066876	1.1388981162689475	2.067777767529264	1.8201443663957368
1.0268626694493705	1.129303330761548	2.1747378063011586	1.8505121129697049
3.0016004777867726	1.2852008267711454	3.022840408439291	1.948126498542495
1.2259077636659526	1.2803975024923249	2.402885614722646	1.984970830099876
1.0489108178633253	1.2621362860573235	2.0859238369085245	1.992935492302093
1.3959332666310824	1.2724213915037335	1.8891947901177533	1.984961596234145
3.585504880794838	1.4457842113473642	2.089182265340349	1.9927730369756644
0.8609763983536347	1.403021742640457	2.4204812671662146	2.024048578478858
1.4541065814917222	1.4066686071453658	3.049927523456307	2.0972797593735866
3.6889744033534235	1.5658024651284532	3.1380240100511836	2.1698457069113153
7.521349464722748	1.971625013976682	3.990069915945904	2.2938794142984946
7.945259168345142	2.369642297354077	3.53327222896717	2.3764588801647353
3.8110137483038473	2.463593383954451	3.9507132022218574	2.4790715136664105
3.9433878777268285	2.5579992550247845	3.727746041620976	2.5587327838372844
2.1511565153996535	2.532585032649594	3.3998609904755925	2.6112772637290433
5.748240058185565	2.729365410560161	3.116550362776395	2.6421974003870807
2.1649186288459648	2.6955150608974496	3.113108452026278	2.6704390054786415
3.2625463088308493	2.728854904516001	3.1131654844725016	2.6964701645620877
2.535212826795956	2.7176890218152407	2.7748647401444817	2.7009917275773123
2.3605474044768866	2.6974830853878458	2.8242797049511528	2.707968217076499
1.5923159034914125	2.6361112149237638	2.8496853118163634	2.715838656853984
2.6593224450938346	2.637377219811786	2.960677833106525	2.729188539991848
1.881350540512797	2.596892429445707	2.9687084789383453	2.742015532094325
2.718843402094839	2.603308200501053	2.8793795080501674	2.7492421901310213
3.058357432319025	2.626835944276082	2.829181097389885	2.7533750210595715
2.5309849892451104	2.621963622679487	2.906910775526003	2.7611786832114387
2.561111092724031	2.6189223850592986	2.7462219092393365	2.760431427140602
1.6932672593574853	2.573414311387759	2.2569690583309643	2.7356796945283266
2.537685692283394	2.5716862270631373	2.4277804086272035	2.7207865419736748
1.491688680937779	2.520275193654856	2.6412757687628385	2.717002060376297
3.18717353543175	2.5515257534846536	2.3770956640437793	2.701073986912384
2.6994135218824478	2.558349697974983	2.6155294439013876	2.6971275337059413
3.838979575838964	2.6165416652158826	2.601238284156737	2.6927699352192267
2.6418210811240477	2.6176736051254434	2.477083729599216	2.683115617458895
2.1163225006247854	2.5955622969514853	2.639524807710006	2.6811937386411877
2.4985333384020545	2.591344945312057	2.69887777025688	2.681962469266742
2.870347385368728	2.6032995141241284	2.440445360984301	2.671615297099598
2.982250121573008	2.6193069937431965	2.5191424868766523	2.6651745012213857
2.2232463638773843	2.6028094809003592	2.199371030041216	2.6457718217791846
1.9798010007082567	2.5772130895555203	2.1326159854357143	2.6246887159374044
1.2994153377108235	2.525424134290138	2.1081659518651974	2.6037542687667914
1.467606949692136	2.4831227600868027	1.8659437390053628	2.57424997070659
1.713738767026705	2.452760161593821	1.9871346445007925	2.5510804065823014
1.6012457583178978	2.4195929083654852	1.8010190437686142	2.5218649344745487
2.2996613563502923	2.414981294745553	1.8881306052786462	2.4974964378847826
0.941860864445601	2.3590530652448054	1.8087269856189505	2.4713465553666714
0.5472406323308694	2.2911258398568295	1.6277042286313161	2.4397172411832324
1.7719777707461564	2.2719022511037985	1.5696835498948452	2.4075008735006085
0.5775817356483448	2.2099286629672115	1.7153066261059347	2.382182120630729
1.5785040521102602	2.1871106058845546	1.826352968023151	2.3620957792186283
1.60385801996695	2.1662845463416054	1.729812655944404	2.339519002288785
0.9626675313396729	2.1238126561787176	1.5283568186495238	2.3108954189854747
1.0785159279165528	2.0873561953484976	1.5343780495048924	2.2838129671634637
0.9277597626549687	2.04737788963912	1.7777184519211584	2.266364378964692
1.509768967379416	2.0290537624360896	1.6793739699189332	2.2463571151211728
1.0896821877742089	1.9973959100727194	1.654290647257767	2.226403861107244
1.7459963524493474	1.9890172280581253	1.6317312347080821	2.2065849989369815
1.644668164045704	1.9776671420764336	1.3215636826377617	2.177414002840178
0.5263308631606394	1.9303496234561357	1.30600651757115	2.149003453198502
1.1286124154473902	1.9044917820408118	1.3059627997561738	2.1218134762101473
0.7992106364342224	1.869222994471389	1.3600641810403546	2.0975063433788232
1.1653927133656672	1.8470006155756962	1.415010539627926	2.075957540749996
0.6516814247179621	1.8096535407972336	1.2738656064864662	2.0508966132565596
0.9796433258333921	1.7839873672148485	1.293711084033054	2.027482309502352
0.9635433108154954	1.7588760895102933	1.2031144816558186	2.0022509369942405
0.7435186032838972	1.7281128628257574	1.1649491086197226	1.9768823936849453
0.7115729394628636	1.6976217216967622	1.3256939274942892	1.957349916562186
1.1870018797192845	1.6824572877535733	1.2189049051834235	1.9354195233934934
0.7638902215567362	1.6554449809220126	1.24523699576971	1.9151232906889764
