2.4600332788516646	2.020976116245604	0.9338299605008757	0.6884387093213795
-0.5690856004490319	0.20220947612953566	-0.2839738891889283	0.0056010944885505065
-0.7826735182956941	-0.3661285462605911	-0.631488531002708	-0.36203879369407654
-0.9318828458800462	-0.6417784168370415	-0.5523902523813977	-0.45478284488771425
-0.7522342313009464	-0.6882485631775801	-0.3994237035331516	-0.4314925626382873
-0.938499891263909	-0.7807936584748164	-0.6770684053420959	-0.5223086538539345
-0.8576601035886599	-0.806137766107947	-0.1907456430003398	-0.4129870823241857
-0.5160321097879071	-0.7198683358423024	-0.43259705203292265	-0.41881864849295336
-0.695601717491534	-0.7132980466207323	0.110887855610182	-0.2753981370283328
-0.6499250316348733	-0.6975511992375693	0.28185232244281777	-0.13693335520404337
-0.4349693882100426	-0.6372706900905731	0.6206318431437556	0.03697974225119793
0.1783267636495609	-0.4632872000795687	1.2769810191438529	0.3014971990264208
-0.4839595318121841	-0.4674053643451944	0.2766519168524746	0.2965477195702144
-0.44593519978963747	-0.46339372452241756	0.02000592966167436	0.24487712933740258
-0.12822156753553737	-0.4044299036899839	0.177687638812571	0.23305687118929752
-0.4863433615872119	-0.4180440059096888	0.19026590504073204	0.2259449139568157
-0.5049310620898404	-0.4317283351562381	-0.09081499442609708	0.17605663834630025
-0.2767509589594842	-0.40853515192007683	0.013696420260976394	0.1517586889481395
-0.1358423876348086	-0.36966093680044365	0.24863866648060529	0.16556964021857778
-0.041740665134627375	-0.32503098325098423	0.12987270560438335	0.16071124894652944
-0.11681953182180926	-0.297921216567099	0.32360592800643806	0.18192076355037234
-0.3429791709876746	-0.30354411624948574	0.2807947165574387	0.19425966955647445
-0.3800863094929571	-0.31271502870510914	0.17417093106373938	0.19185280756117318
-0.000588571183180342	-0.2767519288141871	0.5215873528724244	0.22984475051712283
-0.27801441603692534	-0.27689190680399445	0.43976297159688804	0.25313796071849626
0.33346251582379915	-0.21157855829556882	0.3657190963587711	0.26518551749279395
0.1288281435925449	-0.17640546426530457	0.5339751037092908	0.2929587935783575
-0.48293147242110723	-0.20702382988350265	0.24270319291245457	0.28793898714392396
-0.09450857405069513	-0.1961467387094774	0.396099753872281	0.2983951136121581
0.059670958382774586	-0.1721878592925976	0.7136314984943088	0.3372845210115001
0.08400391197977952	-0.1489196627717918	0.5099243193702254	0.3529643003382992
0.4104553692058577	-0.09960742764142705	0.9547230988832682	0.40601291779999027
0.6366937314671262	-0.03654980734580393	0.9578466504619776	0.4532726085125729
0.980684525917628	0.04815064328411167	0.8805746438563653	0.48885216695438705
-0.22573128352004068	0.02596151797694901	0.7725261564190482	0.5118352868582021
0.05072186339866569	0.02791499623328919	0.8962199691493449	0.5421591255613638
1.8920099733558082	0.17120508998977413	0.994631864873907	0.5769402635871486
2.2032350040733117	0.3235034189096424	1.246832481645483	0.627148091291966
0.6612620928434056	0.34820119493143364	1.0672025430103593	0.6593259970463226
0.9092898336542203	0.3882536033081787	1.1920164754164935	0.6973512433390372
0.7554350261838174	0.41385558624249175	0.8993336177550959	0.7114347394656486
0.37897055428834037	0.4114784038297852	0.9754437617115455	0.7294247406402019
1.1525619042307351	0.46085605730623325	1.1271316317310998	0.7559235456332845
1.996119287326473	0.560927421661721	1.0349358927573853	0.7741101277754798
0.057057681316323716	0.5287824078611112	0.9553235283845141	0.7856707746252511
0.09636064066927563	0.501769966104481	0.7812829776363184	0.7853969497796929
-0.04779632140816892	0.46813970612962574	0.765816449418889	0.7841989054050418
0.5709993758212271	0.47430853505295056	0.7928286777112175	0.7847166621922241
1.1960286346846436	0.5167432440633366	1.000849330839051	0.79742465286635
0.7315880546504656	0.5291326721704999	0.8991205538345544	0.8032891911894231
0.9435830842723028	0.5525824141027611	0.8932809215153972	0.8083813163686824
0.2779258103097273	0.5373304775043426	0.7207359709783012	0.8035146224630354
0.2576074726058595	0.5220793430316362	0.7703682939506495	0.8017077035937072
0.2270547338343074	0.5062808976892721	0.6398638797683815	0.7930411478710384
0.49694188061815336	0.5057896415984096	0.5902165354041815	0.7823703930798163
0.3187994987442191	0.49612136474963675	0.6575357755724747	0.7759158378942721
0.23533600597029625	0.48286592860287514	0.6238900692272213	0.7681885060877423
0.5364486305714466	0.485543895356217	0.5301402375202053	0.7562901470917394
0.23425410490446197	0.47318953170936684	0.6043473879889021	0.7488199481392201
0.23593501248011806	0.46171340747657874	0.45063454811093173	0.7343965635686867
-0.0867062214353268	0.43560686386780056	0.38693832012803053	0.7178564301139527
0.11349670436373893	0.42051284107151266	0.40842777884787873	0.7033566584682809
-0.1665875427110245	0.3934243911702531	0.2148396606521763	0.6808167269799019
0.14713196713867616	0.382232976930035	0.2587406535254333	0.6616376424814288
0.26390638498525654	0.3769364907845001	0.3452258043813532	0.6474743587112803
-0.07971761364170893	0.3567960177028866	0.43321059265857076	0.6380244527714443
0.7856846407716112	0.3754380427353261	0.4251672013331744	0.6287725404368476
0.6911411786153647	0.38896465063696883	0.4169741876699089	0.6196982951892935
0.04692049382822616	0.37451620991967105	0.4285324948696456	0.6116232731115283
1.0196609849018987	0.4013900129502421	0.48208266552075507	0.6062272646760103
0.3202771428429376	0.3980575055086413	0.5383551942440274	0.603438756837291
0.6810003844843548	0.4095252208495248	0.3979754267594682	0.5951113737817362
-0.0644482045405288	0.39057133806235433	0.29759718413120106	0.5832141378753102
0.05446705793222417	0.377307569489431	0.3239300321735956	0.572982031095405
0.25292845667990815	0.3724630125376429	0.20973094535741033	0.5588330547026454
-0.18663337618729514	0.3509643714366111	0.1564601940782373	0.5433607375812284
-0.1859429126288482	0.3305803695536471	0.06898251435939184	0.5253507127670831
-0.3408323998255728	0.3054082805562681	0.07900400205000713	0.5086166652368764
0.08141385854248351	0.2971139770405016	0.012993506319040948	0.4902643402980589
-0.24852693347982036	0.2771559604963125	0.08248040378238786	0.4753487332923456
-0.032870985387513096	0.2659524895136709	-0.007209690863807627	0.4579105540576678
-0.19469423241037243	0.24950424895344336	0.03668648969218369	0.44286992298564654
-0.2813858559938843	0.23077081189816373	0.010697072638840233	0.4276198324991174
-0.13422165151793752	0.2180409425227967	0.0195642024831848	0.4133880317181271
-0.2927730791452162	0.2004302151219306	0.04211303012557388	0.4005879701827182
0.24914559427273764	0.20209048079150915	0.0609149701262941	0.38901042424488175
-0.1398375061993471	0.19056699151626844	0.09470663903599519	0.3790918926107609
0.4992490336708142	0.20085412624369203	0.07186169502117523	0.3688527125260346
0.035694740946417225	0.19541031143953513	0.05374765318502095	0.35846658597630454
-0.34529187817764706	0.17778205106618183	-0.017953300143431883	0.34619433335746175
-0.22300228221729612	0.16485587783021893	-0.04148058540566035	0.333690950732787
-0.1771110094590379	0.15394392646489252	-0.06903233519660612	0.32084030608140046
0.11340751546941275	0.15266388037842016	0.06694431604973894	0.31282381843406726
-0.24375151927280647	0.14027806752700722	0.0767224258518413	0.30544690419571485
0.22887436639207026	0.14301762393981465	0.10089472116065479	0.2991216144795452
-0.093939714137664	0.13576498940567894	0.04679262924210881	0.29139848587486017
0.28477909344857233	0.14027963245686825	0.04033632997701009	0.28379171084420474
0.09775912954412425	0.13900417729337566	0.020261800309306244	0.2758870955885191
0.21755277159793773	0.1413367125755276	0.07141395028462894	0.2698144670703153
-0.1149451036818786	0.13380036986344934	0.01580190533579362	0.26234487411824725
