-1.0	-1.0	-1.0	-1.0
-1.0	-1.0	-1.0	-1.0
-0.9483462959926202	-0.9701926420011338	-0.46581594159470874	-0.6917430071636503
-0.9641639334268197	-0.9672553019569539	-0.6755785989860867	-0.6838672966008985
-0.8441467709846194	-0.9154619945463339	0.08822345169012347	-0.35903900362697383
-0.7207401167467753	-0.8434521990738869	0.872450822045493	0.09637632814389208
-0.9746779207303492	-0.8867194211586686	-0.7653854494233346	-0.18776033550141358
-0.6570107039380868	-0.8184103238006575	-0.26889662214391885	-0.21188808001003634
-0.20786364720733497	-0.6531019700151526	0.8299007551155193	0.07018105372147732
-0.4207316661405889	-0.5953629560323168	0.8581380907108083	0.2659713980006173
1.0543045257896768	-0.2166510364986629	0.34955344175907865	0.28515917454607553
0.1246818115667725	-0.14383779619003934	1.4120127391063293	0.5255399241461194
0.02405862317416907	-0.11039105735457588	1.1046034427835063	0.6408955468740916
-0.22563308297318418	-0.13192348090073636	1.1077520962881908	0.728125842455631
2.192842245258839	0.27705268116524406	0.7622108111733275	0.734122166483403
-0.25510690165634553	0.18860727138849032	0.798281093728129	0.744785117153534
-0.0780164706926012	0.14661513745557264	0.6204060238673641	0.7251958019264406
2.0545427778956564	0.4321460693057546	0.9527909311807177	0.7592565835632499
1.2925370407564882	0.5548006370644216	1.0884526309766716	0.8061857672205219
-0.17679971775679892	0.45522970042691924	0.9685489458378862	0.8282832874847539
-0.36558129284506713	0.3483584354275664	0.5034299500616239	0.7859869510086543
0.20249518630973373	0.33015564597369895	0.4120662839213938	0.7393240762851021
-0.3825987012207407	0.24475654497421173	0.40238946531394726	0.6989541657871479
-0.012505994676560661	0.2151150371422399	0.46675778627835873	0.6722008178699099
-0.5034634784503245	0.13538003692388823	0.06897236067736823	0.6052653856987291
-0.3837828782199513	0.07982551702816831	0.31037981993889985	0.5737105378067868
-0.3180845273011448	0.03871126977919914	0.015505482962943296	0.5160337474425558
-0.4218181845390909	-0.00729036431978336	0.10039746864139687	0.47451639919323063
-0.3049549779511227	-0.03606631733453225	0.6053044920355071	0.48715987519780946
1.2869348864255268	0.08784163187109484	0.7509186024727807	0.5118628212279215
-0.24560316274124072	0.0575571281758942	0.5748302449960587	0.5175816635676274
-0.14582555656207496	0.039627896779079075	0.4543663178839692	0.5120091279747665
0.669753657432014	0.09359242573457749	0.36296880642553475	0.4992451780489433
0.18051282378998934	0.10083014991285855	0.44646165061105303	0.4948504752546299
0.14964419294260933	0.10478511963629167	0.42920084774038725	0.4895318827363142
-0.24988091444366745	0.07680608829013313	0.4016940769997239	0.4826025610850331
1.434897829764754	0.18120066736340323	0.6104979139360929	0.4924340312327009
-0.21454609962344162	0.15154006730118774	0.563692493012725	0.4977749178684028
0.7539566048673676	0.19559039085155727	0.6723001622353784	0.5105367046989737
1.8640565783476797	0.3146912042269827	0.7441857741616331	0.5272153569843567
0.706484480657745	0.342009078225205	0.5611864979991199	0.5295840679357433
0.22906878586442803	0.33431316016930746	0.5656005215112121	0.5320383567098235
0.17843809201724037	0.32392754102031995	0.5119626087047418	0.5307009661246693
0.005691666920106142	0.303184412765668	0.5384363159432521	0.5312052875965261
0.028904028624442857	0.28568635957563115	0.564348355606372	0.5333196759079784
0.6356424553047444	0.3075477423804618	0.5131158974563712	0.532057818280381
1.9942025856777237	0.4107617377807422	0.4412874109126643	0.5265033005704762
-0.00127899090021244	0.3860512025418765	0.40500389898710165	0.5192169866879897
-0.22032920792125643	0.35039827553701697	0.310981755617872	0.5069735709543663
0.03973272402232242	0.33248335065591883	0.40762124598787275	0.5012443552664188
-0.2305371283216452	0.3006282589710205	0.36847958422739	0.49373288699030704
1.8190932304233662	0.38495224396800265	0.5451427422260524	0.4965880138966594
0.14272582289053193	0.3717455492090207	0.652228064196096	0.5050743351656488
3.2264984563029735	0.5246185640919043	0.5431070769890189	0.5071112773952828
-0.1631945139551959	0.48843185829360247	0.49877058264620366	0.5066723661922763
0.2297908433245146	0.4750589004251602	0.39017376155510064	0.5006488241322427
0.1185172461579449	0.4569362980381759	0.3101963706304218	0.4909683264146365
0.045098867630041894	0.43635174299995216	0.4283748706378707	0.4878396953609303
0.08393590475014023	0.41902572437314567	0.41071259068139665	0.48404769723952623
-0.057270674911546915	0.395987068580147	0.29931815841780307	0.4751123481451216
0.29736731702427543	0.39129250111249725	0.15584276183694534	0.45991413120763136
0.10448139206977047	0.37785263239959965	0.21750866416189218	0.44855510602517845
0.10833702013219781	0.36541728258806216	0.17618866089822705	0.43598821436410495
-0.20663641681557077	0.3394228445231662	0.11293861434989538	0.4213086227232219
-0.3016099986758286	0.31072869728779895	0.15178031853525198	0.4092440596707061
1.1911376913708098	0.3495589846556877	0.10542597848835311	0.39584439020930384
-0.32957299546541596	0.32004011489818307	0.10781239638531348	0.3833249865189241
-0.088343383327384	0.3025429426840802	0.015007756496113078	0.3675444560725287
-0.2677223925370298	0.2784538605676483	0.04498461463483849	0.3539188820867749
-0.015008441827920826	0.2662297675218879	0.03820519241339371	0.3407679095240228
-0.09709502707752693	0.25130270201340865	0.1272847418229588	0.33199711055368275
-0.11399467899271598	0.2364972245797674	0.16068177629115077	0.3250537249429528
0.17505968647372838	0.23404034468042467	0.036128588593345556	0.31349966709614807
-0.44317347150787545	0.2073150248786817	0.008498861847942907	0.3014633707403134
-0.2378030319836919	0.18997715929652204	-0.0436011371503503	0.28802277141762866
-0.3218460172544473	0.1702963090732359	-0.02088994811470346	0.2761442473182072
-0.490678379371854	0.1452018562644548	-0.0945173175174786	0.2620716651291999
-0.2867020841024679	0.1290092301007011	-0.13034085570124643	0.24735962493396468
-0.36001431159380004	0.11090135989530014	-0.13530768307088403	0.23318996880651532
-0.3139874165878971	0.09536010034740561	-0.11780894747119164	0.22035138183212033
-0.3929806568825669	0.07771308606669902	-0.12037311085112368	0.20803870683338443
-0.348674904212801	0.06248815638449101	-0.15810928805735358	0.194964715900112
-0.1447098171362019	0.05517666483520256	-0.12494248040624256	0.18367609382730343
0.029866414536394492	0.054293695171283574	-0.14088918070927525	0.1723562181804552
-0.6018321453037049	0.03167323416297063	-0.21161238783673053	0.15911847550755853
-0.5307122678726157	0.012504831120319748	-0.2925964150303634	0.14372214615086065
-0.6162873835642813	-0.008686210199308375	-0.2809847086209032	0.12940900237414632
-0.2737510827883465	-0.01752004817286834	-0.24469892792457693	0.11694110488615972
-0.6201497106994878	-0.03738318707310018	-0.3020031648786956	0.10313231270981915
-0.5901927063067882	-0.0554062468002785	-0.3213844556597093	0.08929186298483005
-0.11844673922434645	-0.057439474588094064	-0.29578396901858106	0.07687234890329564
-0.4743474747936881	-0.0707426441827147	-0.31557084073254027	0.06434981395840533
-0.6114345348250075	-0.08781406510613576	-0.3036088623095283	0.05273210810246076
-0.5040546435443535	-0.10081930193849586	-0.3041731939257709	0.04158075014656659
-0.5454325743223216	-0.11456788288584374	-0.29106369754798	0.031294470308861566
-0.5047054859600646	-0.1265088247573224	-0.23383084956553535	0.023179756515466998
-0.4207099574870744	-0.13542251000519068	-0.20207752458691985	0.01635491228732877
-0.47794390870039083	-0.1456964409953958	-0.21956055706595634	0.009278608856418735
-0.49146384792812126	-0.1559651254353278	-0.2398486308340967	0.0018799106564502122
-0.5474452246572605	-0.16747732547049332	-0.21817448476468804	-0.004591160755334944
