-1.0	-1.0	-1.0	-1.0
-1.0	-1.0	-1.0	-1.0
-0.3035430706245371	-0.5981016119758602	2.268184616957943	0.8859430840878126
-0.7657465609630486	-0.6797824857653592	0.48862867681615474	0.6923614453177531
-0.8856770103666451	-0.766404891422037	-0.334215389424131	0.2604677123940964
-0.9770574168077168	-0.8443060041976702	-0.7613371603838366	-0.11740451291567355
-0.8313092695856839	-0.8400207816277292	-0.28230390296344987	-0.17177451851235592
0.42569631756307746	-0.4636311452260363	0.9569177042456054	0.16386761211612733
-0.8616298403656858	-0.5713912121119729	-0.32827027420912125	0.03061881945056588
-0.5954309206765425	-0.5773645992991081	0.10015379502177058	0.04789665266952925
-0.7874089007447437	-0.6255842009452242	-0.23549206988619642	-0.01716055372914571
-0.8585026711881448	-0.6752704267394025	-0.2233207207102399	-0.06113869679951289
-0.6733532994514152	-0.6748885047119435	-0.11199018386187332	-0.07126883634661829
-0.6453105022080304	-0.6693619405662781	-0.23012492571956344	-0.1009503266234324
-0.8102109340134664	-0.6941403363348648	-0.11559040816393307	-0.10352602439165415
-0.41094618806196626	-0.6470733543030576	0.4867618198193058	-0.005419979718443324
-0.7748248265522292	-0.6671936226494825	-0.10776026971583597	-0.02153806299585803
-0.11875441735941594	-0.5851169354677727	0.15333267719562693	0.0046322516102585976
-0.4207245357584083	-0.5616816548710872	0.11801648442648349	0.02079602375175371
0.17501995645345025	-0.4614165984884907	0.782475920938017	0.12446057085914641
2.356196082250665	-0.09455665779719258	0.9491243743039768	0.23183395908299054
2.425024708924151	0.2198712066792985	1.319767613402878	0.36760133397399675
-0.02904618079459298	0.1900471782637585	0.8516525631879357	0.425598626105538
-0.2103520083630147	0.14391359011035432	0.8892098201931524	0.4790159321723564
0.3333391977330651	0.1649329761609708	0.7751590789136253	0.5118770323527881
0.3054200805740128	0.17996652259727042	0.7014537798590517	0.5321636560702032
-0.4069071497735679	0.11932738740722693	0.32560840662081403	0.5108214646128315
0.8996371196366058	0.1972714853963653	0.42126751510302385	0.501876140067665
1.0462175883526705	0.2793411918250408	0.8618724547884324	0.5366779539780335
0.3007940365846684	0.2813505579172355	0.883356844646122	0.5691469253760799
-0.005117861081878172	0.2553327394721818	0.8677886984893155	0.596270715582109
0.16666893365045188	0.24751665165002312	0.7930126734091443	0.6136149229760823
1.0330659201998684	0.31479178974547173	0.6785818743422349	0.6191787479707669
0.44378227107792156	0.3255324708071443	0.6082417339523152	0.6182683537960023
0.0496764957865059	0.30318324184302625	0.8002326055448605	0.6330107606132731
0.46525342953378046	0.31596904504481715	0.6801617476359352	0.6367308096570328
-0.1951988578214383	0.2766765157454536	0.7790496445322126	0.6476705862071837
-0.1600758945986449	0.24394274363344914	0.5580193426444899	0.640951767584796
-0.27125475485199535	0.2062702229130462	0.5320933404362622	0.6329919067392569
-0.3068361181361984	0.16964293669426356	0.49444480199114604	0.6231019534339024
0.16903328115320004	0.16960050341481603	0.8879449562909152	0.6415682587365605
1.0889760378267752	0.23224850540157238	0.7945638130127166	0.6519936789995635
1.3963671594999347	0.3098128802737192	0.820086899216987	0.6631937820378264
-0.02108949417490491	0.28824404201783826	0.5090371054864964	0.6531455522497576
0.02764734188267548	0.27161911077166034	0.7419241309479205	0.658809535562072
1.2808777308882107	0.33466576916306967	0.9020754820161896	0.6740059951978714
0.06668660077836885	0.31826710634696176	0.6701954229298563	0.6737730423594164
1.0735296271788686	0.363561507925217	0.5762088270629084	0.667922169396002
0.13111147691167324	0.349894491662031	0.7364363804599534	0.6719508622446375
0.2023252431428051	0.34138481388638864	0.815340384373094	0.6802198106114004
1.2768721886302332	0.3943143263922808	0.7646372065592928	0.6849963943182655
0.39350678396060945	0.39426956136318947	0.7605546602435611	0.689192404864978
1.7409344779143487	0.46769459594539975	0.9714340607932821	0.7045815965509821
1.9338002970754973	0.5462052150893282	0.8213225460486775	0.7108334241617047
0.910225896452006	0.5653564551752148	0.9043090002784331	0.7210120875493204
-0.059895893354437346	0.5330279874580053	0.9200187199649104	0.7313015784015
0.41630467023462425	0.5270949112182377	0.9365655504124899	0.7417346559294633
0.5925413220195384	0.5303660998414117	0.9212571218551346	0.7507076129209027
1.9141203451182043	0.5983954924753985	1.086172580903627	0.7671998893988725
0.8729217766999962	0.6116745233477734	1.0122499924239103	0.7790531408719625
0.2970949241540961	0.5966994290229493	1.1000398357151533	0.7943329963136216
0.7346240894123042	0.6031625623226535	0.8336775414303164	0.7961766862363324
0.7361377613203266	0.6092978318198266	1.1557904638311256	0.8127688591981439
2.2591725298209417	0.6842691231734366	1.1527857896068325	0.828219522269785
2.018548277858809	0.7439953229227647	1.2693960996166513	0.8479680460600503
1.389175928513509	0.7724504989218672	1.3460155257438244	0.8699339797811403
1.3183686974640598	0.7961791604378805	1.2303290429140095	0.8855987541855352
1.2226621683849759	0.8144519215474686	1.2563798403122464	0.901484967647846
0.6969285601244886	0.809487766658894	1.2275783446673239	0.9152600610185699
1.1884915242472687	0.825275270216691	1.0588506810153215	0.9212413491663334
0.5859842704174301	0.8154441418380822	1.0749957784022803	0.9275585168393976
1.006400818661715	0.8231837202238916	1.2456119762730866	0.9404493373998792
0.9265636774081483	0.8273182522953069	1.1361614112492369	0.9482762528588846
0.7577596125655579	0.8245732592658332	1.0919954260315095	0.9539480217457126
1.4427314929148403	0.8486515757648145	1.0191774201562067	0.9564889253079054
0.6371461752223293	0.84051843554377	1.029079584153477	0.9592798548382986
1.2252208108966332	0.8551236657578605	1.0951426503222277	0.9644377326435334
1.38722987278725	0.8750729459018183	1.0273079967145784	0.9667947634489493
0.4305995990739775	0.8586148365296435	1.0070877841868726	0.9682869119202062
0.8600479028715582	0.8586670248891637	1.04667112163016	0.9711537320771981
1.8958236807441065	0.8961455835868342	0.8854137231116217	0.9680548721997637
0.4351199395775136	0.8796835577667794	1.023095869324718	0.9700196509396415
0.8982857963289677	0.8803396650111663	0.9720225724066469	0.9700900127921803
1.5769895913619107	0.9046362802608692	0.9724499077827102	0.970172283835433
0.5896043838477245	0.8937748502022564	0.9224447980776358	0.9685262477249876
1.0617699839745334	0.8995003992406099	0.8240841400682157	0.9636027280748698
0.41028178802257687	0.8830129717226232	0.9057084368602482	0.9616513600631449
0.8829022019663777	0.8830092449760276	0.8965190088511685	0.9594806715709199
0.9598997846731021	0.8855431242431786	0.7671130487098994	0.9531396673056114
0.7968331807029891	0.8826506499983822	0.7913712737627905	0.947865305447761
0.48336012726358923	0.8697725431990486	0.6241457156473587	0.9374244984326092
0.6733186525594586	0.8635037951572049	0.7964581783964331	0.9329262971535146
0.6461251571342557	0.8566400026378989	0.774479671634948	0.9279231430897525
0.46557456710576584	0.8444212193992797	0.7382537190849254	0.9219968287969449
0.346886263232135	0.8290362059345773	0.7664781981703006	0.917187763898385
0.9324408916986078	0.8322012640130725	0.7169976199902355	0.9110606978292302
0.1842831677188228	0.8125704712684116	0.6553314985106153	0.9033122769056325
0.2744854710921645	0.7964304988766662	0.5811589927287786	0.8936491285736163
0.25443019985870996	0.7803341112533486	0.5352075200158963	0.8830040621307977
0.08204800294910841	0.7597996157061657	0.5268818896122187	0.8725315455345106
