-1.0	-1.0	-1.0	-1.0
-1.0	-1.0	-1.0	-1.0
-1.0	-1.0	-1.0	-1.0
-1.0	-1.0	-1.0	-1.0
-1.0	-1.0	-1.0	-1.0
-0.9272668722472075	-0.9731026730860917	-0.5988303771543696	-0.851644074344184
-0.7184541373817976	-0.8891409791335416	0.5079736096736744	-0.4033563842298278
-0.9187393983461125	-0.897942755437769	-0.2951298837434292	-0.3711728908139835
0.6206606140297222	-0.4867738058448512	1.822783983415341	0.22285112778792104
-0.2676109873094291	-0.43231659331673233	1.311566927387847	0.49337344200264255
-0.27415615137964355	-0.3960080337473405	1.0561056083326337	0.6225587703696058
6.4551034191647805	1.0654717894819767	0.08793740260896366	0.5085130735736174
-0.7295551136538996	0.7078830238974751	0.02620436048980146	0.41243190773235483
-0.5944653221026832	0.46454482108644224	0.779370536949002	0.4809928385886284
0.2795937839717304	0.4320077538964817	0.9821442517198848	0.5691557646128105
-0.4414991955443698	0.2868301715822288	0.9368080990494614	0.6302593593653765
-0.07106062354957765	0.23046394164102368	1.1663363137919078	0.7146889659993727
-0.04674183645719587	0.18897860960626023	1.4357330220672138	0.8225965275936693
1.1137767642163827	0.32081492841087833	2.0426431522404824	0.9965225622958633
1.0952277549532492	0.42621262390426473	1.9961705094370608	1.1325747937244808
0.5416956647943794	0.44124895923199103	1.7241101617022077	1.2095943273163345
0.1458149146800929	0.4043807369571477	2.0925584012961393	1.3197825848021347
2.2643447082845385	0.6272342621180265	3.375922879966244	1.5661413282426064
5.0407209802126545	1.1357538314027966	4.131971671807163	1.861775075504572
3.0440075981856527	1.347498774427915	2.638232519779273	1.9479333066836966
1.4828778815745483	1.3619858946136274	3.338449116199463	2.096730630662078
2.4392027304568558	1.4732913339969755	4.311718928030292	2.3255979257126658
7.722126726354183	2.097478191150736	3.8199473804852504	2.474866252331093
2.613211207100924	2.147335103542857	2.7555621343005545	2.5020015896189642
1.8352571395812491	2.1181065417087663	2.659830840527006	2.516782761914791
1.7157614128855747	2.081564669661819	2.9802267048597253	2.558874669409517
1.5919637840431853	2.038403742839796	2.642448886014316	2.56624265278283
0.9791437609349225	1.94768789210856	2.731707274640857	2.5804134187904704
3.01813294871734	2.036818825602766	2.675925762961214	2.5883662938018372
2.648549635590617	2.0863807522681146	3.093222950527278	2.629269604010043
2.3219938845010373	2.104968417566014	3.012657334917468	2.659515088766175
1.302806881356375	2.043308086681772	2.837891804215157	2.6732271322649983
1.5020852845300623	2.002744329870592	3.1006302556491105	2.7052606691250656
3.0795751265803784	2.081485330930137	3.3649226885182904	2.7534972154945967
19.25091501822228	3.307098414335427	3.3493236576854875	2.7960293998197567
2.5041401788642115	3.2511120645659526	3.231280164256277	2.8263771856412414
2.4753565418507693	3.1982511077870877	3.458742747405698	2.8694683978218194
2.3077926529049737	3.138921134532934	3.5351004587330133	2.9138193688925487
2.9489265107278584	3.1265373319744523	3.4883929926048474	2.951271597922517
2.494617836748372	3.086223375351885	3.1452787474095594	2.9636486363016603
1.6810940168868607	2.9984474303337456	3.0713255524524143	2.9703749553964025
2.3301281989073637	2.957550687976873	3.0677661493266477	2.976335503139646
4.997954277706817	3.0799171476934504	2.720824066808307	2.961012494324138
2.4436466993408352	3.0425068270325726	2.738834301411929	2.9479492971175008
3.21131895687508	3.0522419936162297	3.233254864385507	2.9644022308666123
1.3477025160209783	2.955800935678268	3.282354615598015	2.982392404517303
1.647858848422231	2.8831687004347724	3.0343093228250506	2.9852763008005248
5.219156097050259	3.0105347465516585	3.194308727544813	2.9966739297421667
2.7557615952062577	2.9968920894810247	3.0762322328589944	3.000934786635508
2.431998915110802	2.967172018499326	3.3121733345288282	3.0173089340197814
2.163894941158505	2.925639112406997	3.2942591596812756	3.0316288478422795
4.4052951838297965	3.0008484291561777	2.991706725235533	3.029599817928058
4.448964337027234	3.073228165632604	3.2445674939157625	3.0403442519890973
1.5856920296660197	3.000096398656991	3.2377963150571194	3.0500519593584237
6.807609195207246	3.184267720915403	2.9267547880180502	3.04408777936181
1.3091572291357605	3.095006361215285	2.7821044396604755	3.031616443057449
2.0015096847075524	3.043764756634901	2.6925976830489047	3.015729387353206
2.335317777992521	3.0110776691879106	2.868628846542376	3.0089424067022916
1.4637982170404333	2.9407688140420256	2.7291487172624596	2.996228841366836
3.9694495896867643	2.9868147566931054	2.628094466691536	2.9797498678575085
3.056503605809313	2.9898885549078393	2.51980649771617	2.9594644254037
1.9359408673957526	2.9440783921555935	2.356495244944665	2.933256404386457
2.977304121636547	2.9455021134402597	2.3136749552811495	2.90671057174925
3.4661378956903297	2.967495133472791	2.8042899644814367	2.902384502098567
1.3568519142897784	2.9004029854486637	2.899328551066081	2.9022568139386116
4.948162731553267	2.9845355453937024	2.5278474738501937	2.8868744799062345
2.446044339378388	2.9627112905835635	2.635323007100705	2.876679927415923
2.3034359949869243	2.93634711127517	2.363720086567598	2.8561668724675253
2.2108083379126766	2.9077150902979017	2.3353968299863697	2.8356158214013254
1.687170118548106	2.860173622693846	2.280500466449317	2.813993931261246
1.366009028198135	2.8027191111003122	2.352490931840737	2.7962473864273907
1.248134589150748	2.7436981630101864	2.0850561346564036	2.7692464264548895
2.5040344649325066	2.7347129673260095	2.045655504554804	2.74211816270724
1.3925812900597156	2.685015488475748	2.0854094266524115	2.7178008570153622
4.895972632237866	2.765886379206957	2.0249958314408913	2.6924601881860823
1.7311366966286297	2.728493718644564	1.994831197985694	2.6672499004067345
1.478105310311487	2.683846076637661	1.917684311614031	2.6404848149396365
0.8681688069205113	2.6197767218687065	1.921501739915525	2.6151139351088557
2.6200396986005554	2.6197856400791504	2.086521549033309	2.5966783060395158
0.9390699796219819	2.5618413890752003	1.7887771731658826	2.5688247166055596
0.9572611440708942	2.50715065766836	1.8453081554627406	2.5441640801196237
1.186654183633168	2.4626483318821704	1.8607292160706157	2.5211314455810245
1.8409020074108442	2.4419271069310877	1.9334588402048416	2.5015457755178843
2.370259151379833	2.4395645918761018	1.8618973939792776	2.480462285146429
1.8387025008994176	2.4199742929161174	1.7948625830909686	2.458109338361635
0.6235608257772283	2.362036241239979	1.7951255874233514	2.436726657251107
0.985004387406448	2.318096456727912	1.6454481636108902	2.411477671032917
1.9229908472164658	2.3056215124918085	1.7469786136062924	2.3904971192567865
1.2892460850360608	2.273865381275151	1.7768843369940952	2.3713250562451265
1.0302850809269493	2.2354110531453664	1.6910196189204805	2.350288580755739
1.4394794500515427	2.211050008376497	1.6318913491147864	2.3283006237331225
1.4246944952491054	2.1872251333319013	1.8057255756777884	2.3124677293533766
1.4575231956269072	2.1653374165818557	1.7578425448632329	2.2958313865114204
0.8123124130255761	2.1251552473615094	1.8041808712014822	2.28123034748811
2.3668861436305795	2.1322638562281075	1.8599545592178583	2.2688419519194367
