-1.0	-1.0	-1.0	-1.0
-1.0	-1.0	-1.0	-1.0
-1.0	-1.0	-1.0	-1.0
-0.7940467953686867	-0.8996543580521547	-0.15401310661636103	-0.5878136586997407
-0.9139862712813407	-0.9056839662854159	-0.43245252831726544	-0.5224512361504208
-0.8342987331409302	-0.879285112825616	-0.38965608134311036	-0.47334251562750274
-0.884608882331542	-0.8810404515199836	-0.2352506391926913	-0.394839857767014
-0.2847387737091607	-0.7037166642756005	0.07239697996521732	-0.2558964711270053
-0.8380120027150313	-0.7400777901432513	-0.33194867622277857	-0.27648806310913754
-0.49676703469105543	-0.6796203117010969	0.17228098680569892	-0.1649786209753613
-0.3845092985795918	-0.6118720839491958	0.759601213028479	0.04727589958451972
-0.45450576839567625	-0.5783026870271608	0.2689862002130601	0.0945711395348039
-0.5386326063139564	-0.570399964622678	0.182786364109494	0.11214460056978348
-0.08749222790940869	-0.4801706850174656	0.148489415910249	0.11893552191662504
-0.4835172859142902	-0.4807594962055117	-0.06658275543791792	0.08629875326246639
0.023367264446199743	-0.3969735688223396	0.26739005337864397	0.116395901365
-0.5709259450136264	-0.42437026804656786	0.4084984385875239	0.1624007883523817
-0.47094850857369375	-0.4313409179729333	-0.11767911399094033	0.12048546227987678
-0.4492579685083947	-0.43389511639111045	-0.205789260047319	0.07397282211749157
-0.575459504024411	-0.4531620654713797	-0.07599813882019235	0.05356171257260134
-0.22093638613832722	-0.4229256591070345	0.02678821362061301	0.05007589797683232
-0.619260687624468	-0.44742693436682013	-0.11354177591338732	0.02965761746320905
-0.24423714392688844	-0.4230815434134584	-0.06231216027136488	0.018638271022688446
-0.35585034073236443	-0.4153351535670293	0.04967267050650359	0.022214124253829848
1.0869799571460557	-0.24863438053141718	0.03536951044506487	0.023674155680962095
-0.5686946546350363	-0.28288336559892713	0.17998928055280428	0.04040135526941091
-0.31078359727142724	-0.2857660910799408	0.03870072792434276	0.04022577578484787
-0.31941051760229877	-0.2891268186589657	0.19030432669767872	0.05521683726492976
-0.3842444855900159	-0.29832210239422663	0.24988403066672915	0.07403566221938673
-0.1687611084414975	-0.28618783522343216	0.23426112566068924	0.08904187497617788
-0.468812950409338	-0.30277447672150837	0.07886737184311077	0.08811765618628309
-0.38682636805490667	-0.3101840585610993	0.021692475977481918	0.08226203459057202
-0.15281174826132338	-0.29670640302342044	0.29242835311636184	0.10026109513086245
-0.3696601148900409	-0.3027807994903884	0.298407518952003	0.11676005334532213
-0.491938921645261	-0.31810592877940846	0.1304012528436027	0.11786535956699118
0.5766791447142579	-0.24751749001983325	0.2767155036987834	0.13039696392527556
-0.43397324412809113	-0.2618499494963692	0.3323516601809493	0.1459209576263274
0.5220519869628866	-0.20309745505585475	0.2698842802198995	0.15521193293861923
-0.11502064592646777	-0.19665701273142666	0.4443837936809647	0.1763569953527897
-0.21434911789710864	-0.197919940210328	0.5529416586599896	0.20323889381149107
0.18123096245063652	-0.17148358796807028	0.8550460214213729	0.2486862342757732
0.4624879816727898	-0.12828364006123227	0.9361225106314224	0.29552934486818017
0.03566789476707655	-0.11735967035318551	0.7249402354463699	0.3241406384488914
0.14480470223269126	-0.10027129624424569	0.5000465324104844	0.3356065291739452
0.7757915847740482	-0.044381439382510046	0.6475718536330737	0.3555090817370439
0.45036675351115485	-0.013475147683384425	0.7452220071992302	0.37985406258915755
0.2648802693614436	0.0035588512329742805	0.6954943594966685	0.3991697603421911
-0.06381979925862158	-0.0004818417542744591	0.4537725988196559	0.4024445230150764
0.05085073617410418	0.0025364612750964355	0.40268946836766517	0.40245910409975627
0.09684851604208977	0.007975214512087048	0.26981849899444366	0.3948103160516976
0.06515472488593854	0.011210447322244521	0.4814748871739565	0.39971381400511685
0.822417984532648	0.05625857678569357	0.6699747661127402	0.4147220318939424
0.4384826268230484	0.07709905075005263	0.7167515975773655	0.4311901393177424
0.14114001062131964	0.08052876376181484	0.6834180112008172	0.44469742512995447
0.5901643224060225	0.10734106873756022	0.7466874397129533	0.4605852334036975
0.7329934089376968	0.13969022425612598	0.9126588368353337	0.4839595711192084
1.4948274309997864	0.20857017732828997	0.9172496365980576	0.5059831694279089
0.6160168715656655	0.22893526791051322	0.9935922811302034	0.5303549575525295
1.386583726279878	0.28584878977340855	1.0808449687670936	0.5574186695164396
0.4108426153177869	0.291894832492156	1.036230155424927	0.5805790982680168
0.5144611078400927	0.3024896979715441	1.2400019767981907	0.6119697438563032
1.0357162602322472	0.3368486178591579	1.1158444609284994	0.6355812860212924
2.461571240575468	0.43488179599242494	1.2639241425594614	0.6645726188058583
1.18462663036913	0.4689504800898472	1.2108923949566694	0.6893975704813038
1.494818569656506	0.5148708238682811	1.373401520437842	0.7200152033818537
0.8878937548682677	0.5313227898558059	1.2967093086572161	0.7454499911125061
3.533046504091402	0.6617946110399129	1.1836805853357486	0.764497916581357
0.4208594618239254	0.6514721568815172	0.9989031241011088	0.7745415902619259
0.6581043771815769	0.6517526271759904	1.1313402161994617	0.7896138111469184
0.5693513152122993	0.6483205758937882	1.1442939317229963	0.8043886892785241
1.438773906934376	0.6807967969107667	1.120223227552117	0.817365154296416
0.6774060656775884	0.6806596551587623	1.1919563695745565	0.832547697756552
1.0704511766651321	0.6962475730467286	1.1806911716522657	0.8464701322834725
0.7960595551608374	0.7001868521233732	1.1692309330621202	0.859207883853448
1.1054577598999842	0.7159730928689432	1.136400287514224	0.8700052845558033
1.058684309270765	0.7291506937880476	1.0883188732992792	0.8783995090683969
1.4115541308909423	0.7550581472699924	0.9657573164168649	0.881715727667663
0.7658622196995308	0.7554629094073462	0.9510393693102772	0.8843144326739014
0.5646790644545441	0.7483986794658903	0.7792654704807276	0.8804248752689439
0.15525905732322665	0.726703377005937	0.8326414611789819	0.8786771953675785
0.6504327846291036	0.7239469864837083	0.6930357925923794	0.8719685075593513
0.48982590636067114	0.7155870554322714	0.8540211748585715	0.8713273300483171
1.1683401534483275	0.7315628899763107	0.9003149341183367	0.8723499522911766
0.2839513898457344	0.7159515301393056	0.9064188634406924	0.8735377521642615
0.8262807400878094	0.719754864395745	1.022777459601509	0.8786825153015843
0.5883251234745801	0.7152749182392504	0.9358813602144902	0.8806317239607728
0.5957781083772156	0.7112473547553966	0.7395950631673556	0.8758782081011123
1.0978420724170341	0.7241308493997451	0.9144505593918415	0.8771632708385675
1.4455741312232773	0.7479102186897435	0.8373935188722934	0.8758525159587571
1.1636359043555364	0.7614639405510728	0.878222588780198	0.8759298060067953
0.46236836942972803	0.7518175267186025	0.7651806836750648	0.8723579540415805
0.7729138512819453	0.7524906343771209	0.8594705670639007	0.8719466721176432
0.5728860925139005	0.7468198925642924	1.0303590758774108	0.8769482000455133
1.0010632153700727	0.7547635548345322	1.054357188304472	0.8824912177609092
0.6793426915268335	0.7524312571223388	1.093962193440936	0.889030275563784
2.0156098900910484	0.7910930273570493	1.1509697931862317	0.8970472600967989
1.2105035875140566	0.8038000347155791	0.9889599012217931	0.8998318087231902
0.4388694746099506	0.7928537547460104	1.0529480079841411	0.9044242209271054
1.9324605724382669	0.8266977920324223	1.0520187617417722	0.9088074597271154
0.9026610646665976	0.8289314214147876	1.1653304801590192	0.9163507687310093
