0.9144210528865875	0.6714926450665517	10.227654758766645	8.802933540836218
13.586316291861733	9.740408238780084	7.314375163928682	7.757653425713187
0.39560444649697524	4.347882272649945	4.705456822360654	5.996348601218051
0.26462502571063795	2.358415585930569	2.89817717324387	4.486840799213059
0.32500173577052727	1.5029329674238672	3.068044318851202	3.889935558380248
0.13612273465664493	0.9974746465454287	1.2915614624589367	2.9290341815318173
-0.7539378091111044	0.4200059447402862	-0.37353853242235624	1.8401231404984433
0.029842563142244538	0.3039818096028748	0.3421197918930583	1.394657550291992
-0.2259727318727489	0.16049409318788754	0.46584560182355306	1.1431772912140366
0.051022643641146725	0.1332927457698334	0.2003759057795107	0.908911450005506
-0.6659610688753362	-0.050190940058258304	0.33464598971297765	0.7770779136641977
1.1588764327045795	0.2077277515579088	0.3558932211228034	0.6872307842975276
-0.6791169310671032	0.031058721670411682	-0.07953918964353324	0.5344819539654269
-0.41642454874372725	-0.05255155784184806	0.26001443977302974	0.4831989872975586
0.4028977807194236	0.02757161199721292	1.389467390048769	0.642630798771382
1.1297949542872354	0.21076184941260268	1.8226321387938018	0.838747782921337
3.267011458769061	0.6921067975687862	1.9133565532626888	1.0079934161054718
0.4767564348876314	0.6598784473087125	1.6587740154806512	1.1053858013901263
0.9112649765445624	0.6957152925718124	2.3226845079983325	1.2789198772830952
4.948862005111747	1.274568228651812	2.3220264431276876	1.4208863574320647
1.8783028952891598	1.3531762426756782	2.211536497556789	1.5238312251662252
2.423463471845145	1.486741156148641	2.2991547447622227	1.6205865825931656
4.338289515401625	1.8284019839826189	2.5685947929638724	1.734173220654974
1.3541687156889077	1.7737615421390607	2.5925758996205124	1.833078414586664
5.191123668997747	2.1529610870391274	2.0718127655454834	1.8595696431232498
0.8587559295379592	2.014470802789321	2.2094649402329125	1.897011684024227
1.5323954379239955	1.9646604273414012	2.0972768611578503	1.9177049112533897
2.554677452005702	2.0235965484549596	1.6988367418165473	1.8958426426804569
2.4402654702478004	2.063877426871114	2.4941534614267646	1.9536832608729515
2.055071566399587	2.063052577218723	2.582470119226204	2.012573086314718
6.093435404740313	2.429103766511862	3.1961638398607235	2.120070109794413
2.38675704082486	2.4253708719108187	2.58211707640154	2.1608025272830895
2.4655775623780083	2.428814319275044	2.4424273251803648	2.184921236405658
1.4033175694654134	2.3434265871701947	2.3423788056271873	2.1980327583110104
7.162924767470628	2.7338929077606497	2.696959658721794	2.2384551570752804
2.7887309072820483	2.7382192012414466	2.9484864730608518	2.2944686728545562
5.23097290029924	2.929833674144361	2.8225006738431184	2.3350582055143794
4.506061044484202	3.0479703739353283	2.8353396100632784	2.372554036626153
1.4915584503094879	2.9341616524612038	2.864663023384663	2.4085386542716427
3.614186645196561	2.982703966322879	2.9026296521462145	2.443808392664364
6.0424454235338345	3.1960450296851715	2.706596907479874	2.4621316027074425
1.714996749311887	3.0951235879430117	3.062945840166358	2.503072197971068
2.7714482335112285	3.0735575522922405	3.0278652720447328	2.5380387958257096
5.520092291592282	3.2330281116743036	3.090028636947026	2.574019073407122
2.899232217501837	3.211733265148305	3.3265674030460204	2.6220288598803556
2.5066001320357674	3.1676854288220593	2.983031625959139	2.6445806912201038
4.280008271766448	3.2357537674774335	2.8132166744069416	2.6549005957214917
3.8535283392257567	3.272802997206063	2.5862058458571777	2.650781187695442
2.5387535032476958	3.2296442826102174	2.601586480768209	2.64788945530057
3.5472643537896626	3.247960955507164	2.540146398901206	2.641676795585033
7.195611554652103	3.4713162520742626	2.79411571608795	2.6503018883443596
2.0480247564581107	3.392278352612264	2.522649829734044	2.6432136586809314
2.4348144786298738	3.34007506848557	2.0740059426679784	2.612179236688162
1.474915302065773	3.240196206564362	2.0277505855383717	2.58088375182966
1.393532000785997	3.143041024134927	1.9167901959220166	2.5459449923341113
2.5634833784181192	3.1130750537883243	2.174597809663157	2.5267444821216105
3.0470386362905684	3.1097180937538944	2.158775551108181	2.5080407541133365
2.469283572062333	3.0777073698194233	1.8837678808310017	2.4768379017592377
2.178523168997091	3.0335004366656504	2.2347888070523525	2.4649378023906476
2.834251484994591	3.023862958989974	2.138412133225224	2.449143813177046
2.2078281232624737	2.98501646001613	1.9507053669650065	2.4254159756347318
4.229050707964413	3.0433114430999826	1.8796852593625166	2.3998430314913133
1.167078521803103	2.956743777371986	1.6603101254716388	2.3657218845050636
1.0875780356548606	2.8718084200202636	1.8845692844892765	2.3438586668294756
1.9967719403036992	2.832639433502846	1.716801947571041	2.3157899018458643
2.092387563315178	2.799991244187415	1.7557004831797989	2.2910876696351234
0.9874684075727684	2.721209116523981	1.6358426729835531	2.2626075392404092
2.3818435967108225	2.7066689676899385	1.542507985390416	2.2317548469021435
1.844463214619839	2.6702480486862266	1.5925454399077168	2.2047536776759324
0.9970718148503699	2.6005516176081485	1.5355400421973324	2.1768777477348267
1.5041898742210158	2.5555074826243547	1.5049241292940403	2.1492704029801044
1.3854870334506137	2.508086738647358	1.5675396027085768	2.125693034026811
1.5839719067800302	2.4711320075807754	1.7224315536246708	2.109567135509703
2.3717492103383093	2.4672100280855767	1.6163955258771705	2.0901047461925515
1.4623374002316867	2.428068996535378	1.5304845403376794	2.0683069542260406
0.7822575525301618	2.364783696323677	1.3982872217609317	2.0425430107103115
1.389338069714341	2.32775036247082	1.4590105263669702	2.020388936020908
1.9118148833802868	2.3121567616060927	1.4154217099071849	1.9977082311042325
1.7669740672934506	2.291969156727588	1.3620572421765589	1.9741707512530726
2.0630198253898695	2.2835950163460854	1.4088230753289097	1.9534920746907667
1.0566750636462539	2.239257801452164	1.2635526269570554	1.9285594722323478
0.977068011031174	2.194189136699604	1.155734870961668	1.9009643345334517
0.3868297577266755	2.1304131961126864	1.1627759381495189	1.8749156154355524
1.8861200760345707	2.1218928005365374	1.2778652486935833	1.8540923764915624
1.3001281070616986	2.093561852470025	1.246671963072711	1.8331510917794858
0.6153219001021071	2.0431771242520043	1.10166497484762	1.8082186159109952
1.0328866035319404	2.009128973277282	1.1728819389825307	1.7868068294668134
0.583187647991235	1.9616068201344312	1.2776318297939917	1.76983752998908
0.8546135000346424	1.9251193119222063	1.2568429056213417	1.7529285644834105
0.9548933920808824	1.8934872460567838	1.2493642960158038	1.7365107972628349
1.8761550653666998	1.892927824931936	1.3008307456681165	1.7224588905507936
0.7182167029390638	1.8554439834538585	1.1190355015222666	1.7032042886431156
1.015566374640255	1.8289260212569656	1.1407397336287262	1.6854451301365412
0.5616958075367553	1.7893320463196636	1.1679706904106641	1.6692767958728223
1.2504033707969398	1.7726671767730497	1.3080276519054599	1.6581062044487465
0.9719537962138716	1.7481594947808397	1.1768803706070536	1.6433770250166289
0.8609605217840859	1.721279291878715	1.133379529583305	1.6279252169147278
0.671914723953833	1.689803681123228	1.1531867410609298	1.6136854863367573
1.3138937571345553	1.6786397324528162	1.0547457614152926	1.5970859315019776
0.6666388779597809	1.6488797491194584	1.0709830487878085	1.5816146881509012
