-1.0	-1.0	-1.0	-1.0
-0.8011307746723607	-0.8603520927815635	0.746745615919129	0.22658178661986916
-1.0	-0.9409375163203705	-1.0	-0.4812312751622634
-0.8480824768334568	-0.8956961703970738	-0.4540281131208015	-0.4679771644015097
-1.0	-0.93957809866464	-1.0	-0.6918058387398983
-0.7409589596884875	-0.866127078778774	-0.21220837571414697	-0.5144467091871598
-0.7687928922297622	-0.8340344400123719	-0.01291233393763802	-0.3490828002565832
-0.08157885542092891	-0.6102748251687569	0.845572459479971	0.0061747800235816275
-0.49734190840474823	-0.5796977465698724	1.2172817997821297	0.33408757047591164
11.37676934401821	2.3912253223812807	4.245424295250843	1.3059699514952818
3.3640212797234845	2.6145484950652818	3.205883608983785	1.7421303212053636
-0.103426163870737	2.034749441983283	1.2076358233232964	1.6281117306132074
7.27969351579905	3.079598839866426	1.2594607340507205	1.554672437098314
0.6187904487160059	2.6198073786221276	1.2235913302370864	1.4928114077828791
-0.2964608281390163	2.1067732558590637	1.1315570830081616	1.4292587486886807
2.15966716244206	2.115563850644544	2.2308269032422405	1.5624795009977888
0.30373810247358746	1.8302094106782398	1.508836383659228	1.5540308596627548
1.0899437716284792	1.7194249327710112	1.3752984867471847	1.5272826266023274
0.5855471562258883	1.5577830193916364	0.9916519305260276	1.450924798370449
4.654196029439157	1.9792049280124893	0.9612307589303679	1.3842773111646172
-0.11875497917385758	1.7060460029280256	1.48194679773016	1.396994178852919
1.6330654996430494	1.6969385502316632	0.9143060262975558	1.3367578612983708
-0.08383032132863444	1.483574558720138	1.3197516541031273	1.3347204795149987
0.295739603393818	1.3467130668094245	1.3199459672339309	1.3330182775376764
1.343566629907	1.3463644246560178	1.3643772372680596	1.336498434890057
0.6994054245533883	1.2771348765493133	1.554284524748336	1.3598038383979034
0.590968201340762	1.2062364426195953	1.4603773608795398	1.3701962987383034
0.15793107269613582	1.1015226666163347	1.5651835546611381	1.3896730495705483
0.3670466261793228	1.0305191633440223	1.6887782561958042	1.4185881227554238
5.1387400343423435	1.4152804836353763	1.86279585148357	1.4601909529671833
2.848998016011956	1.5454950758048658	1.4930755880049573	1.4631776166652775
0.38823668627143415	1.4434757825656424	1.2998759983570682	1.4487814539434813
2.1971610091069986	1.5080218820372004	1.4427001519830354	1.4482605106054187
0.7340454315713487	1.4435764927387948	1.6402483211661973	1.464246410742153
0.5901627778309186	1.3744347118106468	1.4848053953618146	1.4659120077230505
1.4757687773199648	1.3824288813229484	1.3589253122185685	1.4574720625925166
0.7448692773854575	1.3334208610304037	1.4408832086713694	1.4561969090152487
2.6591949621220774	1.4327860073288967	1.390956013833987	1.4513073119027426
0.9953382497321428	1.4007986838855908	1.8143312792900108	1.4778525843650208
0.8644527265215702	1.362512557426125	1.887742097259189	1.5071120456779687
1.1578958780144761	1.3482459031844982	1.9055979113094437	1.534896815754542
0.88334163461927	1.316566577587421	1.3879470934442137	1.5248835481590004
2.4373824849965775	1.3912458121787377	1.562168819953785	1.5273681003824748
0.7822379014936525	1.3515497208125136	1.7522713820898992	1.542027982671411
4.641681355026124	1.5614483919367599	1.6703372662054852	1.5502140036552534
1.2452547448101607	1.5416964948816205	1.5464412399168874	1.5499784973282869
0.686991609509296	1.4893935328128105	1.563877456764878	1.550829261673504
1.0403308572402379	1.4624629289579838	1.7956939932944165	1.5655145733384193
1.281933462328912	1.4518486216028226	2.0660231986843516	1.5949428853854584
2.2354054162779304	1.497033984616352	2.0769434991792144	1.6227385480653647
1.2442185942565165	1.482730085000325	1.8619794110453425	1.6362748363331678
1.620663471715158	1.4903900828648	1.774233197192526	1.6439362366266406
1.236722410155287	1.476559664185237	1.5118450401169206	1.6367345834018763
0.9722117163661057	1.4495521670924978	1.6269319694106397	1.6362101497523422
1.287583102367698	1.4410307700929916	1.5078178076167497	1.6294552620111458
4.080851031441774	1.5775215687582693	1.6712625030621568	1.6316168388003556
1.8178277376567369	1.589735967654113	1.4308308608141673	1.6214110761363227
0.9558657199776779	1.5580537225029616	1.6188017547665092	1.621280545932008
2.0638256113646514	1.5829189679449862	1.547274125149074	1.617642075048082
0.8569961108201603	1.5478056013857224	1.680005205412987	1.6206585791265087
2.2126887219868827	1.5794568339243633	1.7939750028341832	1.6289095662914077
0.8914801768637903	1.547218528019473	1.565475184595737	1.625937233546097
0.7214451779482902	1.5091183389721472	1.504667956239635	1.6203424773093449
1.6394805631070741	1.5150420581478374	1.585720957650369	1.6187692566768068
1.2532513762245268	1.5033240505340832	1.6398874819017157	1.6197150509197384
0.8438186853456751	1.474236890219407	1.3922192967622844	1.6096815160566211
4.000198969676226	1.5840301731171351	1.5053690885868218	1.6051478215579897
1.7591309190163704	1.5915324910608528	1.6750966426326932	1.6081449009922348
1.3250618346093943	1.5802766742419148	1.7440707052834146	1.6138871065042277
2.5418885041960664	1.6203330570449137	1.929215982723547	1.627022327114502
1.3408589029587912	1.6088513292456108	1.804242208756536	1.6343039452220656
1.4359781046019249	1.6018450263288617	1.8016657050751168	1.6410873935624326
1.3699580228574209	1.5925723895407176	1.70325406687691	1.6435739647597423
1.4194730248145588	1.5857414834728347	1.7456743186645345	1.6476035173855132
1.563086268134577	1.5848596114078712	1.8201015942545462	1.6543232099134744
1.0085172911186655	1.5626980250875628	1.6821122122677075	1.6553918673028072
1.621584435810909	1.5649333929044333	1.6616214390184942	1.6556280770718415
1.3195369214532398	1.5557334269367575	1.7027807160104538	1.6573961972590103
2.6062029573713965	1.5946305912428795	1.6158332900184789	1.6558570092496727
1.740325077800002	1.5999599402560403	1.7680063104679933	1.659959373032474
0.6138474659309179	1.5643246593303357	1.4571690443638872	1.6526304402429512
1.2048082680881107	1.5514872504988118	1.5371846905416624	1.6485079061428753
1.7512148397986236	1.5585342412749057	1.7422219744445266	1.6518140414648999
1.2735989217866077	1.5485962699085754	1.7198613027519203	1.6541867532351326
1.3448854973821507	1.541572991178303	1.659661191211102	1.6543752453038842
2.4726611637635063	1.5733076987689638	1.7579621438377382	1.657905495060053
1.1238970674179711	1.558161991380771	1.7331404679730729	1.6604409365159962
1.8941742272786746	1.5693598175635701	1.705901877934496	1.6619556419185213
1.201098605317954	1.557221648167003	1.8823727604635407	1.669220699154148
1.6588202615730379	1.5605336874359343	1.738732322727779	1.671486612225059
1.4377862252833826	1.556574762528867	1.7710766995504161	1.6746985162668269
2.9520184771879494	1.6011013805244851	1.7844703436001756	1.67820078978425
2.048691306164734	1.6152331125797454	1.6869672670009148	1.6784774668327533
1.7511440643910987	1.6194793328037256	1.8863367617690519	1.6849716593671502
1.9460579920430878	1.6295780056167906	2.032789583956662	1.6957271033842312
2.999242830357131	1.6714989418558566	2.06246168170871	1.7069514919368398
2.0169797460955885	1.6819663264674105	1.8181813722903928	1.710321574011679
1.3324318882384456	1.6714819595039838	1.723342083541791	1.710712003912644
1.2102069769226094	1.6577830432233385	1.6733813927037668	1.7096034092423529
1.927468641346974	1.6657133113166727	1.7352598571873714	1.7103575503355115
