9.7199702452132	8.359671400322002	17.30694710050923	14.98390716432779
9.796908602497489	9.3689136023773	24.418959979549324	21.609293910727875
104.26561219125252	64.13014112657079	26.036489239091974	24.16405797394647
3.9069459458293787	34.78787025918749	15.419837589325901	19.903652819370663
17.564072999339594	27.541603274509352	7.172852561367524	14.547645770957104
13.308873275640025	22.278216755130995	5.368935949241862	11.153279749566067
0.3239485250434162	15.039543010105508	2.638952212444649	8.3459692931351
2.6493569962898516	11.355038868911791	4.07300941707707	7.075306621099017
3.8241186189530616	9.316006217248507	3.3021709312419523	6.053712057168207
1.1537032046717526	7.287850221148659	2.8166181055452566	5.24936407874714
2.2514496262267776	6.131650251980244	5.528509870763057	5.313446933959095
1.9937794915067957	5.248958745132978	4.043422344136192	5.042525130297776
3.569394613159691	4.914371100107987	3.917203452889824	4.8183485445271526
2.455078391325757	4.454863127710645	3.1603265834486205	4.508554645276349
0.707709312650723	3.795658419100703	2.4165630539240675	4.140528306997202
1.27351737748308	3.3764768965277403	2.412098583943951	3.853262155547581
1.2025295670637042	3.0340898002123264	2.9507385554570473	3.7111184200290204
1.1836856754481837	2.757167487763274	2.5354959734468805	3.5351804728180625
2.2853907969513125	2.689912797838422	2.5234063861936398	3.390945572949742
1.3120662517448247	2.5023875021605404	2.8310721696233867	3.314746350829007
1.2155813997776592	2.3348429352517015	3.0676249454095004	3.282571329078886
6.207352371692927	2.818107656002933	3.867024885017364	3.3555078046071456
3.2993903945879763	2.8757735660883865	3.9315207672502526	3.424523983228002
3.6634156158466897	2.9665259615772253	4.27560036477567	3.522585345619749
5.1988579588230825	3.214231951759797	5.083528345189127	3.6957924999383254
5.23081018511674	3.4300228249580345	5.602950400309534	3.8998745377724235
11.848676854199333	4.299892447486368	7.104101377161607	4.230956961846438
4.527646195389941	4.322641838105447	7.197746882103225	4.527304327640753
8.29304678030963	4.706471289399341	7.061510036651184	4.77229297153383
36.184150649684334	7.654563835158147	6.251257660176401	4.910808309386663
5.4029713892633975	7.450067007455184	6.4956272497779	5.054746076785119
6.958124629955529	7.406700252159659	6.338428859097955	5.167911154964426
6.199216991915771	7.303290685959224	6.041882403928193	5.242759205012989
4.939024760671189	7.106430686246322	4.794981509679238	5.2054761268017
2.016497673698528	6.694055767481905	4.250169166140254	5.128080154346206
8.65918874265695	6.849083043409365	4.72936291126476	5.0966264833749975
4.324400245478525	6.655016439254498	4.727806173346539	5.068277099378356
10.10312388259735	6.913448551460862	4.054919860848451	4.992327879197399
4.115054475986522	6.708822878473949	4.1210621664786204	4.928618891350688
3.8352393376202976	6.503696318582895	4.794232305035518	4.919025560544444
3.9671477085527354	6.32683521507984	4.989290759482206	4.92392456731321
18.781929233930057	7.175550032314376	5.273529737396194	4.947747699902815
6.920657607744812	7.158566933799085	4.754206195355239	4.93485231638779
2.9092046990592597	6.88158594477692	3.9743662142501543	4.872246464920824
4.707985146039701	6.742918829348224	4.186461153547907	4.828496283008025
3.1628356523159233	6.519277533384401	4.2909009977326065	4.79491374719842
6.062359117540509	6.491317661535517	4.027382733308453	4.747945863899234
3.6226338994428167	6.3192789197924135	3.923395361909603	4.698496674653508
2.413734879813028	6.089647851674449	3.845669359167542	4.648354538881798
3.194528896636382	5.922697164808946	3.7829156323156603	4.5984484190231205
2.784657119508211	5.7451500144289955	3.8314125513694703	4.555050883610545
14.046191730752339	6.206127379665792	3.3392043489795205	4.487533218566116
1.8677753167039586	5.969588065830913	3.420324235718482	4.429347304059898
3.759775998361474	5.851253030316095	4.071534215868833	4.410186989244913
6.666965526758893	5.894167826082465	4.139744281009998	4.395958149599292
3.9535198560991276	5.79382721868819	3.9425082545649426	4.37251254901948
4.4906346041090535	5.72758803931608	3.837528739721261	4.345320418492927
3.306612799741293	5.606582230149948	3.4618872462503694	4.301164167281149
2.259344438688437	5.442021615199463	2.977171323235185	4.236072700795922
2.782123553752238	5.313361063139946	2.9590742219112784	4.174303877500311
5.125154735337987	5.304401562219517	2.934338791575791	4.115277364344877
3.914873650509173	5.2392884463332905	2.859301438075095	4.0564224933848125
2.3953724031685515	5.108072694616906	2.6099810681848012	3.9896851585569717
1.8502472223425244	4.960035388463137	2.3741661886754257	3.9162750111803906
0.9914078042744325	4.782389484389938	2.1736260873321376	3.8382696816022053
1.2704545063880373	4.627497169229127	2.029999861200202	3.7585168783928404
1.5548490061043054	4.493942334696315	1.8530853737356443	3.6756958946751865
1.341441655470157	4.358873492242269	2.164526225622377	3.6109499086940255
1.2881039376656003	4.229158834735307	1.9084413987167288	3.539033120129493
1.5155999552878252	4.11612516706064	2.0310569847983366	3.47621854670425
1.5341544360636665	4.010044976219825	2.0844032354830357	3.4190358355779473
0.9205396850418044	3.8848276272205498	1.8990869835053568	3.3574326760681714
1.3081115276982556	3.7817856133766776	1.8748003406102631	3.298142901609351
1.2270727240701058	3.680967078007514	1.9287135506352109	3.2441001903446827
1.803994511077923	3.607856615881408	2.0622524302503926	3.1980658901522983
2.388366692846104	3.5609645093659505	2.1379728108680682	3.1573029500122027
3.074815704422546	3.5425074904070755	2.057528635551067	3.1155492219423975
1.2611596905648477	3.4569765535099455	2.013492442075998	3.074231332395045
1.6415717465140678	3.3897545163172715	2.1178421471930227	3.0388173999917942
3.193506934768913	3.382576517672466	2.48981618499732	3.0187366424275055
1.685426657846485	3.3212470578585256	2.618028676968416	3.0042561404143004
2.1290841663701725	3.2786781566221723	2.1050152848365804	2.9721464833691433
1.6692893809352314	3.221887913518775	2.1210579259461	2.9421140221981976
2.2626405855615945	3.1884325434099487	2.2021302804978955	2.916305786887423
3.2945698738837077	3.192090950399203	2.04926914330101	2.8864135895334466
1.6152510966134255	3.1383455844188255	1.870765874569257	2.851795870207428
1.8319731161187196	3.094319218318655	1.917123362897867	2.8202962191796175
1.8375966686328664	3.052435995954381	1.9675947257063435	2.791877696318634
1.3843553594241609	2.997454652167092	1.900297570257203	2.7624902747859
1.834425881857309	2.9595367267364217	2.0161589639669555	2.73815771323691
2.0426622164167183	2.929965637805497	1.9260467784815734	2.711965463588689
1.8393246085056272	2.895163932274561	1.8290128551909897	2.6837908932494683
1.7353614360123566	2.8585450795171545	1.9308932234428235	2.6600193255622275
1.472167020190068	2.815228613478982	1.8643454458810922	2.635159084173313
1.4785196028131544	2.7738940820293574	1.9315878908176884	2.613402633324907
1.847367451247416	2.7455358047016083	1.9280566398488324	2.592426151620046
1.51126652260066	2.7081400555297046	2.0719658158081518	2.576657265788421
1.8754213128908446	2.6831624686151114	2.112481042023738	2.562734070114388
1.7591813452556408	2.6557219255315356	1.918044533787961	2.5435879299206943
2.729778327859683	2.65789981820087	1.981268652437611	2.5270519367938076
