-1.0	-1.0	-1.0	-1.0
-1.0	-1.0	-1.0	-1.0
-1.0	-1.0	-1.0	-1.0
-1.0	-1.0	-1.0	-1.0
-0.7864047369628954	-0.9101377836846316	-0.13147163919597948	-0.6345991838730749
-0.5074924717287519	-0.7612361396496328	0.24536060766485024	-0.3091826217185589
1.364661216289481	-0.06029374463555104	3.6812389921914965	1.0065232745375479
1.3835709327120798	0.36907194046195757	4.835053878758897	2.1450231492286593
7.752178622336128	2.368083148301338	8.054929084573873	3.745158231196438
6.0276288216631775	3.2774014266256177	9.046192937343323	5.062351174220048
2.936040189820644	3.1990352501510504	7.975835501745589	5.731195174291677
32.92280783258592	9.53971847339519	8.625328480681679	6.348572630814842
4.832038064415308	8.601898074366927	6.240157306717107	6.326975614752067
3.0630447010740616	7.566987499519227	6.406833831010646	6.341897586334498
3.529541682545257	6.856713847622454	6.691520515941495	6.403402943651633
6.082271824491258	6.727999548128088	5.885258814135368	6.317285569575175
2.1786284763188872	6.01149366465688	3.9144337403976417	5.938846557062857
2.6433813221721336	5.507438557666444	4.246619250735957	5.6855958519259415
1.3131446678563594	4.909514028088864	3.7226784641316675	5.405768910914806
1.1600198329195086	4.399207402299594	3.6505442863401907	5.1668824927375825
3.2109766270857003	4.244497611765947	3.856786730572466	4.9963056838283375
5.675305940716595	4.4230538496740195	3.904500502990988	4.860055965587334
0.7239665983236521	3.9798452451745057	2.8265622425632406	4.616411811970259
0.8549674487738774	3.619799215667155	2.9168100914394266	4.420585484063737
1.6116574303183704	3.3969719493839605	2.859547000536881	4.247370069708268
1.6914164555731386	3.2144641341137756	3.2134372503671083	4.136731663033586
2.937032308359788	3.185799417056865	3.8210229888688056	4.104112221484684
6.553411984005984	3.5221848646540463	4.464633499435226	4.140123883673488
7.853333866021796	3.9408862205154156	3.250489528663131	4.054120655278714
1.225609271178449	3.6865828461709755	3.288885862656417	3.982451326034888
3.4594349402526623	3.6659527037245674	2.6481943546924844	3.861270120399735
1.737421769245687	3.495941492582566	2.7274216800428106	3.761314978445891
1.5066409022883267	3.325575892126574	2.6731165967030814	3.6681205207277188
6.007105421149017	3.5488554270899098	2.085919822932153	3.5363786430614823
0.5821888035076146	3.308502422908253	1.6419933111524596	3.382899549724012
1.643930244015432	3.1771872404796317	2.1736533519933308	3.2875044298565994
1.7796907166942244	3.0697643800423116	2.1758347222943937	3.2020525590708857
2.1251763594555717	2.998969434173173	2.102186605649915	3.1196197388253477
0.9933812458529432	2.852315772204964	2.573846853476398	3.0797117715420557
0.43535191695893793	2.6797846298228842	1.5134444999401624	2.9679063034203335
1.42453522718779	2.5922627838980197	1.7467357255053608	2.8827606636324212
0.5991666192408609	2.456449504879186	1.823880745523982	2.81060668879537
0.8051604752730672	2.346425581016382	2.0726810587200704	2.7614391753512617
3.4803217801236475	2.420335421079084	2.2431262414856614	2.727654853047926
0.9382480974490062	2.3257838263390873	2.2936726827957665	2.6999683320081913
1.454318142646379	2.271345063912786	2.1657868711325983	2.6665991460335103
1.343473754725312	2.2145647108242117	2.244778163485088	2.6407862644317808
1.959608963786505	2.199275025001484	2.4045174748146976	2.626617316906851
3.6435089098352	2.2841908315875257	2.9587408881214965	2.646145067779899
3.5779542804439526	2.358798430666471	2.5029848053342194	2.6378901549425673
6.0267681157987205	2.5663297755296828	2.8067800742719404	2.6474461584271185
1.3527935984234882	2.4989401399977487	2.394658090921723	2.633409156606397
1.366206500667786	2.437180269103007	2.869211903075503	2.646266289648947
3.2102269592260626	2.4785782735023387	2.514973221374919	2.639236618368459
1.1608011473775282	2.4092484661444646	2.329427472168904	2.62293718131294
1.39479205294474	2.356796233496666	2.129841975326399	2.5974416832297136
1.8131775293564356	2.3291649405340906	2.6615023254394137	2.6006980367052996
0.6031143402866859	2.242893138325238	2.050839585830887	2.573214619775398
1.4598415066125416	2.2043959517860157	1.8745001445977758	2.538863731891435
1.2552153718833683	2.1584833474906175	2.199132738798624	2.5224305196516723
1.026357347192611	2.1045906325335286	2.347542016020393	2.5141054853296367
2.2250757424151617	2.1102364519078187	2.281904239088516	2.503224492573614
2.6775628968449086	2.136412648360253	2.3891363636207896	2.49796073340227
1.321914371038614	2.099401195738183	2.33572179246499	2.4905881406164805
0.9948718832358481	2.0499595169923506	1.8526606403819028	2.4620327136807516
2.0401252186379297	2.049526042948981	1.9468378872197811	2.439310510404818
1.197921190497219	2.012510862830693	2.0574327214014794	2.4227124922834737
0.8553672044586653	1.9629329506729079	2.2336202619821806	2.414610683154076
1.067032615996418	1.9250885484592435	2.3656204384758723	2.412541320654388
2.4797102652970637	1.9481918229486643	2.6005708318908702	2.4203740783194783
2.3864559670093803	1.9661986265939313	2.376467617728219	2.4185709204167156
1.0753780059630147	1.930093706473682	2.485160860877776	2.4212698344791694
10.50654310734088	2.273065580927488	2.669886469316859	2.4312124566503526
6.763840759283732	2.450290163867359	2.4482052430922145	2.4318837492733616
2.276093628422964	2.4435055973669453	2.8954193966552886	2.449939905996235
0.7105773216655711	2.3768707828060243	2.4238736379685326	2.4489379992244134
1.4952038160656689	2.343397424333736	2.3889320184141516	2.446659479158248
3.245915962914986	2.377233821379671	2.487608125027739	2.448194545149593
1.4411567436531203	2.3425722723770166	2.4589831976895	2.4485941215767877
2.54484582232004	2.349971382761942	2.4347695893665318	2.4480889603605287
0.9500020412789769	2.2993810822254486	2.382868068181807	2.4457318532076737
3.6511799685827366	2.347648274755765	2.452853213541887	2.445985470208719
1.6717072006468174	2.323795983994176	2.4806144002920187	2.447206598122512
2.414704319916992	2.3269661437567004	2.6726909992569565	2.455070259918862
2.1932908000797684	2.3223574239658893	2.269060072922413	2.4486572574169703
1.4668267092463059	2.293196941632634	2.0702786117287926	2.435759894191646
2.034592173044683	2.284481342106111	1.9521604204865013	2.419461721798811
2.06830936679483	2.2772768447295113	1.9600812081246226	2.4041518673891162
1.6479014790443522	2.2565317667753115	1.9273238685923824	2.388434807436469
2.087886870682275	2.2510329340793254	2.2987430239264826	2.3855100040135286
1.161332766132451	2.215887737362098	2.0407337754367503	2.3743900598225824
2.320824037242192	2.219236007050341	2.4202610171450956	2.3758536080715977
1.9613785243740884	2.211094072536958	2.501736536617431	2.3798274951940566
2.225717076060402	2.211550740177589	2.265198047544836	2.376245742699992
1.9773827836135087	2.2043095279546074	2.188486123021284	2.370439574442888
2.4030745679131122	2.2103930213038723	1.9609348665523183	2.357905808814422
1.6183942899443986	2.192456460538667	1.978389744103651	2.346406977631685
1.1184367025998356	2.1602410797346083	2.049017545179999	2.337486479447982
1.4930617304198823	2.140427357543877	1.9773462096489127	2.326791250114265
1.3698199367487276	2.1177663278033787	1.9602751434907661	2.3160133535415377
