-1.0	-1.0	-1.0	-1.0
-1.0	-1.0	-1.0	-1.0
-1.0	-1.0	-1.0	-1.0
-1.0	-1.0	-1.0	-1.0
-1.0	-1.0	-1.0	-1.0
-0.9741480506742536	-0.9904397306935859	-0.7335674546215827	-0.9014709933972257
-0.8876325493351624	-0.9565425622306915	-0.19879625434782322	-0.6697879188295963
-0.8099177269248761	-0.9129403782861522	0.09230818329781143	-0.44316157134400647
-0.7701210018388047	-0.874271361043863	-0.6250556916792751	-0.49241028664928066
-0.8384180726523331	-0.8653626041955487	-0.3859188660751688	-0.46594951009809815
-0.8662095007889201	-0.8655570417505223	-0.4879223710437828	-0.47099385438394614
-0.9698473823376065	-0.8878042805431786	-0.7832375865747094	-0.5376017488001282
-0.9335594888089418	-0.8969192124480412	-0.5662911398693942	-0.5433169864025869
-0.9205440014340325	-0.9013334055156267	-0.6239885583658498	-0.5583901356818688
-0.8798005717517323	-0.8975453282376089	-0.4828352855879494	-0.5450984595768996
-0.1346220029859505	-0.770747041769325	-0.004147607046837809	-0.4551921613544444
-0.5650941378500496	-0.7383576718147277	0.10673039106374671	-0.3666919823042163
-0.6378051535671851	-0.7233095490178618	0.023421836659104134	-0.30830968253203084
-0.6586065820423768	-0.7140856627410799	0.18866956938696955	-0.23746181484094375
0.04479455213191064	-0.6108022158675341	0.5058537108573318	-0.1362968249207107
6.330053103840667	0.2929127165663996	0.7847411283611114	-0.016375569697158032
-0.02977763427096769	0.2526430086170266	0.8306418959285016	0.08932661912125206
-0.4105273945934972	0.17318487067322552	0.3507798725695632	0.12065303872120747
0.030165461523079085	0.1567064432408658	0.3558045892044859	0.14774727210096827
-0.018364333010995493	0.13728035832737073	0.42544001377422247	0.17856089884263082
0.7686319647519431	0.20484040024970107	0.09458556281487462	0.1695750196052146
-0.3727480793087248	0.14516069579529023	0.6442770741903037	0.21862452139513366
-0.14501147005019965	0.11617577030332837	0.39179073387853847	0.23592174300765167
-0.004873701574443112	0.10447373946832395	0.506920343133797	0.26211993022631397
-0.1721410618331093	0.07856701136867006	0.3976135711172337	0.27480986243147765
0.023475771870286932	0.07356355779455259	0.2761366686811122	0.2749304938824022
0.7560575074715485	0.1337297204984973	0.337993681260917	0.2804900925507745
0.04887741881037333	0.12646305614979703	0.2895588364009989	0.2812669478000682
0.03251497037985129	0.11864051190650393	0.47239445558870696	0.29718133628927856
-0.08148067393503922	0.10242719879704598	0.3098922543808902	0.2982112567272075
-0.3785474777525385	0.06448387364544073	0.5701235020644542	0.3196621112859188
-0.1500102726311986	0.04799615163950488	0.38299829861009793	0.32453071785370957
-0.34169323456876033	0.018789498579157682	0.5333373100870848	0.340180571290162
0.9100241242401663	0.08395898808252777	0.9132860879471341	0.382087625339085
0.9211075734147081	0.14371757927392403	0.9371941027251076	0.4217130824628559
0.4638461784189962	0.16603859873117455	0.8121576802890125	0.44893689738141695
0.4855404281517788	0.18781009329395282	1.0409333561360792	0.4892767042965145
0.4878270314439206	0.20779990353090216	0.8525851890959155	0.5134835622434331
0.44228681496556255	0.2230842472046617	0.8730693534644416	0.5369220984614753
0.767542449656615	0.2578188629266396	0.8135089788629328	0.5545675501143477
3.7312624459806045	0.47479963554770355	1.0920058962487054	0.5881407995114301
-0.0005009382757962255	0.44571409018821595	1.1201516950522619	0.620697211200693
0.07030061726402903	0.42320020718545326	0.98076010309941	0.6422910375130217
0.3498720682267247	0.41888893110061654	0.7815571824076102	0.6504795801996772
1.9504442905650348	0.507208825055089	1.1329899642164816	0.678304614578932
0.9631562732502781	0.5330061081887092	1.3409330000144797	0.71579576393519
1.2798552608181057	0.5744804794872698	1.478294385822466	0.7581392059809147
2.0734354263902257	0.6562083675455748	1.5327302025925476	0.8003724919054309
2.4002856174489704	0.7496045197313781	1.722412527200202	0.8497483532586529
1.0114743833888595	0.7633814876707425	1.772095150675146	0.8982736679532812
1.4736263598983874	0.8001040878978098	1.6039981385091626	0.9347625246940929
1.7551523579695782	0.8486479722118152	1.5894795902187044	0.9680409461878157
0.7882717379331037	0.845630217279707	1.752887937411597	1.0072692049213576
1.9042409396157467	0.897675046271021	1.5109963284662031	1.0320341789738383
2.744785928410785	0.9870210069000436	1.48122095977092	1.0537616624411843
1.8249374094036819	1.0269092307349754	1.3892288658097605	1.0697315755825856
0.9832222697566411	1.0248619905770933	1.391588352010865	1.0848136241790622
1.6279553671417335	1.052688610750105	1.5188143073797242	1.1048384235947157
1.5248458951262678	1.0741434754457688	1.3081282610425062	1.1140758395686179
0.5292830926069221	1.0497543028135672	1.0958331189132795	1.1132594945396845
1.931688517863805	1.0886517365020558	1.3376430789275173	1.1231559075564843
0.6570202810398453	1.0698907707479153	1.2242167216961262	1.1275488363734136
0.8119242347667457	1.0588380781521702	1.2441355203645714	1.1325438506444176
0.9660090328873532	1.0549169506439262	1.2549551656365772	1.1377148849695256
0.7715611791699235	1.0431141042697951	0.9729780147728315	1.1308532005943448
0.5247899769647102	1.0218189256532666	1.0288135591854117	1.1266611013821706
1.6154024398304099	1.0458773770302754	0.9969058567494671	1.12140252785394
0.6442206889198483	1.0298153231369978	1.118823310680694	1.12129952490463
0.7562259905792397	1.0190188353182275	1.123460387294704	1.1213852662703578
0.5556706974686383	1.0009707687306295	1.214436711555892	1.12500978653781
0.9492938806525801	0.9989834728595468	1.3115553696284148	1.1321826462329332
1.745485516260004	1.0273250021411253	1.4858031439513555	1.1456081486122933
1.316618140373527	1.0381706740200318	1.534859637871862	1.160201359425728
1.1637335516952074	1.042820184551526	1.3802165650692002	1.168348315621626
2.1829008008415665	1.0845207773085481	1.4820479429992752	1.1798223050493677
1.1798263438636285	1.0879642616923721	1.7076183802273333	1.1988944044960794
1.0379334336973023	1.0861776084207153	1.5260448408644414	1.2105755419160005
1.13329162240692	1.0878395268838612	1.6135531302026074	1.2247945501157091
2.2018904888031465	1.1266930844963952	1.4871111415606189	1.2339427819514643
1.535996432268687	1.1408040357941363	1.3859455920649824	1.2391831289599686
1.0844161669345893	1.138881806112685	1.4943822908098436	1.2478809754224036
2.2360890315114794	1.1758590422769744	1.473145687898946	1.2554727213283159
1.0048374434097838	1.1701591493084527	1.3063870305935397	1.2571691992660483
1.0013588486667384	1.1645952974517257	1.3949334063417687	1.2617099053459242
1.3708857595726203	1.1713204403595565	1.3726999043346884	1.2653280140013559
1.0969776167248972	1.1689225595765764	1.3305772482184341	1.2674322418448813
1.5296985622037087	1.18043401139473	1.3849136969242712	1.2711804352863147
1.628574243956801	1.19458307775888	1.3483994933002434	1.2736183429781454
1.4968409824587332	1.204027067979458	1.304025146522227	1.274568494972323
1.0190105687953235	1.198305651293496	1.283330259106176	1.274839130675124
0.9120370872801	1.189543762127946	1.1767316983623828	1.2718362646561627
1.484626292279554	1.1984838295590996	1.3310351150221522	1.2736295829384328
0.5104012688123056	1.1778448167942375	1.2641219497857525	1.2733443759293914
1.6529121150165471	1.1919529363665342	1.4233760112469178	1.2777996149066189
0.8680516836346386	1.1824279061676788	1.3485065992778233	1.2798787836111778
