-1.0	-1.0	-1.0	-1.0
-1.0	-1.0	-1.0	-1.0
-1.0	-1.0	-1.0	-1.0
0.1495111796877402	-0.43992894388716686	1.200486140585388	0.07213276260096446
-0.46456119931922457	-0.4502920553754466	1.2143615701300532	0.552682683054261
0.07750139451692784	-0.25510953460421826	0.8521505328971981	0.6634284199888261
1.4798349761622336	0.3169296148612988	0.9891792632803644	0.7708338289285159
-0.35405528458724467	0.11739694502627906	0.5496657220342283	0.7050643297894124
-0.901425838228541	-0.1584541718420739	-0.5035261013116856	0.3778327443866747
-0.7684692357814813	-0.31002975559784784	-0.49179886600488576	0.16174803464510568
-0.84948760077997	-0.43387241202813887	-0.4067006871320211	0.03124988833767417
-0.1767918269400124	-0.3790319979444079	0.21984055083892806	0.07147997752452873
-0.8071590800224294	-0.46431953117997526	-0.3846938306389708	-0.019394752663337123
-0.38248226158236975	-0.44902863947520855	0.1202463240933409	0.006696490839130931
0.17688051876301691	-0.338918035231328	0.5874734857883246	0.10886730425118607
0.053660608712663205	-0.2736711637590262	0.2774272216442597	0.13688211921864402
0.7646024949404593	-0.1101476953074918	1.0149954257807803	0.2751810602210365
1.5037652284615057	0.1313822011699397	1.0327104096056314	0.38854892915661066
0.007866568465491497	0.11377428629486763	1.537995999259112	0.5524104203497562
-0.022579860911827176	0.09521633663925555	1.4835250277896868	0.6791348694206116
0.11030279763885087	0.09718081315009952	0.9180953407899084	0.7102483660131558
0.5765001282781543	0.15699690533903254	1.2614151433229028	0.7790306219981096
1.5403434935012683	0.32274380794269386	1.2764073067846362	0.8386243877045432
0.19689025154713669	0.3082432169912652	0.9074622874413136	0.8465561186598709
0.31970302949240526	0.3095149555532659	0.8644475408569992	0.8485415775190099
0.053276037147819144	0.28209557015082054	0.8063833395013758	0.8440307639012445
-0.24790837859918613	0.22733255016261	0.5735467493880582	0.8160830444088776
-0.30529132290788485	0.17412966318460787	0.5480393520203286	0.7893088291525585
-0.13693754096593536	0.1440580988543898	0.3933093945717927	0.7510266764740563
-0.35484827701923194	0.09733231881879378	0.4362408530608386	0.7215450305610229
-0.1849069356597769	0.07169859210464957	0.629418308330645	0.713178014697945
-0.14117863775014738	0.0529321291967324	0.6689216638103368	0.7092764167531018
-0.03567633172203444	0.04534370058366388	0.5307845996434037	0.6939903436893868
0.2810472460987341	0.06496976424817902	0.6886373403809796	0.6935448075596358
0.5963408730297692	0.10802035442845592	1.0492830712774457	0.7223660128534324
1.2255670707167745	0.19618195848161246	0.9132835740427436	0.7374272351163038
-0.14379722471363088	0.1700485153485798	0.8206170695056618	0.7438221472335205
0.18911295545140572	0.17147762519428666	1.0454815671865685	0.7664315504617198
4.376335487223833	0.4789484717376602	1.310317548276081	0.8062021808141413
0.6423301575382867	0.4906111897051888	1.4920660821461036	0.8551614595797077
0.5998270114344832	0.49822639178198136	1.347362686682569	0.8894803866242336
0.2617747497116012	0.48211428877726337	1.0268390875462137	0.8988405225508218
0.1304501894750314	0.4586832969324617	1.017837247083908	0.9067692372267808
1.2167883795836612	0.5080980896666081	1.2627884312807747	0.929975327693249
1.266712315109693	0.556495004774717	1.3977026479796217	0.9598147779453423
0.48527579151363875	0.5520463779693336	1.1554707086750615	0.9720375007664801
1.1875711228482904	0.5909371490937141	1.1104928639605776	0.9805104247748595
0.35762677580887137	0.5769453771536488	0.9861837095370867	0.9808509202403652
0.3888364321764619	0.5658855074848017	1.2001094252932671	0.9937429213251112
0.9223166407494459	0.5864397118932008	1.0654212677627166	0.9978764437499492
0.7872383140228139	0.5978009639531696	1.3035955371860952	1.0151740778816043
1.1465994934833348	0.6282772250534014	1.3307881625261508	1.0327011416629652
0.5118880950998357	0.6219314174747441	1.3582867023051506	1.0504532092604317
1.5041732508749086	0.6691758831919279	1.5448052410167192	1.076926152805759
1.3991491125499032	0.7075802677589227	1.5378238598823164	1.1011741381874072
1.6399919343931173	0.7557902206568317	1.5086086366317977	1.1222403495458138
0.19349726952993573	0.7272093342758781	1.3338123679197014	1.1329938493509601
2.1454189524739133	0.7980943646072471	1.543527062837926	1.1535131135771786
1.576592249092677	0.8363676181686062	1.7157481701353907	1.1811541947739106
1.133420432134225	0.8507359361252487	1.5837740551539001	1.200628790643501
0.6337095318728991	0.8404048669597781	1.461831740203651	1.2130630259234403
1.4258904732017004	0.8678405217754226	1.403829696514431	1.2220022328137112
1.7100872549596087	0.9067015571495702	1.2925063971392743	1.2252555987841016
0.5194198666157579	0.8891034492377037	1.3758790053542707	1.2321002427419723
1.667795608969909	0.9239595943436902	1.3353237050270321	1.2367206863735722
1.4155003847144676	0.9456392456303693	1.466270997018408	1.2468453631371914
0.5793698191000356	0.9297191818804165	1.26063326636821	1.2474447852776875
0.8991024221169426	0.9284074622687757	1.1807602688491396	1.2445877507187806
1.1259132278893484	0.9367507493840508	1.1835726548705456	1.2420106576978425
0.4608002316173616	0.916925009513927	1.404569860068536	1.2487823603084096
1.1726596956195419	0.9274318091781075	1.45864167389453	1.257404365692976
2.216008482281513	0.9796582041227977	1.517368348848787	1.267941025744213
1.6446362446847487	1.006250917940568	1.4327097708702272	1.2745304493752538
1.7157631237851434	1.0342508977344846	1.4771461074736263	1.2825263741771602
0.6260970190756545	1.0183529399217859	1.35284356087227	1.2852656685153057
1.0451406168960156	1.0193827991837159	1.3954033921807567	1.2895004936066208
1.871523953996065	1.0517350600663877	1.4144036048525241	1.2942426356171635
0.8841188036888628	1.0454508131661018	1.4316790833872006	1.299395178740827
1.5713777150689885	1.0649249169512252	1.3957823446012658	1.30296404869775
1.0148620026670128	1.063093666298287	1.3921040649500576	1.3062244297650394
1.1639557870862158	1.0667378639063463	1.5671643248468712	1.3156531817682606
1.0894244322788178	1.0675475567072166	1.647242434748414	1.3274926281978745
0.7341647508168216	1.0557832267426472	1.3377263923194884	1.3278532297008545
0.7055810708624992	1.0435688920833992	1.29217580029032	1.3266082091223357
1.726692793781233	1.0671197552337044	1.2849635983164944	1.3251722415560492
0.739590536003198	1.0559560511588533	1.2339459031953002	1.322062632525724
1.20684367586083	1.0610410342723768	1.369511447904784	1.3236616005541548
0.9052293295727618	1.0558481792809826	1.478341996408544	1.3288164101143884
0.8038300386082793	1.047541170775491	1.489194633810551	1.3341021432259677
0.8409016716571136	1.0408042231386108	1.3137861053353332	1.3334398119234514
0.8315602753121483	1.0340555674539647	1.331927159367444	1.3333908825150362
0.9811678412354787	1.0323676871284944	1.4065154558854482	1.335723869822782
0.5017746943517374	1.015615126636745	1.2794993787483384	1.3339486348961849
0.799387074054835	1.0088590572927818	1.4101436543028818	1.3363291029729476
1.0973641844540958	1.0115956105577073	1.4757217904254678	1.3406391785005858
1.3552400481092817	1.0221134966292724	1.694887329081039	1.3514816093768687
1.8579393713532641	1.0474371386456753	1.6280822220427242	1.3598619367653213
1.1782360367483866	1.0513602950104115	1.5472125387821394	1.365481332911902
2.146910474931991	1.0838961513440868	1.5200928011271042	1.370073128244119
1.083250713506839	1.0838770391557069	1.5502852571733996	1.3753724541673815
