-1.0	-1.0	-1.0	-1.0
-1.0	-1.0	-1.0	-1.0
-1.0	-1.0	-1.0	-1.0
-1.0	-1.0	-1.0	-1.0
-0.9576907128801491	-0.9821999504616306	-0.6564550249937859	-0.8554663056258546
-0.848317406229823	-0.9326890645096553	0.2315011600761665	-0.45349663485045
-1.0	-0.9548825572079447	-1.0	-0.6336875407661309
-0.33479543262935063	-0.7704855878360056	0.29827554935468537	-0.35654719525906386
-0.8440102959932018	-0.7903927440272688	-0.3067752028743962	-0.34307115160556545
-0.9409515587928929	-0.8278033558368504	-0.7161603250556461	-0.43577574630903115
-0.8904914375663612	-0.8421945775733384	-0.6055137809750528	-0.4747422885514182
-0.019716959985307092	-0.6667434927839626	0.0019168661263728737	-0.373061283200119
-0.8596229370707398	-0.7051671740364682	-0.25540300361158297	-0.349622548603884
-0.8486121401484511	-0.731969231256036	-0.3544595228531321	-0.3505262312711708
-0.6146588342553636	-0.7113318397974653	-0.26113934245158765	-0.3348012007726492
-0.7604613111036072	-0.7194972170542548	-0.15611373710347065	-0.3051033145298747
-0.5144933457073722	-0.687209997516452	0.39823930682245123	-0.19432992425638718
-0.6834709744122871	-0.6866504782808444	-0.02339182541590168	-0.1687483227484904
-0.7329266262574985	-0.693247441641849	-0.17586149665965023	-0.1697623228487095
-0.8469812719776052	-0.7141706465327213	-0.22939195063085727	-0.17787799498386603
-0.4510549577236682	-0.6799124143240568	0.13005630937283752	-0.13778428592981562
-0.05552749747183994	-0.6019931052008556	0.1350868262859788	-0.10373159130583787
-0.5011014358927377	-0.5899046011632929	-0.09184655780889628	-0.10230740046541498
-0.08693208871935165	-0.5319523523754071	0.2881726315347486	-0.057316422879703066
0.09437375356644995	-0.4624536591430797	0.3016602262573713	-0.017483385724503364
-0.20579890996518324	-0.43498933257748296	0.2946049630380789	0.01591289824733555
-0.008141377979916986	-0.3908846749485889	0.3818477288636173	0.05372372249098789
0.1347119840847586	-0.338383630031198	0.49248240596867854	0.09755064258936463
-0.1534842790638412	-0.3205089413588488	0.7653355830994342	0.1621070248683345
0.31481034401093866	-0.2610071544914687	0.6290520363315548	0.20583947106502265
-0.0015353228923798978	-0.23744104574118763	0.7379636188297782	0.25416875948473794
-0.22280597291540694	-0.23615078415877255	0.29626260762561274	0.25787973729048863
-0.4012860152333081	-0.2502929519343001	0.3876961036558748	0.2689977001199564
-0.3219798586483015	-0.25626190419677586	0.24697588426760708	0.26716419245298084
-0.2632169525566578	-0.2568253725005707	0.22750214128751356	0.26395088273790446
-0.29777374890190356	-0.26005556515236594	0.29456128095288103	0.2663659915523955
-0.3639363244251528	-0.2680406041187353	0.4643216297914441	0.28158266150248723
0.454548495654171	-0.21388343291933942	0.6995583690664009	0.3129094908334049
0.3563751574893468	-0.17218461690095177	0.5945223553466987	0.33350177555251115
0.7195876004875894	-0.10852701323031	0.3255873896030226	0.3329366958083386
0.1604122085258599	-0.08977514723705116	0.4688571377208941	0.3424138437858937
0.13943712791029617	-0.07415619913095095	0.7767539644241499	0.37201058555132005
1.3088399230795584	0.01799134939409064	1.038546456456864	0.41642110183858483
0.2408017342413571	0.03251477497085431	0.9743679822246092	0.45278948276022635
1.309240716041142	0.11396528914343018	0.9289576530172177	0.48316741582168143
1.8782701245371798	0.22417807607000517	0.9726154231185886	0.5137422413920079
1.9773203517315756	0.33146112391832294	1.0016467646540157	0.5435996747569936
0.15979211748816913	0.3211660305063284	0.6933141850360653	0.5525784645418028
-0.16636584715833214	0.2925009672609371	0.5616062356713691	0.5531093340661732
1.5670698017782838	0.3660014711822188	0.8037376360824595	0.5675626184223055
1.6757976369261	0.44010894351653507	0.8487012882503613	0.5834694103071316
1.0780607362156567	0.47553580933989026	1.3137901103178673	0.6240257229262456
1.0405880830494816	0.5063446199883395	0.9833857935894639	0.643619547302495
0.10857227555737237	0.48504407336796396	0.5381795898250794	0.6379734962907597
0.30159059814523204	0.47539228256863386	0.4187772970628745	0.626441230948569
0.5625481096786338	0.4798984948215417	0.36246007210115216	0.6127920586632698
0.07539258522245706	0.459337991192448	0.23959484496066108	0.5938229426763317
-0.11748169086809213	0.43050728518307957	0.3808923708059091	0.5831801479516148
0.5499361786136898	0.4363786878043625	0.3909869121371008	0.573731232633802
0.047561893322586535	0.41757142107068534	0.3910928509867362	0.5648969578705905
0.7527025870455899	0.4335246530077006	0.4623350009937699	0.5600146005652564
0.475451364442238	0.4354891978844928	0.5497544702961059	0.5595336740441648
1.562894125864783	0.4875068384584702	0.47799599126743453	0.5557716178478231
-0.08638265602025685	0.4614290266230725	0.2641453497558166	0.542519981380869
-0.17869730759933633	0.43277533461130413	0.2282835152265088	0.5284539626478297
0.437182554686818	0.43296990524753776	0.1939876456928875	0.5137026208784721
0.0030196818836241146	0.414282008005433	0.32180806187449007	0.5053620316638938
-0.34243958355994353	0.3818602641894042	0.16763629821136528	0.49089216419831105
-0.2846203516641366	0.3537069891466784	0.1710787600369692	0.4773827822756318
-0.0015635237934535917	0.33890837179901934	0.16543976752044642	0.4643890375257824
-0.39135345041587066	0.3089056088827806	0.19648409937204647	0.45338220148326025
-0.10622276536397823	0.29208061155653176	0.25918993247572475	0.44551179745555225
-0.2699607682294157	0.2696049192090084	0.290966643016219	0.43933195647407786
-0.059382528304638194	0.25662182970976644	0.37335823330362894	0.43672838763266686
-0.01864145049926691	0.24590006460476066	0.2785210331139527	0.43056616521697033
0.1341855185763483	0.24160438447286148	0.2417502831822882	0.4233057639213269
0.047310777997503495	0.23422790840897378	0.38748623947329874	0.4219458718097353
0.09153268198560105	0.2288779457606105	0.3829142892346762	0.4204823565343747
-0.2185898816131694	0.212308885272815	0.38142940700809524	0.4190363528839529
-0.26003474636364965	0.19503197217472668	0.2634188176806598	0.4133444385668954
0.03172768867169595	0.1891305993968766	0.27984289069176715	0.40852000993597093
-0.08946829694303027	0.17918250675754566	0.27206047507502196	0.40364711136359843
0.058727515933470587	0.17493192410248204	0.26426785376492967	0.3987287294020203
-0.31097918545033154	0.15798505520002282	0.15544249587443737	0.3902437310897122
-0.3442428340958912	0.14067026779553338	0.19294998966228172	0.3834416318627014
-0.1622892036768382	0.13034406323493686	0.18788828683734726	0.3767762045482197
-0.28924464462269206	0.11620341469224549	0.2401047134099552	0.3721701750957287
-0.11358524498695377	0.10854510485354774	0.3003629842712905	0.369776794771169
0.014545147338266284	0.10544667705874611	0.3758997666969819	0.36997844174872574
-0.13171874132019679	0.0977144595208459	0.4094971179992075	0.37126679998169476
-0.14904533642869988	0.08975580054859011	0.3413974728302833	0.370303211617923
-0.10328392170597112	0.08359604784940378	0.5484169606603417	0.37598656946194065
0.5115199652038265	0.09710692098395213	0.5405947511114335	0.38118371549628716
0.30470346788112446	0.1035928819173384	0.5526697181325289	0.3865413718246269
1.091378976646995	0.134137398174623	0.707208510711292	0.3964570106464802
0.1992741287822788	0.1361310527995625	0.6327057467840203	0.4036878858265265
0.361417601396524	0.1429566412106673	0.7005945532665676	0.4126833824870282
0.43195876406011613	0.15162521010526198	0.6371407220144221	0.4194159297971207
0.3652577971695241	0.15796975388592993	0.6540404013940249	0.42638390743250043
0.573863372922097	0.1701997813662932	0.699982890783265	0.4344294745322419
