-1.0	-1.0	-1.0	-1.0
-1.0	-1.0	-1.0	-1.0
-1.0	-1.0	-1.0	-1.0
-1.0	-1.0	-1.0	-1.0
-1.0	-1.0	-1.0	-1.0
-0.7224222610336177	-0.8973494349700964	-0.7926553281255114	-0.9233222094714377
-0.7154397470682745	-0.837370886186126	0.2470341222322534	-0.5374369376754745
0.483716387905627	-0.4445157609961893	0.45724893218364815	-0.24164468657407867
0.5055779458612877	-0.18727349222886058	3.5713968702887104	0.7907540908392219
1.578169032811854	0.2514011516210888	2.74349724072395	1.2759690369144954
3.1976961276969362	0.927778114805649	2.852279900613784	1.6378405638508058
2.9487805508748095	1.3588993586336469	1.923959976228733	1.6988760063231187
1.8060939655976047	1.4479855426516837	2.7609727989058492	1.910457411963434
1.308854498151495	1.4219896139709762	2.5950652180737546	2.038373619237056
1.6978445037149617	1.4705179232349295	2.6588274502036477	2.1475240931383137
1.4461100699070215	1.4664610659979047	2.8104058437507486	2.2576950907370543
1.0799845708225	1.4055924811331328	3.3925593643280436	2.436430513281967
2.50030105890665	1.569420658702008	2.057350823822515	2.3796989886373145
1.1736722530964392	1.5130042837771827	2.9546030473124145	2.461655749354295
5.005791767700314	1.9883726193056988	2.9551372722423244	2.528818369945136
13.41176628014385	3.475724761832673	3.509268360082717	2.6564755260412367
1.3233135938962044	3.2071180526962006	2.839607171954426	2.6793295402755417
3.150299279829084	3.200310638567781	3.172993167415208	2.7384785662854507
3.5522340545806257	3.2408594946747833	3.015326769115914	2.770377250380483
1.5102399800502933	3.048826422998151	2.8420151813101766	2.7783268084819075
1.8361024129898933	2.919055860955515	2.194375324967352	2.7158401373866674
0.9176079537828103	2.7122545096715047	2.6178371622231347	2.7057141890335217
3.9514240896245427	2.8360332544659075	2.1843919744873395	2.6536400428455997
1.4242882762296056	2.6995570942841893	2.376633571908797	2.6268617675921893
1.8718466864478946	2.622036677338546	2.12110860692035	2.579494739562927
1.069111359308514	2.4809955052082504	1.8729596044347447	2.5153254229282442
1.2439092719969418	2.3719390144664767	2.023826692957685	2.471996900844362
2.043164847728762	2.3437827619542837	1.9636630751506754	2.4284629918334075
2.0713028739227535	2.3210947375835085	1.7648384586339732	2.373206184906571
2.580025389912087	2.3420733277168213	1.8068152668170314	2.3273188640643196
0.4959986893614159	2.1964393692521247	1.674992974364847	2.2758580155015906
0.55867047128847	2.0705473409116713	1.6343912452473597	2.2265500306643604
0.8130267650267031	1.9762983691401237	1.724950318729031	2.188956541640612
0.5877596732616084	1.8747646422170714	1.532378043184945	2.1409455870839027
0.9872460827147826	1.8114106398728653	1.3015975305010823	2.081030179855311
0.4404186898138742	1.7158181070165468	1.447532572816451	2.036859394295237
1.0710208591246477	1.6718805390975477	1.5140050966606928	2.0012312780922854
0.7977118439631947	1.6136357590188486	1.6741692186710972	1.979439790781142
0.9040560281140446	1.5673842346892641	1.5198117770494926	1.9494806475526185
0.4720129563590896	1.497503894718628	1.4485543820263782	1.9175237547813584
0.5256588659974817	1.4367946038740755	1.747344364735815	1.9068931696302718
1.1079411013431235	1.4166709243982787	2.0736785198369185	1.9170999245110707
3.017950022992193	1.5127020465358982	1.8435097051903253	1.912686736426168
1.277023803774345	1.4988447810766048	2.0674495920530904	1.9217859026180149
2.0237902201803206	1.5291167756167683	1.8160480261318748	1.9156886001992537
2.009216082253959	1.5562808576482285	2.149109510606563	1.9288958436025427
1.0476089576189378	1.5280337272648032	2.0558524616007086	1.9359467509110013
1.9130936926432498	1.5490294593482878	2.0103482841420712	1.9400044609057567
1.8572868910409808	1.5655368762003348	2.1498341421331166	1.951241085703595
2.31115647947779	1.60476444629334	2.388839094073338	1.9742632708211323
2.0778736000006726	1.6292263082295206	2.322346250812616	1.9922606971572434
2.2346777654903027	1.6600005583326949	2.1519109269860746	2.0003754222264005
1.0446245234878888	1.6292428248491904	1.9653639037124746	1.9986255448409826
1.3277384927366631	1.6144197087894971	1.8914127207054676	1.9933543619023908
1.3586112087364017	1.6020459895853914	2.0274825565057064	1.9950050313823429
2.1138109085977947	1.6264076252159207	2.0997239576715043	1.9999899647933503
1.639009321568225	1.6269982247201509	1.8323471163925071	1.9921343481076468
1.158612787994043	1.6053874838556847	1.8398997570721956	1.985110625478271
1.6613184236422138	1.607928987112917	1.8625620779631893	1.9795419339590592
1.8935408507686997	1.620713813840259	2.204622463407782	1.9896172337703777
2.1893934426453074	1.6457956315717523	2.154755448826499	1.9969010164003325
2.350482797776926	1.6764260404699747	2.1160755478027413	2.0020816728134103
1.5838937985415322	1.6724613720906367	1.9995298675460855	2.001972196680542
2.778137127223115	1.7191669357292927	2.0559861364856276	2.004253700300767
2.7952851666273637	1.7639931933555175	2.419739397064257	2.0215610595571687
1.5814632088435667	1.756494362203771	2.0475505032867876	2.022629313751227
1.6414250216597437	1.7518312051269307	2.0025836676219932	2.021817546464366
1.2469252764780094	1.7316401492516227	1.8285903291369392	2.014090458556542
2.8419296994369896	1.7754568054378481	1.8578401280525316	2.007924539472352
2.5088307254031617	1.8040234890248743	1.768743943286128	1.9986086548227573
1.156808968801153	1.779136620260224	1.7750693007562384	1.990013053553036
1.662196950682397	1.7746970508423807	1.6218529732862623	1.9760357245284
1.004174672332026	1.7458089756135027	1.4840764595802356	1.9575912910706044
0.7067301673121058	1.7073332641551837	1.412233536853917	1.937397334347835
0.6729891791770128	1.669499925364664	1.34045262361852	1.9155628401226932
1.373991982041788	1.658821012103548	1.3483231844410057	1.8950644640961296
1.1121134295594586	1.6392997741115622	1.431423274137647	1.8785092119574012
1.6889005672067636	1.6410493481461952	1.6045953033384714	1.868843069782038
0.9113614432162702	1.6156001168226775	1.5766015541721212	1.8586502915564758
1.4899516087535778	1.6112678940358327	1.2878999926123051	1.838972920907736
1.1293475015344385	1.5948419112357333	1.2694265484580836	1.819560279840803
1.8915649261713634	1.6048415820420967	1.4041145815087086	1.8055590821198044
1.660874522937407	1.6067083783099392	1.36471910794448	1.7908667592718408
1.2055668722349941	1.593486243263103	1.3803040669126152	1.777334076570122
1.0303924937914641	1.5751278453125783	1.2968256473453916	1.761668149867491
0.8474026971292561	1.5516571396943317	1.4140780377799786	1.7504575455850309
0.9557596816715039	1.5326423420366568	1.346745335314825	1.737575131647508
1.5203174474679657	1.5322528675851603	1.3713340139776617	1.7260114020821247
0.9193647915520147	1.5131033508225777	1.3746456340566868	1.7150329531007045
1.3009299821187215	1.5065424259392652	1.4294161347454337	1.706200980272619
0.7506538286160429	1.4834070769196233	1.314101935692884	1.6942001402016933
0.5738590191074411	1.4558498014184855	1.1872447587862318	1.6788405839678262
0.6639426558210297	1.4320963630835983	1.143077170054147	1.6627700951260689
0.9173657959981547	1.4168096050692451	1.1331211204425866	1.6470402589539348
0.413752549187518	1.3873127598504449	1.0900054064151279	1.6306595590409922
