-1.0	-1.0	-1.0	-1.0
-1.0	-1.0	-1.0	-1.0
-0.8930646860013428	-0.938291754813932	0.10161482827199309	-0.36430057217141676
0.6594305149448818	-0.15984072644360303	0.3380683647775349	-0.022088468360867197
0.18047226429350682	-0.016666790525417974	1.6930117661380812	0.6994756847667869
1.0916486032179749	0.3931976162674642	0.6089332609960931	0.6659922162623668
-0.7213045026836836	0.025728421242292132	0.2095777888458239	0.5155050335449398
-0.6127141653889505	-0.16412703758307878	-0.05768132603985687	0.345054937689111
-0.8027270366673684	-0.33703103837905724	-0.09431413820474221	0.2260936299070868
-0.7689822417402405	-0.44436158216410615	-0.5055581520854955	0.04429396517676598
-0.5113700950753564	-0.45974471189428445	-0.2784549156724122	-0.0297991782526007
-0.8298164404876085	-0.5386885244327441	-0.2146080368999873	-0.06922274794569205
-0.8067108061011138	-0.5920814496598616	-0.5510145872850432	-0.16520086695109848
-0.9053053814043333	-0.650605983728639	-0.48099279503537495	-0.22420515151846998
-0.8710399176957143	-0.6893850570158814	-0.37538849546066266	-0.25080165462166715
-0.8722300879062782	-0.7197740301407997	-0.4988538438481507	-0.29202811690891006
-0.7284952172327765	-0.7211475511237468	0.20299736264055412	-0.21406371596072093
-0.6816699767419914	-0.7152395493271995	0.1164299312080257	-0.16460374411694578
-0.3170322041413116	-0.6584723739605594	0.39973788647603503	-0.08415295072195117
1.1588994061043572	-0.41112797004866186	-0.1555997426463388	-0.09387689942275779
-0.23796241019434483	-0.3885813138033587	0.5354518512657302	-0.011936676251222633
0.10229757866193157	-0.3273228042521894	0.1324510932484979	0.006081991664032227
-0.2986764453048767	-0.32389039060955316	0.21120443947954914	0.030659107149656695
-0.41890015639240796	-0.3348373403964797	0.3190886438433591	0.06389179363613717
0.31195232598457534	-0.2630678427943335	0.6376092857964155	0.12755311210718223
-0.4438236090839365	-0.2824101375462462	0.30255691990596234	0.1462800569147995
-0.523361576229894	-0.30730656315145677	0.4442864114981999	0.17707218471465458
-0.5453568567672187	-0.33108506911679714	0.4960448884592843	0.20893384540470805
-0.08713549233946516	-0.30750180146680417	0.5846537317769818	0.2452557286024588
2.5003641052008208	-0.04452685112403898	0.9228328144241851	0.30871526645919856
-0.03989948231955631	-0.044106475898770814	0.5550286581806534	0.33108637145272457
-0.12180037656743836	-0.050955512059005614	0.5513367321276099	0.350503000577868
0.2707810314084369	-0.02340177054090342	0.8495098486140793	0.3932383004439455
0.8923855554882365	0.052851672727101784	1.076595165560998	0.4501383674123747
0.33626097528253474	0.07581302000617351	1.0046344431173182	0.49506265059753196
1.4698324681237622	0.18578581667071847	1.0090826122218357	0.5356134825246224
0.11789060091321746	0.18056686109488385	1.0199356618829256	0.5728424697977081
0.6709863192147485	0.21732330567729607	1.0177451032259959	0.606187526417763
1.3613481026921357	0.3009771965541179	0.8206266564006934	0.6218677200932836
0.22259452460522478	0.2953820362038304	0.38215125671505246	0.6047560078824827
-0.182331964422197	0.26207344218903494	0.4115222714539917	0.5912828249213997
-0.08710850595191555	0.23827968093017815	0.4971189503136737	0.5848665768537338
-0.04574873951120062	0.21935509076907045	0.3713590431188656	0.5706407012623984
0.045788916697588444	0.2080418020965331	0.8415005580455766	0.5882959841823201
0.8369964539516568	0.24816682054626127	0.5569513675353917	0.586296406599321
0.19175753742522006	0.24464320814925822	0.617052660116828	0.5882179305431214
-0.1384937033645326	0.22119745220832132	0.5254873955346959	0.5843792803788743
0.1696294756879173	0.21810497971554943	0.44001706683748476	0.5757218377952631
0.33735457039105476	0.22511670160258368	0.7949338404111581	0.5886110815152337
0.42231447301448966	0.23648867855501998	0.7138561105182188	0.5958338547630644
0.07891578668211907	0.2275734398265279	0.7355103847830047	0.6037368070524578
0.7468954876704779	0.25641281116169146	0.8038383747638624	0.6148492013545621
0.48267778628070346	0.2687497072264209	1.0901872828519528	0.6407664273668554
0.6947071973556442	0.2915602716476593	1.2395299794353907	0.6728309329504816
2.9899395887667017	0.4335249127784724	0.8935166544630095	0.6844413465304917
0.006853632534333576	0.41146397151253034	0.7030077847510647	0.685401205053803
-0.31468624567085524	0.37455466609220345	0.569931483983219	0.6795320585909435
-0.06934030490696197	0.3523677860908301	0.3530837696842186	0.663215373483784
-0.3458391891191872	0.31804166722542626	0.4121693905102435	0.6508730331909705
0.15191837063872948	0.3100061830857561	0.43678430684468017	0.6405174321396159
-0.07179681600125909	0.29183118521283724	0.5096274666907581	0.6342867394953149
0.19644196358757982	0.2873611705684367	0.5876085747158057	0.6320992838916173
0.016608398223332932	0.27486879298901123	0.6430250020956636	0.6326033000336575
-0.04423631857736543	0.26036862102909786	0.569491987468469	0.6297356827878153
0.4120386952609596	0.26715801398060446	0.8339703118353146	0.638878075212
0.2166402954051152	0.26493011224369756	0.7730610759017769	0.6447963977686186
0.6994860485180399	0.2838185472384922	0.8378520440139672	0.6531878726791374
0.2595462853076096	0.28277880936735333	0.8544594717718843	0.6618116604348732
0.6845812320458764	0.2997516417786581	1.0249129985148269	0.6771496836398254
0.16640319258567793	0.2941970561519076	1.1135478351290007	0.6953281675782794
0.5625896380114734	0.305223997695506	0.8410838854347056	0.7013165863686674
0.24880557450045204	0.30293755142483647	0.982967083943858	0.7127321764153973
0.8137932534877683	0.3233666965978792	1.0330637199298227	0.7255423194324679
0.39630285127831755	0.3262452716422781	1.0649986538628746	0.7389389055833444
0.5515063142584677	0.3350198579267476	1.1520579356466065	0.7550309665898312
0.7256045283129866	0.350038678069138	1.1848866723521825	0.7715598350886574
0.9697900412550162	0.37356801952185004	1.0947549264345007	0.783830214493471
0.49331670028722874	0.378057709383097	1.1171016622133694	0.7963252135409378
0.17343154720058918	0.370480810123484	1.0490536459289097	0.8056835966981817
0.6599673601448957	0.38106926321332013	1.1818835444003568	0.8194437346926324
0.47476215459995585	0.38445490962896156	1.1574686082962904	0.8316586676585496
1.4783461801366982	0.4235138518961088	1.334303936445802	0.8496062592575861
0.5465515023006142	0.4278550294137373	1.2023321994921838	0.8620521866003463
0.23313692139870068	0.4210637459513302	0.9917144258904222	0.8665739997971293
0.5818059209392086	0.42660514623265544	0.9024218892444578	0.8678095268980408
0.6394687318519059	0.4338602060299852	1.001105697350468	0.8723525691023726
0.9832598477152086	0.45237534694279424	1.1947356881151157	0.8832169629443964
1.139592958865439	0.4752779709629289	1.1733272569541464	0.8928852670240066
0.7145237482806983	0.4831635314849241	1.17449881211853	0.902167259694439
0.8806863161787151	0.49612388401516005	1.231789863367022	0.9129139173769165
0.7203699639469747	0.5033559775772067	1.220826249771736	0.9228443309056227
2.1563675245688483	0.5561014208819945	1.1507199442682579	0.9301152550766048
0.4998822367243405	0.5543261667355244	1.115904794899449	0.9359808999547887
0.6660611032582189	0.5578171503191351	1.3360167453018654	0.948479633309927
1.0670431762097912	0.5735634254822488	1.170519783201652	0.9553454243224264
0.7094686718155789	0.5777229655618195	1.300350392571512	0.965904830055758
1.3382082958207828	0.6007641600319034	1.392803040702458	0.9788390560838955
1.1335022812498208	0.61674372646719	1.4965437634677996	0.9943677162964824
1.1974599397616803	0.6339894995530222	1.5225342466853067	1.0100528148499346
2.3475727955858776	0.684380516229071	1.5496810409130113	1.025921458504651
