-1.0	-1.0	-1.0	-1.0
-1.0	-1.0	-1.0	-1.0
-0.9671225989949308	-0.9810277214757457	-0.587098841365892	-0.7617306859691927
-0.9515472928874248	-0.9666641023804268	-0.49847270318682113	-0.6334646538500541
-0.9827632825022	-0.9734372286203736	-0.8317700734810385	-0.7168942232795037
-1.0	-0.9832603693674759	-1.0	-0.8215891683700656
-1.0	-0.9887796934937655	-1.0	-0.8804140749061317
-1.0	-0.9921163067108453	-1.0	-0.9159756683459546
-0.916326503649122	-0.9715958550082645	-0.7171132901355203	-0.862132727191499
-1.0	-0.9786536713903592	-1.0	-0.8963897659745945
-0.993445600235921	-0.9820494360478651	-0.9613649254148198	-0.9113060339332856
-0.9717063005061093	-0.9798430342166247	-0.869166230672678	-0.9023167532593197
-0.9534032411639412	-0.9745759385213909	-0.859761511838941	-0.8938392795210093
-0.9711751382037628	-0.9739405158705637	-0.9270506358026538	-0.9000446849796492
-0.9783436307314176	-0.9747151225688541	-0.9787169607839471	-0.9138848274457936
-0.9231448442451582	-0.9661441137824951	-0.6806773472371843	-0.8751256128824975
-0.7626917963026085	-0.934101328198624	-0.4321981124102773	-0.8053666175264217
-0.8589117088618727	-0.9228488236429028	-0.4171535680234567	-0.7472685865419018
-0.546049850954571	-0.8691335962739515	-0.12559648539342294	-0.6586450414604778
-0.2915174782052379	-0.7905201489983661	0.20511119993293891	-0.5410880103139428
-0.26739942031780894	-0.7224085874004298	-0.09246563525795459	-0.48267627258665613
0.06027246253159024	-0.6247350550504361	0.3542262496711934	-0.37823624700940783
-0.4365377247437955	-0.6021859684773136	0.34340128816683824	-0.29177251994473064
0.12995234892154217	-0.5178292952726091	0.6281526230614192	-0.18577909262868486
-0.2861014164602391	-0.4921161710310561	0.37711564278064746	-0.12331888137418145
0.09101390178425417	-0.4297162867139198	0.8217038380794606	-0.02219339133599474
0.0025186349227481752	-0.385054949927909	0.8202533473421667	0.06485367756967353
-0.027542700693041322	-0.34934356072361117	0.8586289211734588	0.14414274930017723
0.3887177946880298	-0.2779932941822948	1.0817684565714365	0.23478545770737114
3.839073203683183	0.10759654486398995	1.387682175847834	0.3427616391032695
0.1906546544006189	0.11514015309889136	1.5119191651268502	0.4489481445064476
1.3649209157972604	0.22531579339805252	1.6165894818986652	0.5518827113718021
6.425745662936001	0.7563275377286547	1.6406249105751214	0.6451240601521655
0.4036069362128929	0.7269584431990659	1.6962267866571317	0.7326449921403821
0.31508814623121206	0.6935896834839674	1.1850541263799692	0.7692983586868107
2.530413727572054	0.8384942252627625	1.2744735178270448	0.8091510336165479
0.25441931330815315	0.7935975810989782	1.2749410387665456	0.8449556405678185
0.419577893760422	0.765565690223952	1.1272486833356998	0.8661136824768714
0.9666427993652809	0.7802690931183456	1.237470721710614	0.8932684169541409
1.3939283665457274	0.8240743955074343	1.1346157145308595	0.9104967904321417
0.5956023988728976	0.808144095185773	1.3034895928932917	0.9378980991347914
0.12983276222063078	0.7619226803040924	1.1595510272047336	0.9530019493588078
0.7497160144314778	0.7611094455285576	1.2345662710026017	0.9717624121890875
2.5277671114541462	0.8762638565188443	1.4196496892562576	1.0009568009398206
1.0401475890167737	0.8867194267168901	1.4133936935459284	1.0272691919926427
2.565769561645486	0.9916068078480704	1.3320478861368108	1.0463082603839333
1.586608523311487	1.0280178193217382	1.3551657750286883	1.0652088391465706
2.2803501934775707	1.103122301175815	1.3657117552480131	1.0832306755992258
0.699785913856487	1.0794079317855907	1.3108090113270467	1.096611919176115
1.023945656622638	1.0762100393594407	1.1078023050761874	1.0972576678448078
1.6990160465874902	1.1114486041355964	1.1039665162339434	1.0976378063810288
0.2160388509310771	1.061724940665954	1.1620454488663063	1.1012150879433302
1.0587697122457316	1.0615638233994877	0.9728955438123681	1.0942187202546947
0.7362131848876201	1.0441414834133393	0.9408146155253598	1.0860041548587218
0.4807593070976981	1.014501029674646	0.8366260403135402	1.072883760507961
1.8775673919107572	1.0591250175941158	0.8155042472231424	1.0595757185677308
0.11233485953408273	1.011000687482193	0.8117598338410486	1.046979294950746
0.3895244773057418	0.9799379073584058	0.7219338760242135	1.030732723148367
0.09810650547933109	0.9365841954931446	0.7209527010780921	1.015502809974047
0.6802860741997705	0.924186904245816	0.728882946499043	1.0016388374614804
0.6123269185442368	0.9093414181009423	0.6203326935228692	0.9834874904337421
0.49917115993494754	0.8901209962744161	0.6069159462282698	0.9658415026988159
0.7942282550278299	0.8856967337790365	0.6354349587244192	0.9505969414144235
-0.13349473756529495	0.8393843427886885	0.6146589037726435	0.9353320452209328
0.33340994307657246	0.8167355235691822	0.6039390260368203	0.9204979166077463
1.0734030618442931	0.8280555507209031	0.6301702614512066	0.9076929833195004
0.4189568099058867	0.8102738504113691	0.6238085224424603	0.8953538142238637
0.18166849174378497	0.7833412983415355	0.5461987614604009	0.8803943263222671
0.38028608095419214	0.7663155852798771	0.4893106609123947	0.8638743185211468
-0.046575474074437295	0.7324544065951972	0.5287477105887053	0.8499146379542015
0.0020001434320149336	0.7024438248199805	0.4652583279392408	0.834111197694529
-0.09891816560788158	0.6699647465599432	0.3997950806263544	0.8165085346818866
0.36446111865975706	0.657747923911187	0.5259361157938789	0.8048888314221807
1.3798392396394248	0.6862449178094219	0.5618182014216699	0.7952966911692398
0.3909622973831386	0.6747432392098747	0.5395970787904505	0.7853368298753924
0.0644998628401745	0.6512781028936245	0.6238501563809666	0.7791274584843366
0.48803717913645994	0.6450803824064952	0.6052466167747523	0.7725257730937836
0.007970940984980635	0.6211942049026395	0.5022967165959649	0.7623943521892396
0.26372609657016755	0.6079575847574028	0.5117321953685423	0.7531125894838744
1.2555795394349287	0.6316455415861792	0.6521963689694688	0.7494211994569753
0.22308258293063665	0.6168810819961887	0.5571826302315723	0.7424738695024304
0.22698732608407468	0.6029590411327375	0.5339571262730693	0.7350281080522096
0.3534310106892933	0.5941537984985126	0.5297522000919139	0.7277843409980855
0.8118731732720266	0.6017467970561852	0.48659163857827736	0.7193721760731133
0.3735472877636927	0.5938792979382526	0.5311746186274489	0.7128837515139637
0.11005633390247471	0.5773885817195645	0.513771997060644	0.706097103411591
0.7219576828188128	0.5822605553856646	0.4653297671519887	0.6979828195057702
0.18173143973692674	0.5689121099607728	0.4755538495542604	0.690569860288367
0.038641442175849194	0.5514338541366741	0.3622282144527731	0.6797472668955651
0.09809749702874937	0.5366537432002136	0.4704631540597308	0.672923799598083
0.3775428172259485	0.531521905068759	0.5051641052460514	0.6675130037642354
0.5805500133395001	0.5330862241280783	0.4865615183826284	0.6617389068376478
0.23172503307927528	0.52357118901345	0.4069078030751192	0.6536929634091717
-0.02758182880306337	0.5063506925112367	0.4094016457870773	0.6460601629006317
0.6759961991669561	0.5115965808691314	0.4170957959163384	0.6389800745784953
0.1406282203062692	0.5002423830385625	0.43517153264740327	0.6327421275980463
0.12212072389703033	0.4887861594817531	0.5265428882943177	0.6295245852961104
0.44653051874692085	0.48751872973097155	0.5891249383503705	0.6283128284988158
0.36831701161041086	0.4839785122737754	0.49994223728806597	0.6245002980621337
0.5041311455514645	0.48457098199564186	0.4474296377100335	0.6192930401034551
