-1.0	-1.0	-1.0	-1.0
-1.0	-1.0	-1.0	-1.0
-1.0	-1.0	-1.0	-1.0
-1.0	-1.0	-1.0	-1.0
-1.0	-1.0	-1.0	-1.0
-0.9872796913986119	-0.9952959214428468	-0.8860948602875013	-0.9578769083312468
-1.0	-0.9968469314288146	-1.0	-0.9717655658067317
-1.0	-0.9977845680489132	-1.0	-0.9801617166831521
-0.9931552757353013	-0.9965311658427829	-0.9465679601234506	-0.9710660528470385
-0.9821960479496564	-0.9929692002451292	-0.8687340984969538	-0.9456387840506372
-0.8875707868232455	-0.9687730403931315	-0.4891790082952463	-0.8408499830413518
0.05524046707742514	-0.750330353361581	0.14293348154972763	-0.6309891887735606
-0.005362276757258977	-0.6019247115691011	-0.04641593050811499	-0.5145359255266978
-0.33963961931439346	-0.5529177508937521	0.40083992909828514	-0.34350162547044893
-0.1375397646741543	-0.479844049452964	0.4069890065948816	-0.21147454791671239
-0.18966358571811037	-0.4316158856430925	0.24176017147545825	-0.13614667012124337
-0.6010861636770395	-0.4583067103882138	0.009384421816853283	-0.11322622818736694
0.0703001959849352	-0.3791980163769816	-0.15316310928876586	-0.11920295152602689
-0.6725044991507553	-0.421010796202553	-0.08527597645489937	-0.11436639861266706
-0.5861718378041314	-0.44348924048076577	0.023152265941040806	-0.09565011723033567
0.6182169478630408	-0.30525272098835265	-0.007039006728301822	-0.08411272183324081
-0.39731644126812726	-0.31674164989940345	0.04987609336369503	-0.06739174343389975
-0.7719090586322976	-0.37127782323875047	-0.29126828507777747	-0.0942155711520476
-0.6424551528994646	-0.40252267933173735	0.06266198638878118	-0.07614019861406207
-0.34795542620620457	-0.39646765806129325	-0.004145390558242257	-0.06815131499091343
0.17868759861571992	-0.33492107725046705	0.1974181962312591	-0.03973293014296175
-0.317779767857275	-0.33314984522122915	0.32923695796601127	-0.0016085898000406385
-0.08582215988873321	-0.30844476492627015	0.26143881534747426	0.024666666138863258
0.612292066661648	-0.21943507707518528	0.49396762553518037	0.07003503305379133
0.1887999113542096	-0.18120114865140946	0.6574332569966796	0.12504878976876488
-0.12456598553679965	-0.17605724155584945	0.5149401157420568	0.16046013689991878
-0.28001657532866187	-0.18522189232657604	0.4231853003749635	0.1836208844398428
0.8287140147199767	-0.09838726580994817	0.6367072978150508	0.22242383287508605
0.029634642985664872	-0.08772733041372294	0.5838454276708587	0.25251794412013195
-0.11092578547727072	-0.08960678007386269	0.415355145406882	0.2657107280091322
0.01699659110513263	-0.08119692959702329	0.3969438216277259	0.27606360675778285
-0.11824209865347957	-0.0840443515477175	0.15157793849658874	0.26649484869422646
-0.22199231800966435	-0.09438320751285023	0.20669817750207287	0.26201341204347117
-0.37517496141246487	-0.1149153677788719	0.04414686441839266	0.2460825549533665
-0.20914301278628844	-0.12164174748946088	0.17891846228034813	0.24128802201141086
-0.19480875928412222	-0.12674330131908207	0.22104691867038406	0.23987673745442706
0.11529512317676538	-0.11025028538507753	0.34092625714038705	0.24676251535811455
-0.0882783529674327	-0.10878631328779464	0.3719768241385182	0.2551054281816669
0.17447243205558238	-0.09032292247342422	0.21336771584559688	0.2523849488579404
-0.11058529490964342	-0.09161549714479034	0.2867366520979229	0.2545765834425753
0.2528926732443788	-0.07009451163665414	0.39969642849023956	0.2636421601106078
0.4844541025591109	-0.036159196616184164	0.514966198478606	0.2790218453596791
-0.11419255224988623	-0.04083888295565952	0.4223205714539642	0.2876158046684798
-0.07289371412447787	-0.04272346650130554	0.23718880191163505	0.2846510457223681
-0.0031251706246682165	-0.04043974958049279	0.23418555756494563	0.2817411552764708
-0.2570233243733877	-0.0526938458915196	0.18673600260421264	0.27636587976833327
0.20388976075778653	-0.03844489937775741	0.32615021386700294	0.27913085806990967
0.29515138060590296	-0.02025590786629916	0.36826702993336013	0.283991145355313
0.7636018970108891	0.02171990196488216	0.4471270461936958	0.2927272211102756
0.6703414125533782	0.0558446620908879	0.5461518773569347	0.3060602102984553
0.957153554092935	0.10244636619935332	0.6040016817868903	0.32146505603965436
0.3288901526469188	0.11395629370410143	0.6510723842812083	0.33821867601357747
0.675571502269128	0.14202700093717935	0.6360933972048692	0.3531070813214525
0.4788455940290508	0.1585859397666638	0.6102554779134453	0.3657491703781457
0.4669258001111518	0.173500667305575	0.7437301147349014	0.38403250625147645
0.2965385428335858	0.17935761762309954	0.8306812594214146	0.4052943578965691
0.2943459846849372	0.18474589060025304	0.6673630242524615	0.41757476681052896
0.48419762901079477	0.19856248652083885	0.6572364927837735	0.42863271243272383
1.229571302795573	0.24541195608514244	0.7468954793804925	0.44309467561199645
0.3761173857016433	0.2512625125380654	0.5823955152520233	0.44932996152663063
0.812090085931451	0.2759977714983144	0.53953675591187	0.4533086538727513
0.3193225542844471	0.2778809462186176	0.3881418514596231	0.45047617011915175
-0.013178017277481802	0.2654106968699792	0.41489316055108905	0.44895186427812317
0.6895952484870711	0.28332919529708733	0.5716906171197211	0.4541367355749262
0.9782413820680713	0.3122760674217886	0.46613782851689356	0.4546366897019172
0.2172188223033562	0.30837090673481327	0.3800123384571614	0.45157104869604536
0.0846666820746107	0.2993042932733574	0.4360504660963369	0.4509421490374341
-0.17917320819107985	0.28017006139962075	0.30684545776130534	0.4451797184217059
0.0001379382895305703	0.2691191321089512	0.3303681017526223	0.4406490832381631
0.5387433649474205	0.2796215038003904	0.3530543194012459	0.43723723868460507
0.276614067567585	0.27950592000177377	0.33031178103373926	0.4331257742327741
0.052206960795645685	0.27087628468485714	0.31311853529662237	0.4285695258314586
0.1437229207462689	0.2661090007796967	0.3975913886211162	0.4274079437156426
0.32765587435104115	0.2683880067727018	0.3657134692611259	0.4251234971476079
0.08996626780939421	0.2618616993240346	0.4208035099130294	0.42496529422144436
0.7029258980309558	0.2778001491821003	0.36795284771646464	0.4229049612867881
0.24661142780006662	0.2766862183189822	0.403918903989007	0.4222267090830065
0.1762448237568892	0.273141656671557	0.46482561526373845	0.4237294749785949
0.5015227869677166	0.2811066156828419	0.4215536649595035	0.4236534404870598
0.3987830129004666	0.2851633011886645	0.36468945961718857	0.42162033822902556
0.14711816961486623	0.2804580810121651	0.2990634964696517	0.41744300941982093
0.14045868196714717	0.2757398385681551	0.194382382118506	0.40992550282925455
0.035924370967767016	0.26774742122400497	0.18854039409996837	0.4025472906554697
0.34053600856438027	0.27014655381915276	0.2442323133972759	0.3973290954294846
0.0843484526051883	0.2640889733369154	0.2411012110835553	0.3922355641261446
0.21576228065443015	0.2625301545058458	0.28806070853320853	0.38887551740570436
-0.13705769489631614	0.2497796554396623	0.26544725508733236	0.3849369796594406
-0.06791488891843622	0.23974893986259427	0.1964877567334018	0.37898693373044057
0.17223671452404532	0.23763937911844102	0.23682869006000407	0.37454509172901407
-0.028561430097700846	0.22940783039469315	0.24658423578527122	0.3705882573962527
-0.0369160152027842	0.2212564298803823	0.2515266083721288	0.3669440877207779
0.22332563104890868	0.2213192092182148	0.21987956469708014	0.3624884361065883
0.10687042453236772	0.2178863094069503	0.23661218779573012	0.3587127684072149
0.07708465673955711	0.21370474120901362	0.22165341493306645	0.3546423342314049
0.28019334145810704	0.21566005905533348	0.23049791326486346	0.35099171465114853
