-1.0	-1.0	-1.0	-1.0
-1.0	-1.0	-1.0	-1.0
-1.0	-1.0	-1.0	-1.0
-1.0	-1.0	-1.0	-1.0
-1.0	-1.0	-1.0	-1.0
-1.0	-1.0	-1.0	-1.0
-1.0	-1.0	-1.0	-1.0
-1.0	-1.0	-1.0	-1.0
-1.0	-1.0	-1.0	-1.0
-1.0	-1.0	-1.0	-1.0
-0.7363107417960093	-0.939465213260713	-0.5463762298717045	-0.8958622039759215
-0.5623561156384569	-0.8590201983089749	-0.2319239317632994	-0.754230711790657
-0.41612881923308864	-0.7707914726784795	0.1855346690732642	-0.5670193395937579
-0.1543655693528927	-0.6556149006971672	0.9414365292621689	-0.28517074774142026
0.7373479053280052	-0.4105632055834242	0.19946917298922706	-0.19991240899881413
-0.643856681967709	-0.44933678998536264	0.14682885856991956	-0.1422839390192281
-0.1307920947852813	-0.39916748022393667	0.05882864953856659	-0.11060966667568628
-0.6265198802692926	-0.4331919024163742	-0.08755376651192359	-0.10715924414484945
-0.7126481164441185	-0.47303022951874185	-0.020725365021380115	-0.094837458377805
-0.19326636857642343	-0.4349544831979253	0.9723552576760379	0.05040722854387725
-0.0378710053782888	-0.3832532316005517	0.8192468324600197	0.15051204256811745
0.8576863782220117	-0.22839175500405462	1.040932959579564	0.26163108950288816
1.0812747099322522	-0.0714728342364761	0.9580537821364494	0.3450737557559156
0.10314968394799173	-0.05135274076803986	0.701472341663886	0.386138076869752
0.03662817606401125	-0.04159008699103395	0.7185403041152407	0.4230223234098318
0.09502501480538839	-0.026971049197377805	0.967796972672565	0.48131784813476175
1.7296385163503567	0.1545327030359167	1.1769320548592548	0.5531931641301859
0.6107783346966456	0.20010644420480483	1.322814936581488	0.6300696016955345
1.8741854066166828	0.36194364702418813	1.5133050182385839	0.7154541509252974
0.5778732863354197	0.3821667097607777	1.273756970888614	0.7677426182913392
0.3622775665245206	0.38036040458741205	1.168072434653086	0.8041019395030242
0.627695911395602	0.40216447807683364	1.5260344054483825	0.8677445421909646
0.6692001906053187	0.4250338963912028	1.5274622214314273	0.9242437191377124
0.16875835948394813	0.4036951251698051	1.5143933433381123	0.9733828858254312
1.5206724441584698	0.4941908272325568	1.7753407744071459	1.0383564486907568
3.304188929385794	0.715867635098739	1.7517143778291238	1.0946323671359357
1.2227600820630737	0.7548320588030584	1.7949966107965163	1.148468748071596
0.36118307254632365	0.7253288901119286	1.4571110980913016	1.1716015899104963
1.079042114997692	0.751193331645537	1.6193682130728417	1.2043434633448316
1.785894615324397	0.8250536647401499	1.5722664321216322	1.2306068851717655
0.7312286430105637	0.818511969132312	1.3660684145423256	1.240052293327421
0.8961812049960194	0.8238044889808851	1.229449503970935	1.2393297891395534
0.8027027606841881	0.822398789493759	1.3187270466907477	1.2446203215619196
1.3561966279699766	0.8571928478707276	1.4949574686477214	1.2609378934725406
0.49193054924820245	0.833890813022206	1.2297380496535006	1.258947924661598
0.3144137459829681	0.8014401627082006	1.2627649294591015	1.2591866197929855
0.9019361599789881	0.8075899184883708	1.5041892095991005	1.2741793527766379
1.2738421142917136	0.8355519075804003	1.4633368093233874	1.285523597939168
1.735895276126631	0.8884890398182661	1.4138997456769449	1.2930718410193398
0.3751417678095408	0.8588862951080563	1.5361079471497296	1.307087207332175
1.7413397985913686	0.9088151276420362	1.5609797973902952	1.321452559843804
1.5373597793651088	0.9437200416923643	1.6780895578675135	1.3412578954168763
1.952180472538982	0.9987047256983099	1.7217429621023381	1.362003397873123
1.7385325688523392	1.038323245964886	1.970879148820845	1.3946094818569787
1.9679680782840667	1.0872329742358047	2.145837582589264	1.4341324984858472
1.4423677603318952	1.1055949928910485	2.3631432875131853	1.4821665222447358
3.7584433107807795	1.2404360617362222	2.69082833981497	1.5436013567670002
3.4229827705672555	1.349524376432834	3.1383766100433546	1.623311619427405
2.748078404859907	1.4182813683380462	3.312906431328666	1.7063770440314423
3.8242067832401077	1.534656731826995	3.631396466506847	1.7994907157385893
3.95231513557599	1.6497457313911283	3.2467813405873622	1.868386984644005
3.805535724936597	1.7507657935529468	2.9273333183757915	1.9180091434968807
1.900139042808389	1.7576577103646525	2.8374367646445866	1.9604307564302874
3.880060306832366	1.8541002549078773	2.8581143160671383	2.001221577025977
3.327748535385611	1.9200648959769615	2.640327798852456	2.0298299128338977
1.9258181152505238	1.9203189929114246	2.469150918806687	2.0492064068172184
3.1675044822265805	1.9745290412992862	2.5729721116838222	2.071972483450805
2.924603564495791	2.0152348342396382	2.4873754191286452	2.0897702870538866
5.192030352886253	2.149429760958337	2.355377811725197	2.1009907592349633
2.6218462118731267	2.169108904489205	2.3237820090916537	2.1102716383152162
1.4915134590908	2.141270218016796	2.0503801896412397	2.107811361059161
2.890752410746611	2.1716467962762676	2.1223789990846424	2.10840185565115
2.0787080642839086	2.167930307901431	2.2716987794410284	2.1149321813866613
1.9013916845833787	2.157412318399506	2.147628618664069	2.116223196383486
1.6869605892769992	2.1390878330942877	1.9846668301764279	2.1110992143044296
1.616701858733753	2.1190005422272447	1.9071764987183641	2.1032575157216655
1.202922374626997	2.084221136188238	1.894689904738578	2.09533928389498
1.0585935489146303	2.0457691462439156	1.7355683255397478	2.081851151376878
1.8472668484653805	2.0384187543896695	1.6976372256162078	2.067624127402214
2.536238098737282	2.056627132057289	1.721964026263985	2.0549805190002313
1.7553129768074816	2.0457384066523017	1.8239336314929568	2.04663100888424
2.4138443472394346	2.05888160251729	1.8619016424670929	2.040034456101237
1.4649755063941865	2.037923981987574	1.7472178924314887	2.029701185848151
1.6672558483751905	2.024996150795107	1.8038205134705447	2.0218230108689608
1.1005989119619475	1.9931268118925773	1.7813887397208288	2.0135337095861403
2.4866278380309037	2.0099467773094237	1.977803153082109	2.0123154166385273
2.2647006111682466	2.0185315840057827	1.965109456620548	2.0107238928394358
1.5170065144018219	2.0018174084555915	1.761834855744926	2.0024292738562823
1.3973186016496433	1.9818926612192524	1.712482608091611	1.9928723704722136
1.1887874691448883	1.9560352875478002	1.5882835705728229	1.9796815761293955
1.4608482232051831	1.9400640800006026	1.5636292375147414	1.966262607116263
1.7027988578894813	1.9324926621593908	1.5858003789914203	1.9541219357624797
0.7588249104184082	1.8954361423021986	1.4757614703784143	1.9390184865864333
1.5549965808395285	1.8847993087593027	1.4855830835383386	1.9248511638268706
1.0708617261822022	1.859630237487548	1.5247855804952155	1.91247996526808
2.0162321469427162	1.8644228346004796	1.4714509622266605	1.8989810047697189
0.8059132717435789	1.832352354942076	1.5424329157454708	1.888178479142324
1.2093264745726375	1.8136646913738752	1.5344598630882191	1.8775686650841346
0.948655188258424	1.7879755044804537	1.418194283080183	1.8639260161685862
1.205176178810874	1.770837020210815	1.5393694592339306	1.8543816404698967
