-1.0	-1.0	-1.0	-1.0
-1.0	-1.0	-1.0	-1.0
-1.0	-1.0	-1.0	-1.0
-1.0	-1.0	-1.0	-1.0
-1.0	-1.0	-1.0	-1.0
-1.0	-1.0	-1.0	-1.0
0.6068837014679513	-0.47018478148104004	0.29480845937181943	-0.5730809726829751
-0.616652361581988	-0.5137403314618989	1.0174356273279765	-0.10010515252816787
-0.60316453959146	-0.537952405001906	1.423758976461042	0.31248805877571906
0.33549489229423846	-0.32091961764761645	3.631215396672393	1.1371201180385393
15.614925645763563	3.337449368192857	3.2297400722991227	1.6175196174375572
3.6086907744994043	3.3953104561125524	4.4491942710958945	2.221572912366989
0.4834483092655333	2.815236135841488	2.6046674631783495	2.2978896663974577
1.9251921365812428	2.6489356868188287	3.0510903611348112	2.438622622943505
0.2185430825282828	2.2213773795186973	1.532664898961889	2.279244837570686
0.3481861165567879	1.9100515344164442	1.861113695515881	2.209750756795214
0.2529131376208793	1.649059535819569	1.7822110373386009	2.1424148056320282
2.5709231744705754	1.7870212361072948	2.34342411956875	2.172497052227488
2.8592855922190497	1.9398797431084804	2.5858394577633206	2.2314218401758668
0.7856113362800152	1.7827836159734347	2.0709402482533497	2.2095801462845963
0.8757140761944784	1.6646813236530025	2.266219067558332	2.2169549017388808
3.1064056454152187	1.8445991808249946	3.473769493228935	2.3737972276280064
0.858975103657891	1.7265063214121121	2.087022578260953	2.3394377620842897
0.4522073908572384	1.5796826481570037	2.164904600399136	2.319328604016008
1.6589055353816193	1.5884740485377447	1.734380286888106	2.254422117203867
3.7578927380614147	1.8206203405068555	1.6360621100619417	2.1882529918734255
2.6681866569082793	1.908196367515226	2.027695220008553	2.1716635620513487
1.5983545479745591	1.8772470285516243	2.538803527643286	2.208337038725719
0.1403127088672722	1.7093337132405275	2.079119752814056	2.195845408314374
0.9037702513558752	1.6338874136691701	2.0901029628668515	2.185941856237879
3.6422931672845165	1.8162975835222341	2.289918371810494	2.195385748011481
2.683489285924192	1.8927466036758287	3.705166957979067	2.3284831049736208
5.481490391280065	2.2000892960472913	4.687677840086582	2.5305261828358705
3.631608053379412	2.319285635013339	3.830649884223699	2.6387818960079015
3.1325592498674286	2.385176246589511	3.3111003187444226	2.6932526600063253
4.536493525588807	2.554890338575957	2.6210043032909116	2.6875530391593174
2.368240173066898	2.5405435055116117	2.5691185868562068	2.67844985793753
6.631201991812823	2.8471344526405318	2.6327396624357595	2.6750247325312584
2.98145025819509	2.856956261362507	2.872833052859402	2.689489272850345
2.2604744239939407	2.8143777515080663	3.174205517708976	2.724090511665282
4.4329262122915845	2.9272307306658503	3.272634484584792	2.762337478570009
2.340816052791689	2.8872714639041694	3.3437847144119877	2.8019585696105107
1.9352929733810234	2.8238425531397273	3.120658065860937	2.8231938912407606
1.8455374052742837	2.7600748605344037	3.2329182033384782	2.8499005597058518
1.4275372652816558	2.6750642521244394	3.708074115315763	2.9046491884856214
4.300151296790277	2.776580979316506	3.7219251914016347	2.9557033628147416
2.2029076144777044	2.741475395198066	3.860059523329782	3.011044829332681
5.336796031614027	2.8971208176655345	3.3820481871204207	3.0332947017007275
11.499099457063025	3.402887323591016	3.2664928399558733	3.047006403347811
2.9242202654114346	3.375285031852525	3.1087843183016552	3.0505697003158287
3.0050115859758213	3.354335640615905	3.9431079818749657	3.1010692417641232
4.311015413809167	3.4074628465792207	3.8362012069329365	3.1418933622841685
7.0888101641736885	3.6081828693200038	3.6401042695200863	3.1690582721783898
5.4885086420304035	3.708875376933274	2.946342307059786	3.157132376417783
0.9517328988822902	3.563818840427043	3.1060926107445423	3.1544470251559193
3.1679404036765373	3.5433492131639053	2.9544403137466775	3.1441049156858414
2.017737842771609	3.465804125056108	3.105569152467069	3.1421459997535344
2.2899857280254436	3.4070343678425203	3.4364181749753318	3.1568544856529854
4.521365855938151	3.4618185507156936	3.997603599992792	3.198188482869268
4.517764554104553	3.5128948860802547	3.7472441731915502	3.2247462788787837
2.0812363874791475	3.444743486827279	3.742331042440921	3.2493852351427552
4.430772909499828	3.490948965214331	3.6354889634690792	3.267478268133142
13.187739892041915	3.938350752313653	3.3093558007126216	3.269410272983124
4.499623838929111	3.9638556609808617	3.428676485657914	3.2766477215116963
4.240936392624131	3.9762576409709096	3.5899185228628134	3.290669769710197
2.0002428936541845	3.8891067640746364	3.5631257768914706	3.302687019098453
4.868514483679341	3.931677719562349	3.3647674917846455	3.3053856385022984
1.65652754039867	3.8341985730945805	3.020150070253476	3.293164224389062
2.688825881679241	3.785816516373502	3.1222484846081215	3.2859450536303942
1.833554891161258	3.704494477332153	2.9669356513695515	3.2726567550773167
3.3099358703471795	3.6882850794473034	2.937790921048095	3.258899743696409
4.724471135250033	3.73028253570651	2.9133970130179923	3.244897117989323
2.552365495365774	3.6831780009182378	2.780593109324184	3.2263298172450092
2.302456822959415	3.6286905296924763	2.7105087252153166	3.2059747106702874
2.333470143757773	3.5782401195554083	2.685587551772356	3.1857052220754642
1.2954474274542478	3.49046167209446	2.5065889275345143	3.1595918138050445
1.638551572834495	3.420152609792768	2.9117529336251224	3.1501824281429833
2.7632827346896685	3.395525062786998	2.7811154040794017	3.13634497729867
4.781951638880441	3.4468626003778624	3.0182237942875894	3.131971201107749
2.6440031454799486	3.417496319706168	2.7761064457826468	3.118954721587091
3.497298696212507	3.4203795299527107	2.9702465609125746	3.1135804011990693
3.64748267672413	3.4284875314461782	3.093044443768977	3.1128461904428866
4.384059776190638	3.462205087695538	3.0550372594687856	3.110805293079679
2.033720141572963	3.4123844791797175	2.911829771524528	3.103865532107145
2.3728049200099512	3.3765436190887703	3.2076443303479545	3.1074425494945004
2.4884878079417	3.3462739815292464	3.107690679530924	3.107449673132619
3.5701292977673296	3.3538179937866657	3.288090708548472	3.113537324716443
2.768820715176648	3.3343211146266656	3.4127126907940832	3.1235069589583295
6.851795458589521	3.45025945931733	3.5367620143301046	3.137128131093779
3.4117250572659117	3.449002881627213	3.639437892637008	3.1535044150481575
3.86322937414261	3.4623620834070508	3.262033925842915	3.157004322134803
9.64056226761851	3.6595025072642065	3.1988636704688354	3.1583400601754557
2.8692265616234263	3.634550848969085	3.3465258550378945	3.164281578036424
3.3470315328193125	3.6255670970882212	3.1731613123537485	3.164558656746424
2.7306216100947207	3.59789350759553	2.8964664229182073	3.156268879639784
2.809255645065164	3.573755665533544	2.9967483363055325	3.151386386341577
4.617051487179021	3.605364375981079	2.8075247131327496	3.1409675037085325
3.5101625499474522	3.602509293801832	2.793386517567961	3.130542245667857
4.973638417849252	3.6432290469853523	2.9785108709632278	3.126027159299719
2.2518279787288518	3.6023120379176765	2.986619214889147	3.1219274009082456
