-0.4844185892007151	-0.5498427322030992	1.6170598329237715	1.284970868564939
-1.0	-0.8659475648451342	-1.0	-0.3195580053874505
-1.0	-0.9433040571731276	-1.0	-0.7122148480257888
-1.0	-0.9709277614228602	-1.0	-0.8524310880109895
-0.9510461822184509	-0.9625633283862043	-0.7968094595078068	-0.8290303572877393
-0.979366722454726	-0.9687773705779683	-0.8543251170368885	-0.8383845969528807
-0.92395613890903	-0.9539990961280224	-0.780966590436829	-0.8194529698090613
-0.9371476910502408	-0.9489879581321483	-0.48808755126681913	-0.7209140141666446
-0.8585271828662046	-0.9244952823473503	-0.6583251952136314	-0.7039678177697359
-0.8831051152904081	-0.9142107210742725	-0.4963668547989536	-0.6523834680007236
-0.9791437280029555	-0.9291173078551475	-0.813344025643483	-0.6893349898544905
-0.9058833722646367	-0.9241610480387019	-0.723459665862412	-0.6966145003887774
-0.9590317481360907	-0.9311076693309688	-0.6951120849004844	-0.6963152115130362
-0.8219663536619269	-0.9107150655734002	-0.7063025869428223	-0.6981812823781985
-0.8981572887479177	-0.9085058970960569	-0.7429404606650322	-0.7060554141171143
-0.3881452964523189	-0.8220216972163663	-0.06982411735099125	-0.6003134698890615
-0.39679899044901756	-0.7550510782186518	-0.15283652188032926	-0.5298379249358877
-0.7344186486031044	-0.751963333114063	-0.29602944921319585	-0.49484732402533116
-0.7493814469781025	-0.751595271250905	-0.38257728663491564	-0.47884249021990677
-0.8203039257678149	-0.7609465603241734	-0.42660135926317555	-0.4717325755449877
-0.9100325532662931	-0.7803578745908223	-0.5588730099698307	-0.48307841482067626
-0.6601530284277464	-0.7653570396904078	-0.2920310052112861	-0.45923683311184404
-0.8423347955811479	-0.7745801653869991	-0.4404895720473746	-0.45699055085229634
-0.6120149844280057	-0.755849454311927	-0.3410658327675643	-0.44363368144017645
-0.7842227635586093	-0.7589977697021977	-0.4012124642221213	-0.43892639128437594
-0.7074418239711622	-0.7534807967179822	-0.26070600288723333	-0.41985518852452375
-0.7583583459855787	-0.753984735048247	-0.23174029330289914	-0.40041791348531897
-0.6808258659444091	-0.7466770149231344	-0.11726738551158766	-0.3721344570508971
-0.6731655891831678	-0.7395705150281171	-0.23999909821840304	-0.3593606696046906
-0.6069233983768257	-0.7271472500684404	-0.16939049299781084	-0.34156872631569934
-0.7430245745480702	-0.7285892687937501	-0.1589716407438253	-0.32498467105152484
-0.6001350431495238	-0.7172652476865026	-0.09871387007633092	-0.30503751501311194
-0.5002224014114172	-0.6986774823572925	-0.08559785958297017	-0.28624446656683356
-0.11628428718854134	-0.6501842715901495	0.1686173269689908	-0.248370172337259
-0.21421321736939947	-0.6148627531610011	0.5206935986849766	-0.18606212294924496
-0.1659085295877224	-0.5794453096409478	0.44317647666305016	-0.1364222280977161
-0.17854816989714517	-0.5486289502746866	0.7893047525094963	-0.06526300785905481
0.019860539500882846	-0.5060212855160278	1.0896628313348016	0.021297421771875102
2.604259892560544	-0.2785894227852578	2.0432310747185336	0.16914646604642813
1.697076581181789	-0.13755980562871317	1.9325433025944245	0.29502356267085905
0.9865362728915434	-0.059182229659858754	1.6170508811586344	0.38720188349790674
7.070494310097903	0.4266477091497338	1.4885303084519057	0.4622485790232016
1.680939564539079	0.5102201762336742	1.470216527286929	0.5294087067564606
0.668885312413311	0.5205623345476897	1.5197119632353062	0.5939586166903434
0.7777174196837335	0.5369679998286125	1.2250291157493667	0.6342186997440755
0.7824489674527004	0.5523029165505375	0.958807299833645	0.6544953439935912
2.043862954743585	0.643578350817086	1.1238602411873102	0.6832180931713285
1.7139740806322332	0.7077717386175397	1.2737816618782007	0.7186352322855623
0.694628955636998	0.7069992028714163	1.155101001234959	0.7442981009216636
2.3561437863979404	0.8020999776226867	0.9954519957103747	0.7587815143762779
1.377448880872317	0.8346531051978436	0.9653551236647979	0.770469577601105
0.17336176211336984	0.7979303438166176	0.8889713567145188	0.7770504629343435
0.5171551703030755	0.7826216645088009	0.8816843709589475	0.7827554902145106
0.3132195341020685	0.7574851930743975	0.8528345045929195	0.7865082939730195
0.652130371290307	0.7519423640376441	0.8489146507972174	0.7897915783366334
0.43108912304724356	0.735352814540944	0.8324850791409217	0.7919990862345321
0.4290070154383765	0.719781762282313	0.7188129474162617	0.7882792783925103
0.15544471864266418	0.69157511077735	0.834028696224872	0.7905660820109033
1.1390228230057167	0.7135732457746615	0.8183245934747387	0.7919309415422586
-0.01545742457752275	0.6783096769891579	0.6590444826644126	0.7855033051815827
0.384658975578829	0.6643310956136357	0.7150832118146957	0.7821512541035058
-0.018442172075778362	0.6323366324209652	0.7002244159435862	0.7783124435455953
0.22918879849807317	0.6137359283354404	0.6333015715113712	0.771622052685621
0.13921610476977198	0.592173653436592	0.8506196828437083	0.7752119566649087
0.3578683730041099	0.5816857334136063	0.9040992487766746	0.7809815455863653
0.7509372522986171	0.5891507068359971	0.8235014807349195	0.7828570823516583
0.7752178143730784	0.5972386186843606	0.9286772590328438	0.7891956668539171
1.0065713453012486	0.614776880623447	0.9874465999978563	0.797690124618021
0.8588951320660823	0.6250891187701608	1.0459036427659218	0.8081753786175272
0.365416518024849	0.61427257197713	1.222199227622017	0.825422024957642
1.3181545512711765	0.6431919978217335	1.2947555400951059	0.8447050321630907
1.3094126459641093	0.6701944173856744	1.328373097265521	0.8643086047622586
1.2571729933021518	0.6936679571493904	1.2746170730113997	0.8807171490909991
1.5849035519166086	0.7288399666559089	1.1616031643977487	0.8918023716616887
1.6705279114885396	0.7655206081872978	1.2826545578475428	0.9070270791867348
2.0268278814847926	0.8140205532632196	1.3681643859852484	0.9247587159001813
0.7245536434278355	0.8106239923573153	1.237429816265303	0.936629637837038
1.3715210434501741	0.8316529017235519	1.116566606118957	0.9433758465704765
1.0007699259437883	0.837915174977409	1.1820613702854357	0.9522141528911092
1.1113403829259592	0.8479164194705993	1.2188553886450366	0.9619672652747535
0.6963101586292766	0.8424376408454253	1.23831358793311	0.9719531694128674
0.9541853572335968	0.8464274888265297	1.0453646453130268	0.9745741492355982
0.8982364708539436	0.8482554422077211	1.028604525404221	0.9764804736651991
1.1700452144091114	0.8594781426164515	1.0033987963857967	0.9774191255087852
0.7430286455610133	0.855463227124778	0.9119805378137973	0.975162821705966
1.0063015729252838	0.8606042126826821	1.005241127268123	0.9761878206983428
0.7530338411393092	0.856978810498769	0.9725988891310238	0.9760666936153146
0.9948960264064965	0.861575054733787	0.9274857852388663	0.9744475546792437
0.6597330111939494	0.8549222022246177	0.9556884321513999	0.9738292387441694
0.7076040219328816	0.8501191476065357	0.9655749209136286	0.9735599974882452
0.7628253455588181	0.8473036026898384	1.009280965287008	0.9747119093696226
0.9518590977603933	0.850639887947471	1.024619835665642	0.9763044451658491
1.2710499161269393	0.8639134265111301	1.050176405670448	0.978636676348448
0.6886558189282439	0.8584375822140584	0.8892834349586995	0.9758448611855524
0.5210914402511471	0.8480060235851445	0.8899379847357327	0.973188403187158
0.29014639386202146	0.8309316626491723	0.771277219684865	0.9670085366320282
0.7035017641578938	0.8270708294885301	0.8294696716438059	0.9628414249125066
0.7505113588852927	0.8247743995375021	0.8110036330185155	0.9582870250602078
0.6653311688578267	0.8200392020764249	0.905977228978162	0.9567334727114327
0.900196770851889	0.8223963178710583	0.8615050612605866	0.9539330249446332
