-1.0	-1.0	-1.0	-1.0
-1.0	-1.0	-1.0	-1.0
-0.8937348073519462	-0.9386784535059233	0.11514271230711581	-0.3564941259105313
-0.2068082944370393	-0.5820926154311669	2.3862496249569003	0.9798407467476915
2.546945828293827	0.734333169708431	2.1804289896547915	1.484943354583308
-0.5822229473616738	0.2474593798979261	1.2801677806114191	1.4092153583026148
0.6893913842875101	0.3931714259323418	1.4488628100649459	1.422287745151403
-0.4243004641517899	0.15007750820341914	0.7170028311147059	1.2125550419958033
-0.5881063510507173	-0.04978933577616629	0.680814686188639	1.0685836169564804
0.9935982234409513	0.20946988427003288	0.876926265831208	1.0209608616628456
1.7153837240658896	0.5551803335982821	2.547683749844776	1.3714483549197078
0.3403085389500191	0.5093436869466654	1.2967723287132995	1.355518201470331
0.03880947147006841	0.41560822820684185	1.1209953688231975	1.3087988012448606
-0.19914263588714598	0.30074463025457243	1.1671975827056111	1.2823411299802063
-0.3251153979396034	0.19064238243955378	0.5519636319309811	1.1538519347526592
-0.11141178750730363	0.14044063065686552	0.7755522631474858	1.0909779849489158
-0.41632499043842064	0.05275247828311325	0.6236960530821716	1.017382975812973
-0.31374150502759235	-0.002095096173223898	0.8970184187133514	0.9993700290670315
2.7891506910215575	0.3958156681858116	1.070894082338934	1.0095663051821901
1.204597843021376	0.505891095399754	0.9067925402239889	0.9955788622609407
0.48772415315707396	0.5035257317220858	1.0624486990474216	1.0042854772716079
-0.13717732368695057	0.4235703376500264	1.156240685716421	1.0232489662099309
0.9174164640887394	0.4827411599502158	1.7273989713952984	1.1076176229515795
0.2813325001978604	0.4595350768986397	1.4173292119477194	1.1433025527956593
7.503014252378284	1.241097303540918	0.9127523053084592	1.1177206822517696
-0.2342725822657098	1.0832208082151085	0.9483075402043029	1.0995923954170226
0.30849012596402337	1.0031712349247641	0.8640798173817654	1.0752581366106306
-0.0753381918219852	0.8954405371602616	0.39530443734760934	1.0073385844281484
-0.30763765256759645	0.7791362160926014	0.9217633734415678	0.9990657133749332
0.05428502872755114	0.7112492960974328	0.4561183611063311	0.9482153056888982
-0.41330188495478903	0.609114152865394	0.365170473422747	0.8952614869548055
-0.1848821762297843	0.539118839302624	0.400261106622253	0.8516245697048388
0.1404609759384734	0.5049774347400056	0.6258758602094454	0.8322912643775726
0.013835060677060529	0.46408244805955445	0.4284952960908144	0.7986692535424305
-0.21391631509515385	0.4091526336427542	0.31626890582263134	0.7595865333297109
-0.3260592958712847	0.3511529193546816	0.3489223556366341	0.7271899494160918
-0.40334781864995206	0.29315596780544584	0.35660369560301564	0.6987039388537721
0.16157217465679108	0.28329400629977464	0.39898939299532743	0.6762408195441547
-0.1269168499774913	0.25329825115925786	0.4088192463188631	0.6566861545142999
-0.24170615053734434	0.21796311677353075	0.4581250161494761	0.6425121402332423
-0.21643896881972435	0.18767453641439213	0.3485808559395158	0.6220179722911063
-0.24271959813952237	0.15834663348082123	0.500200334254526	0.6137170216378587
-0.25193233941039495	0.1310101990164283	0.4977912837545677	0.6059931098342142
-0.060799419073271466	0.11850787109531935	0.563898365883928	0.6032495941823921
-0.11983672618384267	0.10330239808369712	0.6361765981231611	0.605350221064042
1.8559722808407781	0.21278871707620484	0.745613551945675	0.6141123320260418
0.5194549821215311	0.23155524648766024	0.6974136686773749	0.6192102230332643
0.5612799894453562	0.25132947630116975	0.6340353651133857	0.620099490574727
-0.03133368993713992	0.23471006653174475	0.6589792616678678	0.622385746486509
-0.22896520706245793	0.20797161980679713	0.3933460504940842	0.6091779610578816
-0.20562654655510437	0.1845706351611509	0.44403582615824755	0.5998344610844979
0.3906022232049169	0.19601228041962915	0.4949032387348864	0.5940077053855921
-0.3581733721905769	0.16579637918323198	0.20285202435271854	0.5726807138139542
0.16017596284580415	0.16549569326393754	0.5222177827501218	0.5699787976910029
0.078023414332405	0.1608936067192106	0.714767736199726	0.5775962058525841
-0.0400481495550723	0.1505039916402462	0.615632284732313	0.5795628491179889
1.1624955028511055	0.20194237075698185	0.6895808767232892	0.585155005257179
0.7495115590778301	0.22931095618087238	0.47070870909080287	0.5794346814885434
-0.11400575321846262	0.21243242595238798	0.6794768820341404	0.5843530787181292
-0.10389153131253992	0.197131576263335	0.5790958105090136	0.5840986695676118
0.17675482161343914	0.19616153804700698	0.4879538765155018	0.5795218180011441
-0.21511309076241758	0.17688930252473556	0.600021663172251	0.5804824560008848
0.5837688132705317	0.19566255110973385	0.8929574445803883	0.5948999810516002
3.296084981562915	0.336547719005851	0.6552412513617214	0.5976421084910559
0.0755502566120998	0.32486465445474066	0.6663418438669193	0.6007170578888137
0.16086891981135665	0.3176318921907215	0.7354218771820635	0.6066584629394238
0.5142624102285702	0.32617867054193783	0.7633041187409131	0.6134672885703978
0.4122507204804826	0.32986638257043044	0.7711489044868736	0.6202231012479407
0.18291095197298834	0.3236589059814734	0.7090965116395285	0.6239775434529284
0.25368480146719974	0.32074426774066	0.8584992971644945	0.6337468637037051
0.32928588658767644	0.3210953009525568	0.7663132241312283	0.6391934815547338
1.2114633351142907	0.35718245661596026	0.6547836251151091	0.6398257713867956
0.8053675843148607	0.37510554221146264	0.5563184763199187	0.6364865586084822
0.19359158321574577	0.36794240209909135	0.611995550236131	0.6355201710295906
0.268441887287463	0.3640671220841327	0.5501652707313067	0.6321959745950774
0.7092124260564578	0.37733857889874334	0.6540650177775762	0.6330367326825812
0.2904712497033055	0.3740407115275677	0.7060501614907708	0.6358088853513006
1.412820998556085	0.4129858720544639	0.4407065288561436	0.6284942175755395
-0.1455618996664969	0.39230356730507254	0.3412455930575313	0.6178576967149028
-0.22674127696833735	0.36966054791273706	0.374290296440851	0.6089484904920273
-0.22007383335011488	0.3483493441715695	0.32412517039970234	0.5986556045063489
0.9048218006004627	0.3682185248154757	0.3856879544670664	0.5910508736001503
-0.003928772141084447	0.35508657948452993	0.25749088091352235	0.5792805096651927
-0.056752978475913984	0.3407229114321102	0.36929378692981984	0.5719566672922094
-0.11524111410948323	0.32500303771806527	0.35259085919141864	0.5643935637222137
0.06091079456575965	0.3160016168985347	0.33443400337408025	0.556555496505561
0.056139130751423405	0.30724383997912486	0.2643738358160066	0.546708504201666
-0.18387008309411124	0.29087637789801346	0.2342051537655827	0.5362934567820405
-0.059394817359964325	0.2793311044869342	0.23785312677279857	0.5264565328550681
-0.11619689812789424	0.2664358357597134	0.3355991847663995	0.520234007288922
0.022198728254786415	0.258558473286969	0.3363069139452284	0.5143016983000857
0.3836617688927737	0.26255041035279403	0.40292435654612757	0.5107477705254646
-0.11230784155255213	0.25071487126006464	0.4205392178393552	0.5078995052196855
-0.0032098974882934783	0.24278094643178227	0.39838625505666236	0.5044775560841852
0.4326265632684567	0.24865147056309134	0.42990073549780927	0.5021715064415706
0.38296001624673237	0.25276225252662665	0.40042345189846484	0.4990573200198958
0.18158557847185142	0.2506056207861198	0.4038577278328108	0.4961728207991365
0.09968108056324199	0.24607870847525914	0.3868963094332578	0.49289515436801556
-0.07849255922208587	0.23643959744675214	0.4164358526743006	0.49062448878189246
-0.1349507845004534	0.22551806967535692	0.4417960113162309	0.4891884710163852
