-0.6373819755836609	-0.6833960002020328	2.0326592289949845	1.6478331943633195
-0.70272355393229	-0.6969679936167456	0.12288217278888491	0.5769976982730112
0.08171528380902537	-0.2476199584405624	2.4674289591638012	1.6678924925490448
-0.7332435540068794	-0.4842281176102643	0.40389585742990297	1.0520412001540205
-0.6129824857343115	-0.5383967156246002	1.3545806593280076	1.1793232096429436
0.8088471371237831	-0.04017453574295782	1.7009376009138704	1.37222045471685
1.4325650769317226	0.4454112089072253	0.7767173697224794	1.175873501542127
0.10510691918448067	0.3442138031922266	0.5818830987527461	0.9992366814485245
-0.25183001993009224	0.182832101397723	0.42536236483168666	0.8438574823964751
-0.6407285898580918	-0.021804945112459007	0.03753259947359022	0.6435031485080036
-0.1365434077349914	-0.04814539846545973	0.2977860919144959	0.5641371961258006
-0.6669974481415097	-0.18015911190440692	0.1902654292054924	0.48438262334109417
0.31075469807569145	-0.0823636823839119	0.25619602379208617	0.43892547927955805
-0.5009859443317015	-0.16058145729186957	0.22521636828994795	0.39899484968241383
-0.4062782564439841	-0.20380481143400164	0.4000428245565637	0.3991791502977049
-0.1709893790329119	-0.1983510469721147	0.44595267466283706	0.40695262319214986
-0.34975619497554045	-0.22219672082883157	0.09856497670085096	0.35838288194354884
-0.6707468155796086	-0.28932447428931485	0.04585099919134317	0.31161093628500147
-0.6343071960296192	-0.33850401492627313	-0.17155967976935682	0.24273184697566674
-0.5576760217570054	-0.36833335520968413	-0.0118350420720158	0.20808525042716286
-0.46424076470990705	-0.38082069780815275	0.08432103404782598	0.19197090239927772
-0.44180951580181993	-0.38843165947900904	-0.05229923661374636	0.16148765475076265
-0.5877875371152135	-0.41231752715204306	0.16705201278382553	0.16215462918125767
-0.5815273473302152	-0.4318137454443637	-0.02166809621273491	0.140974754361463
-0.537770069582422	-0.4435708566101626	-0.14091259941923262	0.10969597872940784
-0.291168127958605	-0.42726236370338544	0.17285872966698923	0.11645516920455812
-0.49706038105263106	-0.4344741919480849	-0.08132566803024166	0.09601949203942617
-0.5262255214129075	-0.4436391136166391	0.04055048983321341	0.0904787374090743
0.08607791108004914	-0.392430114227568	0.2016906321519023	0.10122991041143536
-0.5401892312245943	-0.4062686379516727	0.10881368390691071	0.10194036478771573
-0.19246573661837907	-0.38685025200941425	0.24169387767120076	0.11463343931116254
-0.440458149800932	-0.391576167981857	0.29534679517901563	0.13056425260546645
-0.22119007982273797	-0.37698420499760876	0.3660086457471676	0.15072782634196913
-0.2706051349629043	-0.3681265063975253	0.6069832019932315	0.18871809495638248
-0.19750386936579278	-0.35430296605957634	0.3756421554184939	0.20386238449364935
0.0013593150933213227	-0.3262451521280625	0.7046225588361639	0.2433668596584122
0.3851357248820897	-0.2715623679834739	0.8543903687634178	0.2903354474696145
1.543683236829652	-0.135511595387381	1.0445057688944166	0.3468599571863591
0.3836385249986498	-0.0975499687410385	1.4474326058749227	0.42733673079944734
2.02969268309747	0.05430023049365684	1.4984445996964793	0.5037963467480275
1.2082096376498113	0.13475682262479083	1.5417626573218062	0.5761688391273836
2.39504140309766	0.28877660830809404	1.5544953051525123	0.64283364557235
1.5226245462156283	0.37098655759865906	1.5482330341006585	0.7031593868711892
1.97333152540324	0.4754305196705977	2.2635766242929978	0.8048704357349585
1.5257332191061854	0.5424361348387938	2.0248272392119104	0.8826993964154064
1.9640455291555563	0.63124174426167	2.167882661201876	0.9629827267057081
4.771917301840592	0.8846283929654895	1.8739738467184828	1.0187305827483857
1.9002703695614005	0.9455383215839215	1.88159729234442	1.0704783615444473
1.2750824258566253	0.9649148948213124	1.737124838507449	1.1096754452106063
1.840881492703617	1.0154288865803203	1.7028826985693248	1.1438836994544772
2.7563588534531065	1.113929604650366	1.5800449014579185	1.1685615722397311
1.9865359021464162	1.1623876660007348	1.4541164401441198	1.1844193581382134
2.595526976568619	1.2405276022419152	1.6636601180881474	1.2105496023345093
2.0865201595364162	1.2858310646462936	1.8032491082763116	1.2422891572383024
5.026559760377891	1.4826343264192663	1.6264090040127996	1.262497779610091
0.35377721098837633	1.4242671211521931	1.352454918802343	1.2671488386850704
1.4367003155567746	1.4248990410967797	1.388391802208301	1.273311426131746
2.4013275426847844	1.4737030795274833	1.3074489691569853	1.2750177579580613
1.03717041368671	1.452241454011312	1.206272922453854	1.2716377188087828
1.317602297597555	1.445728934275932	1.1163273675134202	1.2641253153424632
0.6483130208747998	1.4077692159549282	1.1200762873198729	1.2572679259521298
1.0596055949085215	1.3914546954293132	0.9170262208449513	1.241324600171032
1.4654469923494027	1.3948687680333918	0.74695406605196	1.2185148156377634
0.11332316935829567	1.3366349127629147	0.800004424848644	1.1994978062600725
0.4949934184990328	1.298960878630473	0.7989277971304056	1.1815672670970536
0.9023223194808347	1.2814672240764353	0.6998691399739354	1.1603221024309711
0.29634864509653425	1.2386484991220579	0.7206556183411836	1.1412118619138996
1.5778861771443076	1.2531830008337734	0.7975588005925103	1.1264879487022683
0.20270330885736754	1.2088090191454812	0.9168171961624512	1.117631359719363
0.8779145836791626	1.1950255020823555	0.7590284466586243	1.1026936357820292
1.0809930211902836	1.1903408221039173	0.8054908962105884	1.0904833683106885
0.8651602667018266	1.177161467547506	0.8855590078755426	1.0821779962797686
0.4897105409525726	1.1496705011597452	0.821346209411761	1.0717474446497004
1.2151276294917759	1.1522539885761751	0.7818198583541325	1.0603060443268868
1.016217753974916	1.1469552473688895	0.75254415067467	1.0483183284022703
0.044570050230785974	1.1045659810665813	0.702137914526717	1.0350068096359775
0.3697099562430979	1.0766667225276918	0.5809413510989099	1.017767969842077
0.6309905808718876	1.059957657410596	0.5606993846646529	1.000631791367376
0.5108614511824636	1.039625280795351	0.616937190317064	0.9864239939490733
0.5526990341147429	1.0218149745934961	0.5449432204488571	0.9702759540085988
-0.153582829098728	0.9793400496740243	0.40261466488875897	0.9497625581398053
0.051621003982476266	0.9462141779810072	0.4499063012137954	0.9319141110406388
0.08983120970387914	0.9159950435955264	0.5613518446614034	0.9188378203071845
-0.004041445727555715	0.8839073362020329	0.47744073713375945	0.9034432848460088
1.0102333395237677	0.8882619898364326	0.5411291497172168	0.8909518652989641
0.04194024424752674	0.8594158618675438	0.48845817416490456	0.8772331406309251
0.07903752190398738	0.8331160226357432	0.51361069573714	0.8649783811791776
1.076715418944299	0.8412344399597893	0.5189400939746178	0.8534460515527924
0.28155168265085484	0.8227867643100129	0.5021962948639325	0.8418684422568523
-0.17505833658600922	0.7902543637489412	0.36680940007699125	0.8263800789033695
0.34661142927827626	0.7759458089060531	0.39787549992422977	0.8125597604615713
1.1194011932789967	0.786904728394261	0.39881266964484774	0.7993572297695504
-0.1861765180892	0.7561814292315152	0.3411735070303572	0.7848909103102879
0.9110821480468914	0.7610209607882457	0.3490624654112686	0.7712735275348821
0.5558213577843099	0.7546756611868481	0.36810540786661594	0.7588065728093456
0.16963361128783094	0.7367692674585633	0.3445195583305365	0.7461264593496959
0.21200014682208068	0.7208699674313945	0.3962401124072783	0.735525742080489
0.47610546258138386	0.713528190580843	0.41975019632699206	0.7260539963559587
0.17304810342971444	0.6974768263006386	0.43117858547118004	0.7172965697207268
0.3313911911758536	0.6867114941513965	0.46953090235111117	0.710010678899484
