-1.0	-1.0	-1.0	-1.0
-1.0	-1.0	-1.0	-1.0
-1.0	-1.0	-1.0	-1.0
-1.0	-1.0	-1.0	-1.0
-1.0	-1.0	-1.0	-1.0
-1.0	-1.0	-1.0	-1.0
-1.0	-1.0	-1.0	-1.0
-1.0	-1.0	-1.0	-1.0
-1.0	-1.0	-1.0	-1.0
-1.0	-1.0	-1.0	-1.0
-0.8136821455831404	-0.9572272666707832	-0.7569573708375318	-0.944205038227097
-0.8089022486608446	-0.9255865382068426	-0.5884800541727262	-0.8683216990935426
-0.8687092323508367	-0.9142559583278461	-0.2942381645688884	-0.7539580245178406
-0.7051630341201195	-0.8751878084132193	-0.6940639087140953	-0.7427670313442228
-0.8920249969055613	-0.8781498427231822	-0.7322285208524277	-0.7409131121616119
-0.9718764155861574	-0.8937272655950628	-0.7636738519369475	-0.7446959879572449
-0.9201853827181495	-0.8978943091076304	-0.7898890428653825	-0.7518137148985905
-0.4647823750240775	-0.8330769828525629	-0.34190479049046196	-0.6904688419145961
-0.5989328552586448	-0.7996981556261998	-0.23837367234552065	-0.6260196219189762
-0.7159846747672726	-0.7883048062600857	-0.15766374667707195	-0.5622765286835817
-0.14181123000254348	-0.7041298169400785	0.5316968892283382	-0.41983859725053274
-0.47850462539901195	-0.6759732358176258	0.5258031122553297	-0.3018285873451496
-0.5583647167458234	-0.6618818062097791	0.4570638596096783	-0.2109010824533999
-0.7411575778934899	-0.6710158656777445	0.07248851914781107	-0.17824894692353133
-0.6951562060759033	-0.6736944903640406	-0.2079488974258611	-0.18154441291701484
-0.6441513434120214	-0.6705330500668191	-0.12905222938298	-0.17592711897852498
-0.6825276234780902	-0.6717723303853178	-0.06350972543491207	-0.16431127701904347
-0.033957388026216506	-0.6080619284358924	0.22866450290381146	-0.12505749240537023
-0.29372377758844315	-0.5776741056438316	0.3317814756255568	-0.08089375396504328
-0.6946826496065637	-0.5886326794619651	0.1074827695419236	-0.06325094011137322
-0.6615480419921024	-0.5952550496332415	0.10320497677449647	-0.04813281650006762
-0.46107151905724675	-0.5834258681871887	-0.17698902949625206	-0.05949209446305692
-0.7344979130873986	-0.5963637921523453	-0.13930186234833097	-0.06632700628554267
-0.48650172819557247	-0.5872160122704964	-0.3507659908565903	-0.09001079657023736
-0.4453410306202893	-0.5757215174896181	0.30301832462894795	-0.05816821315955989
-0.5289775250209816	-0.5720338633076132	0.18428303726882422	-0.03904137039284472
-0.6475058828855147	-0.5778351673880201	-0.10699335116835862	-0.04426448556310303
-0.5740483529387916	-0.577551248721987	0.23826460785362302	-0.023089017906564924
-0.6426255995838339	-0.5823096749099534	0.3208531463617301	0.0020608664636334595
-0.527229380051155	-0.5783778388079007	0.3938728415479853	0.030029796685309584
1.5260053488243654	-0.4316494643139933	0.6079889536176293	0.07032814548141264
0.16242317575286114	-0.39116823350176066	1.0859086164620977	0.13953171526797026
-0.04386543708424562	-0.3680277573604015	0.8209498649884552	0.18493399826260637
0.6660570131098109	-0.3006240872623812	1.260438317507841	0.2550375092357
0.6969870936270013	-0.23698017735903953	1.6444119037887241	0.34367448455134797
0.5806503942254888	-0.1859040703620376	2.3361807393808935	0.46814317960787677
2.337983040090857	-0.03145627098855064	2.539786769470655	0.5949162399980747
3.648719767398176	0.18924960771118338	1.9024781397511488	0.6733329116846896
1.0390105575288273	0.23921278403810664	1.589264235367743	0.7271867528300147
0.4150701771639138	0.24935412510603538	1.4625000472904777	0.7695901375036744
0.7150832304051444	0.2757049488348218	1.4163909566291695	0.8061859537659855
0.11787874003715726	0.26694076994483673	1.5005005034414967	0.8447432526198291
1.2452885153785211	0.3202837278874915	1.722973560241642	0.8926275867026814
1.0290753785717848	0.3582398713035493	1.862531639083993	0.9445664409663339
1.4936789923387352	0.4179766377671019	1.8858055450204945	0.994086114775631
0.3515984453934684	0.41454457340485185	1.6231528214435587	1.026611757336259
0.5164267673048915	0.41972299529725543	1.3379028069734256	1.0424341060957878
0.8067403612510646	0.43906702693811805	1.277489387587028	1.0541827788286993
-0.1569056803390918	0.40976705899038723	1.0014534984376282	1.0515902809591693
0.14498744764451166	0.39695951462754553	0.7598594721787777	1.0374790957312179
-0.16870551377371457	0.37003193617066565	0.6520153371284352	1.0191295819364807
0.259561498302864	0.3648553939284336	0.8716701654009671	1.0122197825422816
0.08565239709657235	0.35197306679732177	0.8611272564895536	1.005248289539085
0.05442259225220791	0.3384523424369992	0.8812860719540738	0.9996155851340827
-0.37582874008233047	0.30647929038493715	0.689161439951717	0.9857188764454363
0.9156147046479792	0.3333452124964278	0.908228214948448	0.9823014329792497
-0.23665042856334184	0.3085699613611381	0.767292048524058	0.9729558939440486
0.10928536241836384	0.3000318426374142	0.8739470850795994	0.9687142509780169
-0.06963677373675803	0.2844163722116644	0.513687577237077	0.9494931016823582
0.2944706843606475	0.2848354409415308	0.8339528160586396	0.9446805885014009
0.13495359980404498	0.2786775710527256	0.8964358942904429	0.9426984895838808
0.17496705138398516	0.2744743819931832	0.7525646947206432	0.9349926636338943
0.0855658356405895	0.26692001528503395	0.800609244840635	0.9296187738506094
0.24501222306365467	0.26605560219794255	0.5726962105737678	0.9155334469864449
0.010803253144370473	0.2561131652598265	0.5087189739087337	0.8996874512106967
0.1875857961831482	0.2534780919663966	0.6016342819613454	0.8882265771496332
1.2601614554907683	0.29169772433458063	0.5605693347202019	0.8757869786896861
0.0060830740868238475	0.2809896067186859	0.5733448321944832	0.8644479445384063
0.03967906288279788	0.2720543271686324	0.7939271918124837	0.8618368484600349
-0.12041683676337345	0.257698829838082	0.7198226951014159	0.8566423453620762
-0.13741898372366346	0.24342043133857727	0.6487954344460403	0.8491311234772358
0.05256823258366983	0.23660546669957605	0.6942618491546078	0.8436008086230831
1.4392190651838894	0.27904145618347576	0.7324576191218113	0.8396788229355798
0.002875651666557344	0.2694095423459355	0.718776196348915	0.835461764036461
0.11551473595254103	0.26410380743457607	0.7713370481565731	0.8332508487961763
0.9988344566826339	0.28914585126126635	0.5584294680988036	0.82388342463054
0.21531322439600098	0.28665756350806926	0.5650780855943693	0.8151613303798735
-0.11161879627740756	0.27338417652618685	0.5916075151991009	0.8077108011997469
-0.0118074604377576	0.26398407510245225	0.5683016587504794	0.7998197264175193
-0.3562271720991358	0.24376352330475326	0.5141824905728094	0.7905069758098489
0.04501358850783377	0.23735343898055916	0.5851430653440308	0.7838835801759061
-0.11642778816407673	0.22606451009726625	0.7091840454881786	0.7814997647009299
0.5875412489517722	0.23747756262784536	0.7465067821523399	0.780394997916563
1.2716200542457456	0.2697885183874269	1.1930985631324402	0.7932894646055206
0.6837085353879486	0.2825878918571654	1.0202604106519342	0.8003079214960378
0.5130671534331774	0.2896420124355181	1.0132078200003356	0.8068239445223837
0.5989064525458059	0.29901215899916744	1.0432763517303276	0.8139880710651428
0.7974089671691547	0.3139613718171905	0.7928484512333251	0.8133538201653416
0.26261883183576296	0.3124366047701661	0.6561262625201556	0.8086844782958893
0.44082875377669417	0.3162121127318469	0.9454572703086741	0.8127063959953045
