-1.0	-1.0	-1.0	-1.0
-1.0	-1.0	-1.0	-1.0
-0.829056416049017	-0.9013550549106939	0.6022086333432606	-0.07542723157671782
-1.0	-0.9494173791796282	-1.0	-0.5259025819958998
-1.0	-0.9706981216689029	-1.0	-0.7253613072209864
0.08962538288479527	-0.578581451204558	0.40403697525954496	-0.3077002081121507
0.34059152160883	-0.2755154371002506	1.6388476654908235	0.3341077282651208
0.4520261611269629	-0.05916449256179701	0.5075776594008015	0.38569286315892093
-0.028884560445199603	-0.05096610568824489	2.1833444485424653	0.8724154352358129
2.211004856597448	0.5110847400574847	4.123767237396785	1.6803060030205232
6.374304157589907	1.8570958132675215	9.119482769412219	3.388107350497031
43.01254499445046	10.636386933014451	9.02674622054877	4.590943323800967
10.44085204114045	10.597435411676909	7.4347427175940535	5.157459724450128
3.2774170430687155	9.22972119276109	6.45418606180462	5.399747212929518
6.93343560184469	8.825754456308767	5.152656603205727	5.356277964250425
4.113859094553181	8.042633925247193	5.486997799471854	5.378003267040375
3.783574771217584	7.371851648184522	4.1193797806000285	5.179776113727054
14.182131090631858	8.391043501220567	5.6400011028123265	5.248650907269096
3.1826941506130373	7.648558795511796	5.029114447600187	5.217354794740418
1.9703330089028221	6.8757517068935705	4.809907801872217	5.161901276743483
2.386253045211545	6.2912094142762935	4.883598349796446	5.125666021237078
5.567181823838897	6.20085648607623	5.039203487339581	5.11487699015319
6.400489901529038	6.224777022837825	4.877984468231437	5.08649459183178
4.052983729745056	5.974545657797635	3.928567501982278	4.953080185242729
1.944360216167794	5.527347463392404	3.274976464824002	4.766874223767582
2.804036062005256	5.235931363680046	3.382710244844742	4.618757889437621
2.956598787768898	5.000417958902785	3.2799662729679984	4.480426841032164
4.475041614461888	4.947938809189413	3.0583725044787577	4.338379878426625
2.8934639891181537	4.7493282565483135	3.244393147162408	4.232621885266677
5.456045452501992	4.815517174848559	2.6932229844120084	4.088447338784036
1.408968803379958	4.506124404323657	2.7327404391903225	3.965318498176342
1.144613110636028	4.209787103023929	2.6852864443897446	3.8524758680055164
1.5582489083095004	3.982707134381487	2.9022080046953667	3.771094280595304
1.379766161149535	3.765972773913476	2.462425383753594	3.662127990792528
1.936751058619381	3.6177736275819967	3.0896840899996247	3.615750476900807
3.2060045212846804	3.58529061854955	3.554520786533108	3.610921063476904
8.532186113203508	3.965550970271468	3.4844204175721902	3.6011979923337645
2.886614665647165	3.8846866330243035	3.502468098116357	3.593798865523066
2.171874227919271	3.759440951438158	3.773954012262874	3.606971767790073
2.947234870942665	3.7014627183062423	3.5169593235288144	3.6005461721602012
2.8918595612558042	3.64501328830816	2.9905525319850397	3.5580145244042978
1.4528778282598869	3.495637117283234	2.739040723863349	3.502208224313252
2.1815362083913397	3.408080051543876	2.5848979021615905	3.4410889534279985
2.3009417117579476	3.335915261083147	3.1077421409467707	3.4193614626394027
2.014035349801119	3.251584450209193	3.0635528464066795	3.3966623563885294
5.958931710275023	3.4207079395259123	2.9596006209848906	3.3693601108401676
1.9367566910809253	3.3298986891606406	2.961958431897478	3.3444296773431486
2.11245355845553	3.2568867400121313	2.8678681638498937	3.3158495429673884
2.9256226116825585	3.237410462556552	3.053701878428236	3.300437089734661
4.121516615663842	3.288393558988272	3.3310199968348355	3.3022005423620957
1.9023712699231483	3.209974416148741	3.02965031288631	3.2867810610226
2.654912409846328	3.179151167458227	3.0902675161710356	3.275868827271359
2.188582039092522	3.1251432369423213	2.9700432293991135	3.259195465710132
2.4010407965141334	3.086368060749229	2.946120113743446	3.242430911121211
3.412640030478058	3.103533869654136	2.6439966579366527	3.2109467978984485
3.338325754591156	3.1156735260829045	2.5566312978035546	3.1771155280111563
2.3867087299543974	3.0786206644232985	2.608284739588262	3.1482020495558265
2.536694821932145	3.05153426123613	2.5179178034275806	3.1166993073414124
3.096816532324559	3.0537600309783626	2.585882212437312	3.090602268807314
2.054851677531226	3.0054424934430886	2.1209525687966564	3.0436999965606626
1.4175532950873357	2.9298538441389406	2.1201091669886454	2.999734092229343
2.2187416255173535	2.8965309519344036	2.435598422476156	2.9732984695803837
1.6813139574871823	2.840461999289029	2.232170643534446	2.9391036685458487
1.7643624970613625	2.7915633330087184	2.24975365875593	2.907779049483038
1.8218016301041806	2.74815461337912	2.2763191353266667	2.8795136377693624
2.278419658117816	2.7274373155221303	2.4166547209605183	2.859099612045441
1.0050614986044497	2.65257346581924	2.303095001055566	2.8349331239114575
3.443701158753072	2.6864697712743686	2.467781833016865	2.819202865472516
5.000901171529625	2.7842356611437094	2.5517678954992387	2.8079060059047047
2.0115091665832647	2.7520479697320357	2.5436663988768777	2.7968996040897087
2.0019234349797355	2.721229393911164	2.50355341017802	2.7848477909218454
2.52888214288547	2.713434493273142	2.1429778306167617	2.7588336456823974
2.80913653638	2.7172619295246316	2.18310652835247	2.7358107237478984
1.7505010364046596	2.6791099364742137	2.198477383031005	2.7146055804255567
2.779074162679431	2.6830043092479277	2.192735793531914	2.6942785124018847
2.170756717790732	2.6633068012926704	2.418794923595781	2.6836850827100798
2.1807874455666676	2.644987733259739	2.135964083959488	2.662890587311586
2.3226033992873196	2.632900935092693	2.404814369724274	2.6532147783664537
2.978827793083963	2.64571034445115	2.3574227991099606	2.642262210849258
1.736683384929067	2.6124607568862106	1.9188798722912983	2.615802980366336
1.6127188393711855	2.576333139381508	1.7983546823044403	2.5862628150144986
3.7126399487962214	2.6169057009673278	1.939668742540773	2.5631745161109287
2.0714277641843157	2.5976568924321497	1.6944310949271144	2.5325188553692897
1.8142693373726524	2.5703346999787784	1.6839080505456523	2.5029219292476457
1.2122814049312596	2.5235145124437772	1.7614803404214947	2.4773597431143295
1.4859675216848514	2.4881504720097305	1.7086251095680227	2.4511578815544404
1.5048791381597248	2.455012705397525	1.674328017137288	2.4249774048778954
1.0698361288569367	2.408849103668485	1.6713110127831907	2.3998599919813928
1.694038887890513	2.3852881499670984	1.7322678203536803	2.3778553723497655
2.290767208362193	2.382205886357022	1.774125122220115	2.3581717103590316
1.5117772934617473	2.3541326872452144	1.5904051876397656	2.333409568629638
0.9448273737772626	2.3091629412712753	1.5161326830213455	2.307330810938658
1.2963354388760093	2.2771846796429855	1.506919094570521	2.282059196613996
0.7134922190989499	2.228327897985957	1.3785045199644976	2.2538279873181453
0.9433429848564365	2.1885928707376117	1.3747140322017004	2.2266434105910586
1.4232810502620015	2.165168458348501	1.3940461888909206	2.201159605262706
1.1611901109588416	2.134749930950402	1.5510649465811674	2.1814629653728144
1.0488453495638952	2.10217830757997	1.5179605506575231	2.161561274298202
1.1034784541754386	2.0725191651511894	1.4465245808300908	2.1403264140084106
1.0392363984939177	2.0421333089469638	1.728603856089355	2.1282186837484343
