0.5477693366042522	0.3513668287311009	10.056884819097672	8.653833436454464
1.2714666959255885	0.997469926834023	11.281873894100725	10.499269018311708
1.1600939321670745	1.0913138427547078	5.3210140433012025	7.511097329971793
0.44307247813262074	0.7754742086028146	2.8388868297837453	5.234677721013697
-0.49526878429606236	0.2408567401202506	2.4338602429328544	4.056338937614649
7.757284575981313	3.020495886519388	7.616516609119602	5.372922836917427
5.778809681298094	3.9299560906809	11.955598530124336	7.543336366318917
25.372522966779336	10.3063868231497	5.848842119448815	7.039438942933009
1.152687855281986	7.827978893859559	4.774205013466406	6.426115217368605
6.6181075987407025	7.527352655162394	9.63906053728858	7.2244636099036015
20.26511911436925	10.451543740606569	8.66044258059283	7.554118889724215
6.53524030831186	9.616116346848179	9.014535119423314	7.865654445451092
5.420382473320985	8.780280757162814	6.728773148716815	7.639175316197342
2.2640224168063487	7.562746142758392	5.45241926504221	7.230589975753224
2.490651418621135	6.670455853991872	3.9958629372342225	6.661531918386239
5.902481566446957	6.542817895292961	6.093029321103771	6.567046286511041
2.4297042781208553	5.89502082067457	3.942708999638662	6.153724682871154
1.182469332807076	5.189764118942991	4.490872687005893	5.904870850577274
4.827080701409403	5.138061242692673	4.3544229212633025	5.68384422612298
3.9679695418414775	4.9788106059941635	5.335945274875143	5.6364938231323105
2.864825425767196	4.703565328162526	4.252328305787281	5.456272730522001
3.3399664280580748	4.533397331046188	3.899246272336626	5.26196626770349
3.2211027358876345	4.376164193437122	4.767893817449614	5.202769129820257
1.8647696555487938	4.086803025430172	3.2194267174592968	4.974249793289898
2.597567437444994	3.9215543221490856	4.46123620332762	4.9173249306649005
1.6437614133997696	3.6778125481717785	3.499272730082045	4.765582881979555
13.92247569846784	4.736356277243638	3.0055009278255307	4.583721851386355
4.231121927973014	4.685889975178007	5.3658249004272225	4.661845948461226
9.993401710045214	5.1989778364034684	7.252441587424448	4.912283725304792
4.4873295666028215	5.132328147828137	6.243109889754253	5.036925277326748
14.090033887893298	5.945893936212582	5.8696851890031	5.112558851862204
4.054598178157307	5.779165812511289	5.008510044861296	5.103387317044622
2.5226470577583844	5.500274724149741	4.9811059949892975	5.092915185464309
3.289165847077804	5.316166771375759	5.3197663778039885	5.111805010073724
7.29372402096692	5.476384475120643	5.59062567028604	5.150598235176356
6.2701674975902035	5.53900628953442	6.1167957192927	5.2268215357409
14.60790683116156	6.236116084141233	6.37395396642332	5.314999603682865
3.2791072073651106	6.01449296593388	4.903402358434771	5.284151876702224
4.131287309815798	5.876788268453162	4.4242221741864425	5.2212718170978105
2.1452224933412594	5.610416383928235	4.064195108885032	5.1386758656405
4.575450281140542	5.538253784427567	4.141653830525782	5.069158883259331
2.862226944524275	5.35590438717013	4.1484641661720385	5.006421174337667
12.069559431270289	5.803229808081654	4.425314158771905	4.967703049965101
5.580967140531199	5.7887421971299355	4.408548817011404	4.931256242689243
3.031458139584955	5.612838433980189	4.463692453555007	4.901428081764056
5.313361736520842	5.594131180727441	3.7359423478956204	4.828622672980435
3.341840761255357	5.456304336135546	4.627034028951754	4.816287373151697
5.389345936649914	5.452289307759963	4.541819522169226	4.799827637756382
2.976540948654884	5.306724729565299	4.192278803687285	4.764106520637848
15.42660660699589	5.89030283635495	3.8760526349456965	4.712895661780967
1.9866913776873827	5.669440324802408	3.668856834370202	4.653825747776495
4.711970450046431	5.61627149920789	3.4642882388361755	4.587769388894577
2.977888982902942	5.472419307738892	3.600207304335189	4.5339251201182
2.1697602606167354	5.295562459353585	3.573696826002368	4.482505963490711
3.3005071408690814	5.19060026568865	3.0202657462467624	4.405575795986394
6.055068245028924	5.235296539850213	3.0183803737253605	4.333850983138453
3.4626673519759743	5.14519538161968	3.2986595200224107	4.281232898735873
4.399569979031309	5.107928222219768	3.3743480728097692	4.235905511436339
2.0521313681138977	4.957695444520644	2.6455914995894148	4.157720469034185
3.1445417730087755	4.86999188169547	2.9543649660764757	4.099513231167078
1.950723599456369	4.731024744955615	2.661064052774442	4.031037728476891
0.8238486639330957	4.547935589613952	2.3308131605346016	3.9513661322684452
1.3773684909638835	4.40164819131817	2.336909405923663	3.8768765054488705
2.9138408131247706	4.334041168240044	2.4540737250161624	3.8122233630666154
1.2889712228631085	4.19773588557216	2.008393834401638	3.73147915647919
1.393468711934689	4.074055049920644	2.0072230531558146	3.655431830253744
1.6793532495069514	3.969968002044209	2.377543650029138	3.59988791778469
3.4827821673759445	3.949094358986126	2.3799038075818255	3.547617569703016
0.811702033746305	3.8165656027256567	2.115654680855356	3.487129490757825
0.9594561728946667	3.697551998315719	1.8228965251122577	3.4178057069735797
1.0531116182362648	3.5889053756153784	1.7393947203933031	3.348848395758899
2.4355622914339192	3.542160517251503	1.6544174899905855	3.2801732388677225
0.8666096014585001	3.4351662251029866	1.8970499480994953	3.2248630603674497
2.775372091149635	3.4091288075182318	1.8339372912575929	3.1699722750543247
1.0732257510814645	3.3181422289050166	1.864800328754261	3.1191342816987175
2.339820610223161	3.280523635477156	1.5895015237290266	3.0603165075466734
0.7469276180656808	3.184333912790021	1.8667835589134003	3.0150032199938552
0.63601514379955	3.0887940882128193	1.7603031343005484	2.967962773237432
1.262479784489448	3.0211679087838252	1.7698640095736744	2.9235984504925385
1.197223782664758	2.95445317681002	2.0240381874053908	2.8906950520654373
1.893336817846019	2.916107436934017	1.8086946247236626	2.8515946495705453
1.8427102589907403	2.877779147749316	2.15948750412717	2.8268808066256415
2.2022888623592483	2.8539430507092423	1.945593614390769	2.795782861148301
1.3440570508269336	2.8012832521173503	2.099525995819541	2.7714994184995985
2.9382770182424798	2.806005297031731	2.081077213101519	2.7476959436860517
1.5103572088848134	2.7618443687403373	2.0730995065317877	2.7247029376537273
1.263830128659075	2.7113592946919325	2.0237531140454905	2.701079767181606
2.0213036497622916	2.688361470277488	2.035885270553712	2.6789104830863413
1.5161870471573544	2.6497252576532704	1.896672805172074	2.6531267662001294
1.1042971630464158	2.5993404684787085	1.7979054359402862	2.6252444601413085
2.1839214266166542	2.585942282452916	1.7339731415254214	2.5964990806083956
1.1736205002347888	2.5408762039421138	2.108845763478525	2.58093814622281
1.3371665512070465	2.5028707497358043	1.7916477491691132	2.55601715258701
0.9562169338270925	2.4545463390623428	1.8469861301200732	2.5338637254749106
1.484863877335826	2.424561383047913	2.108563111372997	2.520712342883272
0.9480977647716127	2.3793711756316536	1.993977578900652	2.504590323565663
1.6129371801849186	2.3561496171801743	2.1940134013808734	2.4951801952676713
1.524884492871457	2.3312157348589886	2.1752763129416675	2.4855845282234124
1.140812101855471	2.295862970234965	2.0853863737534435	2.4736992562404496
1.3024815703669832	2.2666505818509997	2.1277787407701014	2.463526682439258
