-1.0	-1.0	-1.0	-1.0
-1.0	-1.0	-1.0	-1.0
-1.0	-1.0	-1.0	-1.0
-1.0	-1.0	-1.0	-1.0
-0.4340857552890697	-0.7619127649227175	-0.7442049535264328	-0.8923838091538672
-0.961212529127742	-0.8356155330213789	-0.6332219981464623	-0.7965435994123861
-0.928736846221192	-0.8663191209563261	-0.5863908000316607	-0.7272528617432195
-0.8998460944858191	-0.8762891326992294	-0.7851858625581024	-0.7444805650877879
-0.8913278671299971	-0.8803609531293815	-0.483841763918071	-0.673911421936263
-0.9289828071944677	-0.8924424275396159	-0.6477668343068634	-0.6674150275319147
-0.8768812518712508	-0.8888700849965138	-0.47129542155247084	-0.6223921773526165
-0.6409112483009493	-0.8359754239663343	-0.303731465661072	-0.554415354762889
-0.19152838124468385	-0.7075946195349432	-0.27500470083778283	-0.498753741424769
-0.5390022314152614	-0.6760938478824465	-0.11263937234158794	-0.42660991385714486
-0.6872391813142333	-0.6780546284966518	-0.15861266628594828	-0.37946366826302325
-0.8654664923895236	-0.7092026344687902	-0.31454138459628445	-0.36867368013825186
-0.7648842816654893	-0.7179722347532043	-0.18743851457090632	-0.3401299295209331
-0.8288266191833946	-0.7345621395994547	-0.3637373718077078	-0.34366287889273206
-0.6772414204771473	-0.7263906755770746	-0.01818721738610407	-0.2972641136300701
-0.5569030884562778	-0.7033234699741564	0.27711400743472914	-0.21909140096968405
0.17555869497179066	-0.5888911487687445	0.32943102369219757	-0.1476726455921935
-0.3457509086500691	-0.5585487328634429	0.09102129152145455	-0.1178850373764776
-0.6133094159543999	-0.5651098636573775	0.1410684022007178	-0.08685817320291811
-0.024923288429105295	-0.502869745363762	0.25725181321188795	-0.047209816394472526
0.36476464137487863	-0.4065949298254635	0.38796709546326213	0.0010785644353630275
-0.5332334463661155	-0.42014623362363834	0.3627998939749235	0.039785845293616395
-0.436731487808516	-0.4218597580499922	0.23466609271875383	0.05992238926799631
-0.47619023140964234	-0.42728678622476923	0.19748469045967432	0.07366319725838921
0.2784277419996466	-0.3590637567518895	0.38595894757157967	0.10385354931380997
0.36177669366418974	-0.2915525552064623	0.5224657417655236	0.14305909101126368
-0.21518398150551843	-0.2846164726333369	0.3411007851485979	0.1610459381310485
-0.3841187085263962	-0.2933880739443958	0.31881214230984956	0.17495420509082793
0.4145878628484554	-0.23275634361769804	0.3661049505417777	0.19132456278698595
-0.2797699131860111	-0.23667086613729338	0.15731490185639818	0.18849286070424798
-0.29926944938595834	-0.2417424868141893	0.12393368014430961	0.1832623859971514
-0.23912794310326524	-0.24153607272299904	0.14499449230715733	0.18024372529428057
-0.24235706013608327	-0.24159899562354548	0.13457176689861083	0.17673328365640195
-0.0914901925410857	-0.23034846333449677	0.2812009861658622	0.18456311117549085
-0.39606326070457254	-0.24246596750121907	0.29698691396724297	0.1927838279765941
-0.348849620706443	-0.25005995579826823	0.16256879745901087	0.19062705082782827
0.01675324183891691	-0.23145644841452562	0.2202172425898432	0.1926901691274543
-0.16153771799801564	-0.22669200469160777	0.6461157325688769	0.22358754037891648
1.049603823939825	-0.14165364360970467	0.7358603528695498	0.2577197906034563
1.3531427843018284	-0.04421996626481295	0.5447513952492158	0.27642909084856604
0.09730729298835827	-0.03519096477594774	0.541529484957531	0.2933416288777204
0.037080139174274995	-0.03067630928638143	0.5263571829516707	0.30789770549992856
-0.10627843379010471	-0.03530266826725592	0.34893178136806524	0.31040885574975463
0.5696764731501811	0.0009788653180944351	0.47920738169651167	0.32053202149740767
-0.2544089704356848	-0.014036981459698006	0.5121885969159645	0.33180078876407926
-0.2328750383239071	-0.026656475424019832	0.3765954892634462	0.3343841638006204
-0.16570441767392863	-0.03452362086129712	0.2444241386437307	0.32929440774318364
-0.13121557759625668	-0.039892971656793175	0.3725800893017128	0.3316984023546028
0.018686926234910306	-0.03669894199857293	0.27280766881667917	0.32848758821344726
-0.28892239313011925	-0.05020541854887017	0.399508528338935	0.33229097760549275
0.3305659771426759	-0.030172718400285348	0.5037085297352479	0.34130931015875454
-0.004468141327327202	-0.028843687352103742	0.4729066988079811	0.3481134816083804
-0.24167703614313885	-0.03966177340171173	0.45038571408366845	0.35331179800492474
0.15945683651790854	-0.029709243399483776	0.35800855769129414	0.3535467450365233
0.030555024584008272	-0.02674661152330282	0.44029903361176737	0.3578115520744294
0.47942910340959455	-0.002262596657415017	0.4653972575606973	0.36301552086027034
0.4016424333299382	0.016964630221980803	0.4922340641454859	0.36916678774384337
0.1861249615800391	0.024891636258889127	0.43291174006491695	0.37215408966800445
-0.19408722785570576	0.014788270784056978	0.42868692881740245	0.3747627363177477
0.04083305607594401	0.01597172297305116	0.6822771800468226	0.3887362820498612
0.7468012110985263	0.048685591928785854	0.741997791884832	0.40454923697727097
0.10160773174068338	0.051019776766292546	0.8026755396638594	0.42210855935573277
0.3274954537209658	0.06303715137315269	0.6454368320227142	0.4318158872462121
1.938052015132914	0.143372782187565	0.6740707623087454	0.4421956464294885
-0.021910613033858328	0.136390901546942	0.6633290348053416	0.451536700217982
-0.1483644461008532	0.12452939104381411	0.527198314339506	0.4546885440477857
-0.041681290716719666	0.11770069506608061	0.501537000051768	0.4566134096599499
0.32546168175904433	0.1261215108360232	0.6114784362337069	0.46289041158937416
-0.020672294038951766	0.12025141803620198	0.5391127367999726	0.46593877532973726
0.09353342646750162	0.11919708930460371	0.5583975787084683	0.46958764243628703
0.3876891017915336	0.1296553655290027	0.4723227731515405	0.46969430657491884
0.0756707763641924	0.1275794798849499	0.460699476749038	0.4693483589620526
0.03956002918531665	0.12423777259945101	0.46343303512446954	0.4691237970380715
-0.04284357199171551	0.11797367383139057	0.43902556447380636	0.4679953693250336
0.05827027614546121	0.11576301247952192	0.5373230584819066	0.4705625789027652
0.6175767545156512	0.13411764230815182	0.5834812595627723	0.47469253551317037
0.47539773296473364	0.1464499586759378	0.6093373950540222	0.4795577175101198
0.2589155174887734	0.150465458578944	0.6357640362381303	0.48513497212936807
0.6649851997068759	0.16862084985324577	0.7866538628419044	0.4957742659359037
0.44013442171152883	0.17809008075238153	0.7468014398841218	0.5045289636311019
0.5936540687831027	0.19241672400078502	0.7562411309983688	0.5132066855404214
0.7412491961850822	0.2111226669514068	0.7470982857011843	0.5211781784375575
0.04812092492472386	0.2056291949384652	0.6748492301567122	0.5263568707971005
0.9254187584886526	0.2296171265070075	0.7197284877275056	0.5328010125341349
0.3974367537835142	0.23514835390863742	0.7826023839761231	0.5410343527652968
1.1236273462230737	0.264114999061408	0.9021739429731122	0.5528084115697001
0.5393325563862772	0.2729910922732188	0.9268640659875087	0.564872175872015
0.40093760923902355	0.27707357012077627	0.8308331477783906	0.5733585073700067
1.0544695841431175	0.30161830309906623	0.8355219030725478	0.5816357044665259
0.5921878099042677	0.310696852814788	0.8945321965367514	0.5914118240694499
0.6749915691188528	0.3219617572208784	1.053971344748903	0.6057153203793151
0.9261585738656577	0.3404539914642355	0.977361964846613	0.6170898971020815
0.7554478280256391	0.35302717696040276	0.8968768077927207	0.625566585028601
0.262001000963473	0.35029681203187946	0.8994818138668916	0.6337825954431102
0.39635803389901203	0.3516647073269501	0.9008186222975345	0.6417129955330967
0.6909277931922273	0.3616414317993455	0.8362006104776152	0.647432319397159
