-1.0	-1.0	-1.0	-1.0
-1.0	-1.0	-1.0	-1.0
-0.7384168940204328	-0.8490504772059096	-0.4652283267711671	-0.6914038902650119
-0.5707401129406324	-0.7134505602168678	0.29911298942266984	-0.20879878886673298
-0.43643694244401465	-0.5969074153435646	0.7430728127756219	0.1916656599619524
-0.29629052692696944	-0.48573675394542637	1.1869290011748963	0.5597224485110393
-0.8351925481847116	-0.6009579082039134	-0.17794607138195717	0.31650140099524204
-0.7518570416747953	-0.6458312378554896	-0.1766034966222364	0.1698653108255832
-0.2886968223250126	-0.5491354824428453	0.6853609870581958	0.3094380097772391
0.03412941931551505	-0.40420675652023075	1.34022951348592	0.5655674263189987
-0.33847438578119504	-0.3891167327091053	0.501153926321134	0.5507799460144438
-0.48182974874188567	-0.4088942586346195	1.075765296271538	0.6627700974677355
-0.12317062312504257	-0.3519750087688899	0.8889610799752421	0.707829817262472
6.417648823564613	0.91290009160097	0.6061740698561524	0.6888358542518094
-0.3725588913260893	0.6867602933101098	1.122493310341826	0.7651253663698252
1.9122552676542264	0.8904385303773459	1.2138295847856155	0.8397004197930356
0.7919733695798772	0.8749305267794283	0.6870761852563019	0.8156626168902719
0.11444633615334499	0.761120258079848	1.2452773046605001	0.8799565505025853
0.39863895261443316	0.7094464257700688	0.986210368321077	0.8951041552613124
0.40600718146792736	0.6681480901206545	0.6869328476784138	0.8667717511413073
-0.17992308882589958	0.5577274808089014	0.8347696684960704	0.862605251953704
-0.07528066995379845	0.4787321723218485	0.8979153509200801	0.8670117185400601
1.6620038835291515	0.6205069352321897	0.8599105686118436	0.8661610470498322
3.8448450656570694	0.9920138761302761	1.4730451746671265	0.9360862658279645
0.662418763059285	0.9554415017423596	1.333942289631596	0.9802335706738896
1.1926449469314209	0.9808246147359516	1.1140153514083804	0.9945497071843425
1.926940618053337	1.0785833662014035	0.9894279206373844	0.9940207752119221
0.3860750795382397	1.0094095864768753	1.0971365315810049	1.0043206225148493
1.3313436032460468	1.0405316794329158	1.1630696949492392	1.0196672590636084
-0.13168340726982053	0.9307461615525106	0.8526020343618275	1.004020587482883
0.4171001628537876	0.8840954286563445	0.6767651426994072	0.974298447698362
0.18018693190251422	0.8220418834794008	0.7320986864232384	0.952947348491266
0.25828905494676757	0.7737614801262247	0.7484111847495039	0.9354305396002025
1.967971056155502	0.8731977160637541	0.8880432483661651	0.9314848397203515
0.23203969520746082	0.8212526261609161	0.8568491930491451	0.9254382590832413
1.796494318107423	0.8981884068331787	0.9207390620154916	0.9250678438577833
2.5208902254000845	1.022923224252275	0.7065551120294113	0.9082715386737954
0.10788443514315538	0.9543425742452973	0.8874371539325276	0.9067104753660087
0.615320475556568	0.9295524462589189	0.6061542779295899	0.8847330747289706
-0.0784861280691882	0.8575950767399414	0.6612270754521334	0.8687782442172742
0.7510260928603285	0.8501644731651528	0.6437459915210464	0.8530877914318358
-0.09541077680771937	0.7857311431050973	0.6187126162782579	0.8371169410689117
0.04001397842666421	0.7360447873950289	0.7343658307267384	0.8302708213340735
0.09684377915108744	0.6943805887079495	0.546824424364706	0.8117954130382112
0.0976725262166136	0.6563130675344113	0.5692676243238881	0.7963233232769842
-0.17299018553754153	0.6045079775780997	0.41052808364067217	0.7722233753563847
0.10310425736749629	0.5738249514046754	0.5427877449885969	0.758183279697902
0.40917239505685066	0.5639505964437777	0.41218847656376334	0.7374335762244257
0.3458356811392771	0.5511264164384853	0.6669111522878086	0.7332873413644512
0.9667423133186641	0.5750938966875596	0.7861575435865082	0.7363365233018979
1.3665782849901564	0.6198760062375821	0.8574778197675677	0.7431910501847225
0.6717820288499472	0.622758644368995	0.821089568468413	0.7475171232072848
0.5137752442925538	0.6168168136821546	1.0640831039826724	0.7647776622459126
0.32684948439650374	0.6012893313964334	1.0515529066006355	0.7801349461615672
1.2493637094629482	0.6353854307836528	0.9223403071011915	0.7876166628040038
0.10653915291313742	0.6080415936126411	0.9109960485169981	0.7939958722951306
0.14378330105835313	0.5844436447766408	0.8050135561965852	0.7945554594883799
0.535696565371113	0.5820071397670521	0.7535234667627293	0.7925045672769926
0.5374410960625229	0.5798160260555951	0.7400425382929063	0.7899252479897241
0.29571276682815384	0.5660738950332895	0.7174219157968116	0.7864183758974854
0.2813380809043111	0.5525194771504671	0.7444410630480627	0.7844200188203119
0.6062692113138501	0.5550384235781758	0.7450873631972743	0.7825771646465656
0.3254288383516051	0.5444445245823575	0.776084133730212	0.7822777277530462
0.775712212974083	0.5549533342223805	0.687980851914729	0.7779927337630994
0.43725641506423485	0.549685146415547	0.7110245416289018	0.7749953378831578
0.4000834142025984	0.5430870933523839	0.6539666730294906	0.769657501181833
0.6178476062098703	0.5463368656677037	0.7101175518180127	0.7670698275454819
0.43128530540793597	0.5414076160266454	0.7919938155701614	0.7681378648979318
0.4567359189010147	0.5378308783174155	0.7078611340320171	0.7655916055802645
0.805709940693589	0.5489898666963913	0.61038676038721	0.7591268421991837
0.13384756852794677	0.5319337565018691	0.6914957949092961	0.756348214421281
0.6294173112728729	0.5358850658061511	0.7044512515242427	0.7542451494103921
0.18673825596749793	0.5219228646974285	0.6166620190301433	0.7487433701569106
0.26610762630558793	0.5118275001144978	0.6321059899172263	0.7441405134944534
0.24991481920492076	0.501625821023022	0.684555934803472	0.7418198806136391
0.5797283053825595	0.5046288472519997	0.6589520933188722	0.7386332259743718
0.32323426562236723	0.4977419893576438	0.6451273430071613	0.7350831026619737
0.681159750323918	0.504618267160597	0.7078790725553423	0.7340628938703808
0.42907421329558715	0.5018209652058816	0.7260397942546457	0.7337657948272425
0.7320606755437344	0.510242422101379	0.9065230941361269	0.7400847020229973
0.8051914599936285	0.5209005639962463	0.8161079099515676	0.742831602548057
1.184173450559523	0.5445832210907369	0.8649212200461212	0.7471905462447659
1.0816651128560295	0.5635348702451131	0.901365503602958	0.7526307206325134
0.41726965497040847	0.5584334958278641	0.8733554479138685	0.756840947450298
0.4839460293515294	0.5558651119929132	0.7808152324526927	0.7576670223369133
0.7050769710683484	0.5609506864569336	0.7903966586541606	0.7587824070940217
1.3093664143750092	0.5861726463022354	0.8285428677059834	0.7611330074325844
0.40950523924702553	0.5802848250770436	0.8280920115112642	0.7633644576493095
0.7399592385848976	0.5855477087023591	0.8454288130577521	0.7660692556011013
0.32903880805945085	0.5771846141406649	0.7975965039055821	0.7670967690586639
0.41119332612943715	0.5718309938493413	0.7038594202455541	0.7650571592599829
0.4524742496222771	0.5680222343752412	0.6532759678786122	0.7614901001891214
0.3676494090463487	0.5616958466903748	0.5278233064567768	0.7541125179402803
0.5104828752109047	0.5600954906485862	0.6857868561082385	0.751977458408223
0.3331148894063449	0.5530767870506754	0.677564862011492	0.7496765425538277
0.3623331615765988	0.5472386242428855	0.5902863184061082	0.7447979968911227
0.8488527731501903	0.5563766087268069	0.5780721192526235	0.7397463273068885
0.15777004032435515	0.5444204056671338	0.5140628138124403	0.7329769339315932
0.13918781354967136	0.5323857563119467	0.43689472527959206	0.7241838256326094
0.22871590635021022	0.5234558306196873	0.48066828142395024	0.7170228694901786
