-1.0	-1.0	-1.0	-1.0
1.2936164212553765	0.6105998096365308	3.442706036725843	2.1197114873747265
-0.7393684373206282	-0.1684148446730458	1.2864921344536207	1.638892518740111
1.3474415735842862	0.5701490302174173	2.0549978311070585	1.8416297361677603
2.3997910979637864	1.3399025695863394	2.5400583535205405	2.135467608318336
5.968619422160292	3.0516410104153477	3.140946825667677	2.5073019960995575
-0.1376327410708491	2.0000863788965106	2.0126934354326838	2.3442215209716633
-0.34996729397351667	1.3012444628931683	1.0340936123998419	1.9546251055430521
-0.1448094452487424	0.9097184172908646	0.8798254282671842	1.6636178409625235
1.5186428045780547	1.0610227333128024	1.8222010773668544	1.7030220814488835
0.4506987777454865	0.9209113227834382	1.695726125333071	1.701346886706503
0.4561858651765376	0.8217760418299882	1.8618084796009167	1.735576723575587
1.3013181667240268	0.9173060337793244	1.2676383841660006	1.6423583716496917
0.3974769204595696	0.8201783883912579	1.3699326376205834	1.591457124425986
-0.0418450636052331	0.6685298558037709	0.5321470741661591	1.4051015659947823
0.4926663805335012	0.6393010072827594	1.017930929881084	1.3407532469437742
0.6723044661687929	0.6444986048226238	1.164000802684324	1.3129151470190177
1.6748755795042625	0.7986997613600386	1.284137068458127	1.3086084584960438
0.6337287970264371	0.7751821162681598	0.8325560883375431	1.2407440946692345
0.42992310682605006	0.7281921238057283	0.9952941987952657	1.207338051710872
0.12982503002297374	0.6502834260405663	1.1818418623581874	1.2040183981337385
0.7791743670941886	0.6663681859633268	1.0818671507344892	1.1887747245426032
3.600967276776978	1.0179800165943744	0.9803804622413512	1.163806147806592
1.3771096200733663	1.0593591449065545	1.7945181704930797	1.2364769013177908
2.4910411608221517	1.2182223161816337	1.1701269145194022	1.2291149133835817
0.769909878693614	1.1702494666690813	0.8158254630887478	1.184889815407172
1.149434872174489	1.168099082613363	0.9485293657326361	1.1604679221462812
1.1963949196759032	1.1709257537210878	0.8282061574138568	1.1272789884853442
0.7834554467161519	1.133468268460112	0.5956923713350311	1.0758894402018342
-0.35018053275267114	0.994514976748015	0.5354667566081692	1.0252754621645073
0.18337863998257964	0.9208451367697206	0.4338505000587032	0.9715604933913862
0.11222544261793699	0.8495605894258893	0.27187227140899006	0.9098789138072263
-0.3229924330759979	0.7491421377128207	0.35368371269037424	0.8622459339350714
-0.08379345370063485	0.6797875763640355	0.35733808733481887	0.8202047296076429
-0.33515644073325934	0.5975590389832615	0.2864694863127182	0.7769627442742744
-0.23228090029959403	0.5320942547085741	0.03825187289897336	0.7186870083542352
-0.5751746425151003	0.4469805748610527	0.06022898946293953	0.668072616814217
-0.3548921965328635	0.38688142834924366	0.04795371699872808	0.6215957542225743
-0.0766269742196658	0.35298848642248903	0.08642075936001326	0.5824623645645859
0.009752835885499023	0.3284871458148315	0.23391688200195992	0.5575819897179122
-0.39813820051181126	0.27782316877974234	0.04351130514123258	0.5217383848037218
-0.49283879273906406	0.2253087821240758	0.13938114477778063	0.4956837841831969
-0.2142528421506209	0.19602120974649417	0.17749676549748972	0.4744832784928288
-0.3427844369139409	0.1609008354979009	0.2769269389903788	0.46160614608164874
-0.23100960790353953	0.13589856397526257	0.21594855012920755	0.4459343209860518
-0.4076494232535327	0.10194422359890365	0.138002887443065	0.42669863735940217
-0.3435856297656613	0.07468042355250049	0.21876225142394623	0.4139743100140143
-0.08045973349925095	0.06537659144615482	0.0991333583630376	0.395093024873995
-0.299754614332877	0.043908333860688264	0.17088208496438906	0.3819104525725481
-0.39536294958038276	0.01857719389326018	0.05383598668304446	0.36299170296371885
-0.3046358728152607	0.0002901469479779095	0.02186833992436532	0.34369134451543704
-0.29926422987041523	-0.016344688413055364	0.12320653315707042	0.3314474404120651
0.412878320964011	0.007058003267018664	0.20840170818715031	0.32473871503822704
-0.31160470805948215	-0.010006252439828778	0.30191541752558093	0.32351682131773596
0.21244918895294784	0.0016973516004152867	0.2167807280562799	0.31790127314973615
0.04501769242149112	0.003937140266258687	0.3037656546285876	0.31717030539481406
0.8265410087645448	0.04574899834020307	0.31541546633588546	0.3170810485835889
-0.26576347476035844	0.030178889510003915	0.2078761270331031	0.31162265412990875
0.05609723418726276	0.03145298561635124	0.17082846814908237	0.3047006213961334
0.0763250374137765	0.03362335738041278	0.18976981939416038	0.29914121753610257
0.027233226900588825	0.03331909271368705	0.197874663951485	0.2943205168033278
-0.06379159492969533	0.028768467640455375	0.11049993924013513	0.2857066769158427
-0.030585407763827233	0.026029889228316616	0.14190032142184728	0.27907152000287194
-0.25579589749696685	0.013223530788086357	0.1204045006186838	0.27186152397886865
0.042885753734718035	0.014551159545009629	0.19220009804610627	0.2682955266004974
-0.24085279365324075	0.003286806006806531	0.086087119220839	0.26025949073750465
-0.17680071087882898	-0.004540671361356385	0.018057797687458743	0.24973221379007549
-0.08331319041418139	-0.007915564568760414	0.03568814744196813	0.24056162556723604
-0.2928740437419264	-0.019952610565222018	0.04249590974233497	0.23219514113408235
-0.21004198586526446	-0.02787076482936668	-0.03364050970719601	0.22112176818448348
-0.2077952282900405	-0.035262832015576895	0.012730011216394832	0.21256015737076184
-0.572882207947139	-0.05705245454775465	-0.1121074466038453	0.1994015463732728
-0.09075318742333782	-0.05840006747652782	-0.0983085357264325	0.18749625741120934
-0.4305771606448726	-0.0730875221799786	-0.07228590170381899	0.17724437413268213
-0.23939431580538206	-0.07956528396424978	0.001791836572597294	0.17041041382871702
0.03739727975518403	-0.07506789129577851	-0.028093493108865997	0.1627774118892944
-0.32174289777032783	-0.08443318955115153	0.02346948319220754	0.15748832346087638
-0.031019359863333484	-0.08243080988043927	0.020570632611064177	0.1523549202607013
-0.10927263641232565	-0.08342485773240182	0.02108070081622415	0.14749386905949846
-0.2567112863936363	-0.08976330114756592	0.06325689621166264	0.14441255212073356
0.4520057108962998	-0.07018571466688561	0.023665834596396262	0.14004909339511973
-0.43310277695289434	-0.08314430345865664	-0.08181555800314999	0.13212695733723745
-0.29207945255876566	-0.09051703427967017	0.038666501189766	0.1288288820486374
-0.16865136870600228	-0.09324216340662395	0.07538502939071345	0.12696484435233835
-0.022328005867737533	-0.0907975185379688	0.12407982056266587	0.12686518810912806
-0.11100188815159717	-0.09148620742289126	0.13158801448132373	0.12702610636382694
-0.40124288199959235	-0.10192547433144161	0.01995633762573279	0.12341754570134977
-0.23128738269485183	-0.10623680548944181	0.036138076554940834	0.12050864870378297
0.16169782961036394	-0.09740568815367723	0.05701155793394719	0.11841556916762275
-0.1285660384384495	-0.09842171612389106	0.08502249377168192	0.11732671874742406
0.03831081029334449	-0.0940119070017047	0.044502731921740146	0.11497790329900814
-0.16361397398014976	-0.09623300852688366	0.09230466967689721	0.1142542034163101
-0.30957686120175054	-0.10296904211992086	0.10085128900353757	0.11383090107264215
0.042167061995896926	-0.09843447184318732	0.10943132591355109	0.11369330835514013
0.0015376735340433267	-0.09534321359795495	0.07637240790752386	0.11253912859414417
0.4428820736986874	-0.07886974503533639	0.06757514468490533	0.11116295103873264
-0.12994071033721377	-0.0804170830738633	0.10306281771316894	0.11091753727716647
0.010473208963547531	-0.07769080244829984	0.13221863319963645	0.11155649794307942
-0.08713407960823594	-0.07797121885508695	0.17373450988271366	0.11340310141519905
0.5540888719760915	-0.05938414945374504	0.09546764590111412	0.1128757563477285
