1.3116580100080943	1.018322713791867	3.1872106057253093	2.6558791293423205
-0.7069559196000683	-0.19318480175007435	0.5503701505438843	1.1773701547402302
-0.8290643127345222	-0.5601263596167851	0.19687493214614937	0.6115641160198404
-0.8431766885561421	-0.6980356739359405	0.21147962312531088	0.4166327796184184
1.5767926775490007	0.2590129189929846	4.03902485037062	1.9406181230904656
0.8536176467009418	0.4789027411031921	5.293025708895313	3.1803668447550724
15.152934586171476	5.31716652666603	3.2053550407521616	3.1886060190070884
2.552670967598865	4.495080056971693	2.480934869654608	2.9781630640062637
4.028418739099149	4.368728938935874	2.0613440238428917	2.7299297315804703
1.2915881389252934	3.604125905280765	1.8202883435141888	2.50390346920989
0.9984995664233227	3.00595558823775	2.023764798079705	2.393678486787461
1.4540994210501772	2.674913024077801	2.6344562498611155	2.4450409178930737
0.955569927956978	2.3324010164580153	2.929589013212992	2.541567550445793
3.55924400139999	2.5616314911843685	2.030896824289236	2.446150993695551
1.7617283318456503	2.4209110071482187	1.8584441670477236	2.3427603750383845
1.1341243883512586	2.207046174970517	1.286823257745132	2.167262884445288
0.8956560534301665	2.0005079258486864	1.7270049439757273	2.0979239353308463
3.1040337161799174	2.1656557760228203	1.3393017990899345	1.9843921943381444
1.079779451954558	2.010856923538061	1.7296021529041443	1.9480702435037514
0.2811983565870293	1.7754501100698739	1.2464990338885786	1.8525861486537565
1.0399759981278267	1.679689681180251	1.9407897303928294	1.8640703100950304
0.8505496147306644	1.5762185479763202	1.841584749179999	1.861264507592018
5.042146220650611	1.9914921350881283	1.7303542977240505	1.84557986526079
2.1929326417472628	2.014702665427259	2.2287100657908194	1.8897245687688446
1.0922070052089676	1.9123411335610139	1.8513095271229147	1.8854628050385402
2.325303972917458	1.956532150375069	2.2739509516939633	1.927034820432406
3.704116338644609	2.1371034516627234	2.6810354151622278	2.0049430416282434
5.711737251464943	2.4941684412695895	3.0361347057594115	2.107947319926429
3.555714699497785	2.59679004233866	2.9661320449837967	2.1909095640226064
1.9521166125045126	2.5364126280749444	2.455260049884557	2.2156682139574895
4.5261817325014375	2.7171301424932093	2.314204766318203	2.224617955446377
2.332738173144626	2.683243610713054	2.239885000738517	2.225963741913277
3.8581383287826068	2.78386339803086	2.1066967625205866	2.215750093087232
4.675799582611586	2.9413966313506386	1.966668606386969	2.1950105710204992
2.1607561064143708	2.878150750388601	2.139437252556233	2.190508081670462
0.8867860258488307	2.7210552981077623	2.162858089640596	2.188327336087185
4.8372234060911605	2.8837221032457316	1.855796171555557	2.162766723794609
2.9081587574735663	2.885554563759346	2.0097167314856703	2.1512965795869334
1.5840399097507674	2.7903842387208915	1.8466329403493953	2.1290186016695363
1.1159231544757442	2.6708553423417025	1.5842032993691002	2.090127676675317
1.3546782313543195	2.5790849336025032	1.6277652393643054	2.0578895230046386
1.7363588489439366	2.52166000337278	1.7630011323683714	2.0377952881710053
1.798387161694075	2.473468901904971	1.6923559793907268	2.0147788718171067
0.7454241573082934	2.3608320075737095	1.5477567242111698	1.9843378935479254
0.9437005491882451	2.27042461451718	1.6066649690827557	1.9602440663795608
2.9295441250798797	2.3115992566090187	1.628462898568682	1.9395187166792232
1.3680063991129088	2.2538569248347247	1.6286018916095162	1.9204926087141176
0.740288944626478	2.1630862739952454	1.3741483325445532	1.8877277708751925
0.8837620386881717	2.087867059714322	1.333716686607501	1.8551544249502814
1.4699205951499805	2.0522325500016065	1.3101196873847218	1.823724458922166
1.6176699092466222	2.0276453929295934	1.2884437607253245	1.7934387524905464
0.6757496919961925	1.952571835150498	1.2074974361050765	1.7609002803988023
1.0581093405108768	1.903803659234356	1.196610015944251	1.7301341609855179
1.2021553858526457	1.8662308668164838	1.271645296962832	1.7055825896649353
1.7577232486699619	1.8605220553482122	1.1070390608607523	1.6740924384453262
1.6602646199082076	1.8501673715976379	1.237687057404258	1.6515278871228753
0.6079127058826475	1.787024900137315	1.1171543173797822	1.624366078388154
1.0322127861141928	1.7492979467430532	1.207295216172985	1.6035201517952564
1.3330181846042692	1.7288324053768656	1.402028698246832	1.5936142846177024
2.008561332019373	1.7423630517496242	1.290858925424795	1.578969808094432
0.9713339156923535	1.7056595605634484	1.2104392034000147	1.5614265433427286
1.9430239252530521	1.7167819383623049	1.4227076841993802	1.5549258208363752
1.0793604149846474	1.6873720021907679	1.3138779364367448	1.5438042796625817
1.133138093498431	1.6621876127989967	1.235562243561048	1.5297978907023686
0.6249817895328245	1.6157597632110074	1.3327287800079692	1.5209767870204067
1.405624138765139	1.606491937902303	1.2519260221895356	1.5091105255956028
1.461610346365152	1.6001946468846153	1.2638856818125968	1.4984517402906308
1.1654362866722727	1.5815674051625397	1.3079327805540246	1.49028893557769
1.8024425239702548	1.5908979174472027	1.4427443194341154	1.4882808689242846
1.591653360219409	1.590929712973523	1.3898746746604185	1.484182026000037
0.5935956445454447	1.5499544759051096	1.4115659401892335	1.481198887544605
1.5534693792423888	1.5500971002367812	1.1967998527127373	1.4696723447426634
0.6147320158283365	1.5126920479859836	1.2097894032736272	1.4592796703388213
1.6212165689821232	1.5169753795696033	1.2221706910917542	1.449922910377051
0.8581745994050245	1.4913144595530565	1.1680446165289835	1.4389437284203996
1.3013768673912232	1.4840108500704887	1.2275707761597134	1.4308158833637838
0.88090446614096	1.4611133252732982	1.2528380855051489	1.4240586272673252
2.1362645601384878	1.4864251239096982	1.2873443568111451	1.418932675992056
0.877834986969473	1.4638900248186624	1.3287884496119236	1.4155949281729772
1.1696604721145092	1.453128043343308	1.3911625827448155	1.4147013744881414
2.0580567079119145	1.4749874104095513	1.4177825153070223	1.4148121551779007
1.2861706556027555	1.4682450191449892	1.4423958977738467	1.415796653722369
1.7220827404490686	1.4772020112734956	1.4850065377898005	1.418238762326839
1.5745191224386827	1.4805957854871856	1.3877488577834391	1.417175106358314
1.158575370317192	1.4694935559779903	1.4154780961429596	1.4171161967307695
1.2674970007157769	1.4626084173837497	1.4538517539994196	1.4183679828660978
2.006190323980106	1.4809274279643998	1.4213537290548968	1.4184683419214923
3.951703842593038	1.5632694272374659	1.428863648677086	1.4188142537024895
2.0105651990272606	1.5780123714789798	1.3557397372564495	1.4167350972839157
2.684558805955875	1.61408845569477	1.4676760790122896	1.4183958323186538
1.5520130801790937	1.6120861735926022	1.4146344618526365	1.41827430766015
1.241206964211068	1.6002514999972677	1.4060858898282222	1.4178850844169855
1.6376350521965612	1.6014313889797802	1.3515072231947522	1.415788938039145
1.203728193612391	1.589005047126093	1.297022011142217	1.4120777829101212
1.0066089655535544	1.570995857960951	1.2334349148267267	1.4065535955181474
1.1856426959048023	1.5592013367288775	1.1156622895065547	1.3976502633406742
1.3270261437828155	1.5521667908894456	1.1765873111082907	1.3909524033520833
1.3124174698443962	1.5449753694400958	1.1219134428582098	1.3828824536747097
1.3081614476942498	1.5379424484268718	1.0614855235249387	1.3733375854111416
1.3675013697271394	1.5329302770734676	1.0534902197749942	1.3639318350477034
