-1.0	-1.0	-1.0	-1.0
-1.0	-1.0	-1.0	-1.0
-0.6517804627751571	-0.7990559468847134	2.620025679898155	1.088977081232708
11.444059729443646	5.1661009648264775	23.18371037143616	11.85409228097134
3.388131697942999	4.418086965088944	16.699056220531503	13.89242913732236
12.645297237649855	7.460578846545165	22.263367254736114	16.988072060801503
12.522700364153913	9.129641695325144	18.079053003006866	17.34778645780229
4.76132845513865	7.830624558893424	10.147615161033023	15.206652055526739
225.88194162153127	66.8690246703172	18.841219066975757	16.190725504608164
13.850394033951435	53.6950385110794	18.091284493260382	16.662970948842073
3.7022075173381968	42.21825045728883	9.161742991688493	14.940924217490135
6.444626736015445	34.587011606886215	9.61029525027798	13.803792089214824
3.1984602727745557	28.33407293293534	9.082004343647325	12.86316054156096
27.151058978345603	28.113032280863543	5.822060597751215	11.547561296034859
0.9477696262293567	23.334080672905174	7.3967540169357004	10.817344645197869
3.324598494543592	20.008490309052135	5.751970584498545	9.975474668946873
5.286136646719467	17.68978511547627	5.8814705565874945	9.330686565349351
2.902374660843733	15.47677511897534	3.84793925242864	8.510165660595094
4.505918076813434	13.912806327871	6.666155721869151	8.247289705856158
12.319877560151147	13.696006270737678	4.122695298696268	7.685931099318765
6.7349217819104386	12.7896585438676	6.471463717344639	7.527805432332112
4.306528250916161	11.7310194617912	6.6199160775685035	7.414507436379825
5.551138673513969	10.990573388742911	5.173295936213914	7.145975768799449
4.611052908417737	10.255530590421449	5.651461085492741	6.97378032391602
2.492255901487753	9.39410114645855	3.622452228774648	6.60191045338668
0.5541418988169171	8.448153736820519	2.0665103741982374	6.116586327832695
3.255170534574874	7.911584985191157	2.974841424771558	5.791963649426083
1.309458441667818	7.25210818055578	3.198075524438953	5.532863695097252
5.029676886126265	7.037260251883014	3.5371010653905746	5.339928458419524
2.028411591423643	6.56814888377902	3.148116289895765	5.134650775006441
6.020125995978714	6.518375777697374	2.6176979312683697	4.906053406586906
9.845470930188318	6.811679044550818	2.4835440315166655	4.692494841707147
2.8084067207220658	6.468836237194878	2.4786646625618	4.502901371331625
0.7132807735516682	5.989598372180874	2.468509629850952	4.333507438995908
2.365177781154718	5.6959553614126746	2.3827492482441794	4.175460968006494
0.7516502975270187	5.305906850092984	2.4694571945344075	4.040877427320861
10.019026672749353	5.668195882210894	3.052842744556413	3.9649291413861425
3.4846554214920147	5.504543257401101	3.1175849815204915	3.9014225479854536
3.166989984150364	5.333615413416389	3.113151155651029	3.843782259775489
1.7594289667692578	5.078477740641178	2.228580299513337	3.7284836344056806
5.372941631374364	5.099010106318134	2.5960690420314205	3.6495264896406336
1.3246807741936455	4.8418201689148415	2.4785809928725855	3.5697360402374674
1.0742458478761292	4.59079068236849	2.249366016566476	3.481761569705645
0.6080974816389051	4.331191425905656	2.444976063749	3.4141821297798502
1.737392424049414	4.165717601626637	2.685466978856586	3.3676937908556255
2.671124952588375	4.07235351585534	2.694760226334454	3.325657272450048
0.8067099284507955	3.872514518163425	2.6403382048114588	3.2837195030402517
1.3207388978690981	3.719481364645527	3.006975170157057	3.267123460129512
2.35064900199273	3.638999248111835	2.498716884832537	3.221944205823541
1.5655485660064796	3.519431198372592	2.625545554742439	3.1875527512276776
1.7633942000015477	3.42007622633008	2.5369244697927247	3.1507409341519015
1.4553682907487584	3.3109722189131103	2.7780380215181872	3.130044529663766
1.6129771102272668	3.2183925984184087	2.7008817342317206	3.1066457022089233
2.9425763249046977	3.2036234091027502	2.596561874869978	3.0793313983183923
2.2366470898214432	3.152749328789554	2.5701749113328503	3.052543722041799
3.040178855073452	3.1469283910082666	3.302663479101094	3.065475509557789
2.6778452192909388	3.1230852941666276	3.290092470146618	3.076892307157049
2.2727510596652527	3.0805833853076727	3.2496408670835786	3.085526092478422
2.611568913763526	3.057524980892656	2.9051516691155572	3.07665813050677
1.1749875208789726	2.966465345510694	2.4092437565811125	3.044374679833897
0.9046706813058787	2.8683173822507197	2.145004318355602	3.0015619373660165
1.994574888774756	2.8273740500277538	2.2635242708302936	2.966977711212189
1.637601694035101	2.7724791242758346	2.2951455844147093	2.935980208314451
0.42783749001073335	2.6659374412868093	2.075101282923566	2.8968613503055436
1.6824481178004955	2.6219138970876914	2.68295296924435	2.8872862164532402
2.9839623552483947	2.6378823624552776	2.3598648774173228	2.8640249043082364
1.1291694773342118	2.5723053931796906	1.9655017960242196	2.8249703483492676
1.7401319507434274	2.536651139716032	2.0708998328007255	2.792662441848017
1.4930412877580546	2.492567115260855	2.308455365873206	2.772208580908242
1.3584187926518392	2.445323467874377	2.675903833641652	2.7681965067329948
4.914746156440069	2.546780930639287	2.63525148782067	2.7627352857970946
0.7047935348675731	2.472125434483873	2.330717459679455	2.7452260108871473
0.8939785494189321	2.4090157352699952	2.4069144124379416	2.731697086598761
2.988156212576188	2.4318707735512537	2.251379840313809	2.712741912066933
0.43925506014670335	2.3542558484313933	2.268188715689314	2.6954267600798745
2.2649945132533373	2.3508231245561486	2.620579548961875	2.6925482457767185
1.695118547712155	2.3259291869696668	3.1256592553051563	2.708992131531977
3.2405718135804458	2.360220232739793	2.5477303925385515	2.7029461517276885
2.7655884114430447	2.375230356981778	2.956247862141798	2.7123254652233566
9.852644064941018	2.6487326855125772	2.740813882013674	2.713367394916897
1.8397806293512846	2.619499464769793	2.3454694152876217	2.700072301345433
2.8799382300845897	2.628798086885451	2.54848877286476	2.694659089784278
3.3455653144085833	2.6540893906439473	2.663618167105006	2.6935629328735184
2.4745675178617077	2.6478282289801087	2.671716912550375	2.6928009367591277
1.8831645061790327	2.6214658187432547	2.9118169703790557	2.7003514992870534
1.816092543097858	2.59401508235588	2.74391703692016	2.7018358771342377
1.4086756560674467	2.5540673328255092	2.359806371559336	2.690308472240636
1.8438478974400452	2.5303973052677353	2.67981709132842	2.689957943315065
2.371971293365901	2.5251753594325335	2.4691322738065677	2.682679259162227
1.7070053802116623	2.4985008726495574	2.3271241453138796	2.6710871544590895
1.9063500569219545	2.4794024574465623	2.3835058840431023	2.6618116700557612
1.192712320566248	2.438345045283546	2.499645838742835	2.6566364906405173
1.3219090906637558	2.403095616902262	2.476526476439177	2.6509499131564174
1.4968153805353075	2.3747794209551714	2.493837112465313	2.6460410173368865
1.317346397143408	2.342080758867493	2.6475046091304963	2.6460857935993287
2.134178945187754	2.33571705759878	2.6398039488116214	2.645892986248061
2.818459614400487	2.3503432201252368	2.6080148646266568	2.6447454576405818
1.8437811265983663	2.3351490102084265	2.8358991312026536	2.650479221857025
1.92581255463534	2.3229924097013126	2.7410618911088847	2.653169202882945
4.334925822551891	2.3821569860365024	2.9025683054835594	2.660503099585719
