-1.0	-1.0	-1.0	-1.0
-0.002434722254562871	-0.2994999285658546	2.7719692075177957	1.6487135812157612
-0.2511050578975469	-0.2715731154555938	2.2354818064573965	1.9873148984202977
-0.00575650089693136	-0.14206038370094176	1.7509678011644723	1.8721609222038782
0.6143895043969692	0.17618764234028395	1.9001391053376375	1.883931834880634
1.9945955275471978	0.8486501515376244	1.2682374767629296	1.6562425309507653
-0.06807662397223513	0.5463906686799911	-0.005279697933751271	1.1084120676026745
-0.6283902065606679	0.19704285035637592	0.6605737328142809	0.9752370768001297
0.42249824555318427	0.25808590369826145	1.4826961989837368	1.1126339314109797
-0.4289106715464397	0.0873820604897344	1.0330710500543017	1.0928641451994743
0.07051872769916967	0.08351064854981383	1.1192031840885428	1.0989105281786413
0.2847084894382814	0.12643029860604393	0.8966381623033584	1.0557618527123882
0.19360779857689403	0.13981281763596987	0.36264241805022346	0.9176850143197977
-0.5412351526446537	0.012561934838131839	0.5624523055813615	0.8513113456421102
-0.296263655425852	-0.04176711763315277	0.0673480867566405	0.7133953932345354
-0.3920862639687961	-0.09999043825956	0.11863207615330973	0.6145452512018807
-0.7892140476647084	-0.2085400625823639	-0.005455724767796988	0.5168978383161464
-0.0952417679985158	-0.19158448207898926	0.4287050576296152	0.5036992332543935
-0.6485729078208549	-0.25673118794067684	-0.030206877203635574	0.42758746660497415
-0.7433190779658359	-0.3229558696014626	-0.29414410541303826	0.32935967164669266
-0.6305377647646087	-0.36300366455884026	-0.08071936238405186	0.2759665832473783
-0.2476955117366466	-0.3486139237958089	-0.3031136999462607	0.20370115434407166
-0.24094402384117608	-0.33571334677935094	-0.01265256241816548	0.17777862209447326
-0.6060284179987376	-0.36685877320163307	-0.07820693464882322	0.14828436131159206
-0.6957909541696341	-0.40335776795014366	-0.050388745855528216	0.12623930232335678
-0.3784075898035759	-0.4006877932058893	0.09630656037749263	0.12303643488980764
-0.5591112961275886	-0.4170569852311039	-0.15161523236615293	0.09465791929460776
-0.32818048194864624	-0.40817933249057825	0.18488307304308838	0.1036702184649767
-0.5287678759919887	-0.41983683446662934	-0.004649812913698481	0.0931988123334806
-0.2836425680308645	-0.4070813035446651	0.3364136004131715	0.1159775563789085
-0.38048540908752615	-0.4046657100875837	0.26102501757523267	0.1291513596951368
0.5230943472815	-0.32287806061960045	0.5719360660690678	0.16818555482260655
0.06032658282705872	-0.29005996281513846	0.40090133999370603	0.18811568751488794
-0.1479940621513508	-0.27823073916682084	0.49611657549292953	0.21376158545839896
0.32151714789874064	-0.22964038667450037	0.6612823005130242	0.250018835150571
0.3117869233407091	-0.18692802455554214	0.6738917855370767	0.2834575047017769
0.37646882961465034	-0.14362073605334713	0.65999363514528	0.31240116112630467
0.27717708279206255	-0.11208211028223891	0.70478932272767	0.34181065640346797
0.18911818657887425	-0.09005759731588037	0.5887477148011804	0.35986728432954695
-0.037711654994554755	-0.0863209322203854	0.5895352372776299	0.37626182445524314
0.1920580021123106	-0.06691096088061743	0.5837479682991789	0.3907287924327232
-0.1857157664774377	-0.07500653395718859	0.7543991837920159	0.4155100030216947
0.03720056039505115	-0.06753028201094768	0.543255285594785	0.42402155059241764
-0.036878710818521565	-0.06553240641259706	0.6529540939686591	0.4389437115588388
1.0060422840659906	0.0028301998815207785	0.7399959124884175	0.45814988683118396
0.6804654025216856	0.04516114516751624	0.7624500035545734	0.4771592753517677
0.5635252509759527	0.07688232172074705	1.1370822273073302	0.5175431348624675
0.4386145253789193	0.09857614186028973	1.10104574776661	0.5525369445105546
1.070120735627258	0.15569971891746337	1.151283521702827	0.5877413661627997
0.45040106072889885	0.17269430221021587	1.1959348159313161	0.6228140339773085
0.9757371022918178	0.218130063392183	1.2113303158797035	0.6561120931866797
0.3964533158045942	0.22803289457636544	1.1162665315502567	0.6816656901015097
0.5391146840855612	0.24499424532268965	0.9426012878030057	0.6958929705569867
0.16646084875869138	0.24078891511237321	0.8908915703947056	0.706335385532181
1.08264054391783	0.285079840855629	1.0343724259047136	0.7235939212560152
0.640262099759412	0.30344456730637237	1.0057382555699599	0.7381822863232645
0.8174704375181729	0.3295720093024128	0.9851309004325675	0.7507345330297877
0.8352101698905736	0.3548449264099649	1.2367194546748546	0.77502515388106
0.5450414684963476	0.36419560051552025	1.202978769265334	0.7960647214821317
1.4627236056198876	0.41733233497141353	1.218450062008729	0.8164959903396407
0.7666227077590042	0.4339597443233836	1.443911218687401	0.8463630633377077
2.026500865595357	0.5085860948696441	1.298558279926144	0.8675529899493566
1.5405294435529169	0.5561991785951976	1.4197730613310533	0.8930320125735247
0.7990157100589195	0.5672329206380748	1.3761948137675817	0.9149872174065736
0.9372931841888745	0.5837977861325261	1.5267716902286415	0.9423722851992806
1.0866656122318754	0.6059765409436442	1.4949114382610165	0.9667417685142641
2.2979803163554338	0.6795205760297887	1.5994219014627244	0.9942415956559814
1.1976249153670078	0.7017186748068964	1.7224645296955785	1.025442206504379
2.414447346218956	0.774067591652265	2.031759495869847	1.0679510126596314
1.9337868000818634	0.822375964215136	1.9140933322005034	1.1031972302466873
1.8834705310763087	0.8659709870836165	1.6291094742831511	1.124804309811788
1.6005083098016812	0.8957417819951905	1.7189151235815867	1.1488836229496893
1.9066348468134593	0.9361679275655848	1.5013486691390963	1.1629792724340895
0.6302020144174032	0.9240937464688992	1.3696007236502852	1.1711339119907547
0.9982775644540458	0.9269837974524517	1.321331787075097	1.1769848997565502
0.957564362803093	0.9281596140222934	1.2802615124831958	1.1809560314617693
1.0287995930556884	0.9319804221647532	1.4061745006090263	1.189506537746305
1.4302830623746106	0.9506623443979909	1.280159951283233	1.1929051711414318
0.45326220056660715	0.9322442600463425	1.0492237776390736	1.1875847674721385
0.5687923783280655	0.918950269778229	0.999868913872237	1.1807187168458033
0.4937318005389566	0.9035839206574752	1.1516640407697012	1.1796682157773324
0.5936438903944132	0.8925166296479139	1.2530969962858474	1.182289539928174
2.1172899743743234	0.9357344975331925	1.2984310441073257	1.1863876089763843
1.126515882951224	0.9423882118532345	1.3084165463321487	1.1906434786672935
0.649436202331273	0.9322883540327529	1.2229107705243458	1.1917557236040888
1.56960128027362	0.9540105001686048	1.209350540979576	1.192355395203791
0.5587478565714188	0.9406896590689819	1.2492855978630342	1.1942739608275934
0.6164998390552443	0.9298852197848162	1.1628952700437751	1.1932279032965414
1.454172099147009	0.9471657990752282	1.183961827329263	1.1929222459837034
0.9334401398152394	0.9467181640156155	1.1193110467566707	1.190522178392873
0.6400828432439767	0.9368284343712601	0.9984824133967423	1.1843283631694814
0.5851946373590247	0.9256079353383169	1.1505969330251906	1.1832517418448791
1.4459303213788792	0.9420359058319225	1.1406450120869445	1.1819062623651355
0.526464340292587	0.929051393988394	1.2798048660385195	1.1849647175592226
0.44692628651753097	0.9141428083367302	1.3264611007378049	1.1893399226864374
1.2819765961184157	0.925400939213818	1.427582259717477	1.196631648241381
1.8713401624407804	0.9540606085216996	1.4059068369107246	1.202972024477154
2.117457002047119	0.9889564484981894	1.497917893875882	1.211818775689447
1.7409737621475232	1.011289525175715	1.4739114305176049	1.2196020897228483
1.734002796503261	1.0325419556645041	1.487698205256926	1.227485652684496
