-1.0	-1.0	-1.0	-1.0
-0.7530644773023223	-0.8265994580100761	1.274233171315399	0.5969888018110663
-0.8448305698998875	-0.8371199426149017	0.1704615346568481	0.3508562630441585
-0.6718065722457485	-0.7565750561420789	0.42169248889065925	0.3853695204457972
1.347470455580261	0.12862339591616578	1.8613139452556733	1.0063180037601076
-0.5948720424442013	-0.1389314574266689	1.3932794432643516	1.1494194682618102
2.5551215252353674	0.7493407213869947	2.855515148953908	1.7119462955954892
1.2352956634497105	0.8938501132629411	2.4041141579444054	1.9177776002695115
1.4824692077562291	1.0532212045296419	3.0095332675307933	2.2133751110307536
2.3465924362190127	1.3745961611684039	1.6267120088729423	2.067602120523111
-0.24982529276304422	1.0016798242827405	1.2999155517323224	1.8913651774510356
0.15272577292193223	0.820580764763366	1.6888647936536536	1.8481678047332113
-0.19975925555909857	0.6173179853432582	0.9081816381176246	1.6609123460632382
-0.1521396877052298	0.47354820278512433	0.24074738560932518	1.395560735323131
-0.5031218305579279	0.30173093407806295	1.29259969751031	1.3774472457682503
-0.4586556834401151	0.17535411112697585	0.9701241665888893	1.309749683315466
0.16495267108989853	0.17371588746908695	2.07710252589426	1.4306041832335161
0.8123500031239343	0.2692905506179062	1.8384132273830627	1.4916346607924917
0.9468254787030954	0.36587755698082214	1.4024283898509178	1.4789175757445507
1.1194205748052948	0.4684347238315254	1.311943341769073	1.4561922384668846
-0.11549373914998151	0.392406005010951	1.7294793868719789	1.4917749471160366
-0.08563284893226975	0.33274987589734395	0.7188925058464815	1.3953242666052845
-0.36389502175007515	0.24928090045325169	1.1010636544272066	1.3600673081898753
0.611291071998054	0.29099183009273033	1.6580627937002483	1.394402741543514
0.3504329216556472	0.2975879238565513	1.6768498706264072	1.4257444504859085
0.617819229363902	0.33185542728780115	2.0157967948149382	1.4888851283660962
1.3591294424434555	0.43800004686130145	2.318461333222102	1.5746026583958073
0.9877901093020314	0.4929179081318644	2.1255001550175887	1.6296312238442439
4.228532300131718	0.8540482442376449	2.650773816108774	1.7283474353159476
1.8920520016709945	0.9512644857143622	2.914449194469214	1.8394341758166721
1.2445480737245642	0.9779014740154461	2.260562276246278	1.8776824280347322
0.8018156159948986	0.9623788079725206	2.310312888402023	1.9158220117492677
1.560475095762519	1.0136004407554777	2.1674221800275584	1.937369438484243
1.1267533386204431	1.0230224977631082	1.9011961226801959	1.9343579313227184
1.3914540946985974	1.0528721212239787	1.958858864474641	1.9363430496401417
0.8084115828371872	1.0335873567283524	1.6574147893727789	1.9143393470674837
0.6834406218614588	1.0066724911158755	1.6517579915109009	1.8941556203285561
0.8862213893867132	0.9976453040988393	1.4375192342955398	1.859931938120777
0.5351093056551046	0.9638233092092214	1.4924114526162704	1.8330576343813592
0.8060882121721988	0.9525637638965083	1.8043612654641068	1.8310093873338777
0.947822020919677	0.9522330589271175	1.8562434754619037	1.8327687073534125
2.9081646088441637	1.0855141062431408	2.1492367492823505	1.8543335802063954
2.3831941498516085	1.1719772040159775	2.067500463025997	1.8685366289010128
0.622271883133032	1.136146429808972	1.7480176339181295	1.86068104252222
1.8533138536706728	1.1818990134345873	1.3832500002809378	1.8302227859858844
0.2239488800207754	1.1220577001898109	1.1610648319988655	1.7884218832338288
0.621544782761122	1.0914294268458513	0.9552766165860862	1.7374384487035974
0.31958026638492343	1.0451406934450258	1.3073576435913061	1.7116461492975268
1.0090967920893128	1.04302180125076	1.6652174105186726	1.708916783380734
0.48548840422076345	1.0108712876273138	1.5095126283268807	1.6974186420636839
1.135743361287009	1.017936603650948	1.347373067333185	1.6776135252189435
1.6809186247864654	1.054753694243579	1.4431048716331039	1.6645910365240684
0.8896163163214008	1.0457502144144306	1.682217387792126	1.6655525344937816
0.4598805807775008	1.014377270699998	1.3794923541342903	1.650234673278335
0.576003389151128	0.9913135840516987	1.4971556706871771	1.6421804951911927
0.45727224801315236	0.9637009721392147	1.3731874465168952	1.6282719718423975
1.1448234682766736	0.9729070695106667	1.620592559367434	1.6278814703934597
1.0030528517543749	0.974413951847209	1.7862261149630752	1.6357960523346131
4.932476193599251	1.1690052756365774	1.8450571217543894	1.6460842190566654
1.4875257332177516	1.1844120801051412	2.164185287499897	1.6711447996212763
2.7784551014915344	1.2602936870176542	2.814237493221609	1.7255597163803982
2.2789454538689737	1.3080277888450849	2.5631324182425645	1.7648085152047526
1.963977641535728	1.3382930520813092	2.412218333099101	1.7946797849532157
2.979153505066732	1.4128544397906913	2.3630780667434212	1.8205079953770675
2.069473485263683	1.442246244896916	2.4371069920832187	1.8481083819259236
2.7734618596166323	1.500959204658216	2.528160132158075	1.878102008252705
4.030234546281986	1.6108968095507752	2.465815238168154	1.9036480088862437
1.0477741050092755	1.586769751835933	2.5417076151012963	1.930985566609234
3.2019070522504682	1.65499636187772	2.6057949738447794	1.9594909869995907
1.9697073847323243	1.6681061369614412	2.6765314781684832	1.989360027593508
2.779511811270749	1.713768948190923	2.70501843261579	2.0187635637365373
2.2275524129960185	1.7345927700827528	2.8465413738703376	2.0523136046948602
2.682502653948667	1.7724999154041323	2.7614027533707697	2.0806703710836745
7.689047097107149	2.005990014568571	2.506831472387253	2.0974885890411508
4.211846300069652	2.0919123352841535	2.236315207317708	2.1028967043075415
1.8954078915254091	2.0843564577543763	2.3506943464251284	2.1124252732618256
1.9811387187922835	2.0804373238669824	2.5016370291118153	2.1272014978297
1.9997912402966906	2.0774136290089786	2.6768037226808254	2.1478065848511605
2.6921015630047673	2.1001747821876084	2.552739835888307	2.1628008137873214
2.6170668210880366	2.119081494223331	2.35975719924193	2.1700051672261735
1.9171137465410224	2.1117829300217847	2.861291765252516	2.1949857526293144
2.327783186994873	2.119494818751122	2.943155318479043	2.221699439113015
3.107649616531866	2.154362700335926	2.576564302651525	2.2342207627591626
2.303895429080941	2.1595774026503283	2.549339279360645	2.2452104709339364
3.302397720472648	2.1989768108714367	2.5879174540235073	2.2570254526477447
1.3499523028796863	2.1700382516552232	2.4492071052834556	2.26357519073734
1.8593280857876975	2.1595666974348213	2.446654884264294	2.269744871448178
2.1060608258934512	2.1577831177112707	2.4044297377861024	2.2742330491054132
2.428527322946109	2.166707103650905	2.6060190341511884	2.2851690172293826
2.0692980601172852	2.1635307875976952	2.374384686840912	2.2880770811001905
2.3090666796572665	2.168224177050192	2.441468038419109	2.293023794818097
3.63197479838633	2.214930938883966	2.491297928932492	2.2993504646569995
2.5637807282643887	2.2259450966540637	2.5880459996774476	2.3084653578210457
3.2584544025719167	2.2582046557951725	2.5482890785589616	2.315958016912999
2.511963841428729	2.266051069771721	2.6780947114654903	2.327155702294783
2.794522937216713	2.2822257156620704	2.1782832152030003	2.32259895678058
1.726407655344362	2.265385657376251	2.186714047234519	2.318481974118273
1.5197752431373077	2.2430213892853037	2.1522565006877077	2.3134963909641013
1.2816335474800304	2.21446992571648	1.9514165328024555	2.302743153442235
1.1497665390295304	2.1831596871391423	1.9174322756552002	2.2914115663900287
