-1.0	-1.0	-1.0	-1.0
-0.7628072596689404	-0.8334409358118573	1.4089836635780681	0.6916119105924672
-0.38284101800267134	-0.5734171106299153	3.3393433104371946	2.219515514644238
5.805578190819868	2.5345916822162793	2.3883405974244774	2.3017714664470503
0.2872094981786131	1.5890898281163994	3.2937041251699783	2.719089951387703
1.1561769980690926	1.4289945171369034	1.7161617987812665	2.348197971493763
1.5359654643534553	1.4642644336655186	1.9949024958491668	2.231710661012878
-0.3659639394927967	0.9200043919573888	1.33317101455581	1.964509369483955
0.34044405919815524	0.7630855866534381	0.6988403224451298	1.6218233380494373
-0.7336505507695836	0.39117896521570983	0.46073313623543966	1.3333173589555836
-0.1193097236883196	0.2739866767406991	0.7981387166866254	1.2104569529182494
-0.4736489808189549	0.11450081156604175	0.42409201379643013	1.0427092712004509
-0.4240917110280247	0.007207381725948592	0.26327660539765985	0.8874379055734851
0.5049463323523804	0.10020779481635289	0.5333073682888296	0.8212701558183113
-0.4995138561080299	-0.005296080266092518	0.7254674071777303	0.8044164216004086
0.48747501557986017	0.07660258259429731	0.6638451256895952	0.7810531234126616
-0.06870708712933016	0.053717023259524765	0.8302906452592567	0.7888079271235151
-0.3296181479155311	-0.003650916053189346	0.30135912252303476	0.7158589377085345
0.2221646960387491	0.028540530045528145	0.8984826533367871	0.7418930504988293
0.46670471939903835	0.08817450672295668	0.809283986411063	0.7510646986545719
0.2623284989911452	0.11085000516057697	0.9773149001449686	0.7805233893990609
0.9372166064547802	0.2139752387029772	1.0786763475646666	0.8177309941454014
-0.14218775751299428	0.1713014148784644	0.905629173030212	0.8282627931999798
0.14049223905862895	0.16775194144221683	0.4717667183719312	0.7871879908545181
-0.17991878510925352	0.1291737130449795	0.6303896818995078	0.7697894713957463
0.3103766064965745	0.1485641828466837	0.3456207639542035	0.7244002488861674
0.045789080599625276	0.1379450853202291	0.3003777384487707	0.680588014784502
-0.31143583278357667	0.09305709994247424	0.38103113505201724	0.6506657386928283
0.18173303865441004	0.10162955673723051	0.42146379340652507	0.6285082155753268
2.4118536484106223	0.31799707710505287	0.28026000021221	0.5958925247333116
0.07839065436985604	0.2962353613386499	0.2932211624564769	0.568403072572889
-0.20050307840999027	0.25244504316360095	0.28036477677107285	0.5430109867764912
0.13799175594207513	0.2426433088893425	0.40366089938385175	0.5310771027270547
0.9342610385204251	0.3002309913724619	0.6527608101706028	0.5412090723832357
0.2087715847387006	0.2928212082074151	0.6890390076182911	0.553186023506024
0.13945027882450134	0.2807221248963554	0.759295331836503	0.5694458588603803
0.13656411647874434	0.269641132288692	0.5246631135023971	0.5660037143406158
1.4529156427467425	0.35832642204536236	0.5553893191124328	0.5652084817887604
0.18405294637182124	0.34558310698345807	0.4924361873530525	0.5598872044935497
-0.26633930832193176	0.3019020787240394	0.28378933939753215	0.5401785579518583
0.09427594300253439	0.28742555271396864	0.24053126085783294	0.5192858826163946
-0.2200824348532473	0.25284295823420133	0.2594486103234681	0.5015800128871446
0.6975947956155073	0.282476372799467	0.3443775984529165	0.4911057956282978
0.011087118012334196	0.26478676839376036	0.22255242925095708	0.4736010503105712
-0.29414655399161893	0.22912905790721605	0.2807892770305649	0.46130058891293846
-0.14758181666359094	0.20559675315941583	0.18365312731293115	0.4439566539764348
-0.2882541640034315	0.17537601848945084	0.06962832102438954	0.4210501027127893
0.00762988475929216	0.16531609042955608	0.17955951723074026	0.40656762380686695
0.016297783262619436	0.1565543874298212	0.19199293664540806	0.39395144961145934
0.21998612855773647	0.1602123790686507	0.16635927050858013	0.38082711453054063
-0.3596432017251391	0.13079947005654047	0.15339016723690468	0.36795908291796553
0.7039364391564031	0.162627205806132	0.13218878672047185	0.35486641275460773
-0.3292012613807761	0.13581137413054178	0.08220982003737087	0.34000061733292886
-0.5159502663243687	0.10090952588000035	0.10239069524935118	0.32727667086041534
-0.15367228130232435	0.08751561966377874	-0.011827679750686548	0.309435924738241
-0.42773796296047983	0.060874619740026725	-0.07057004470977668	0.28978784401055235
-0.36532554331382683	0.03921140637442733	0.027579774640281274	0.27646015700354853
-0.17277496519480706	0.02861580136451014	0.035433526546587046	0.26441303834186014
-0.15418565622731417	0.019628654826711278	0.06823481248832786	0.25476823460314013
-0.4344270504138885	-0.002334252231957046	0.02481647749578908	0.24364541473990564
-0.20579297641589434	-0.012019736279432536	0.16858500822492983	0.24007201409579126
-0.3004578350124898	-0.025535926116693974	0.06261837263239034	0.23175651275835407
0.5398950244540732	0.0005525657514315885	0.15714329444668884	0.22831387607227627
-0.3123171786828761	-0.013664450248433546	0.11046263069475848	0.22295855300540324
0.11726960128631614	-0.007803498523169972	0.06427562531378106	0.21585550348728044
0.5807035753100924	0.018152451295448957	0.2584829839732623	0.21773563810236274
-0.062079837444240615	0.014665199271886475	0.3092057799476109	0.22171158760743315
-0.0036545024637535395	0.01388035028683432	0.24833213006243282	0.22285221843189928
0.24304280865927863	0.023560738216698462	0.18402548461255952	0.22121225184291915
0.6684387384430543	0.050423553775973184	0.15377296108112692	0.21840317923784136
-0.3902156751439988	0.03232005015043238	0.061580908539193624	0.21196038799660344
-0.22765427502959945	0.021783478392933597	0.025189880815770893	0.2043908240768273
-0.21419574914716466	0.012346715322554047	0.003185311096008281	0.19634465249556854
-0.3548046153576142	-0.002142472630817349	-0.03464128834218627	0.18722906546497042
-0.23670963043209492	-0.011279147786675381	0.023569102395255115	0.18085434935121159
-0.2903162191270411	-0.022008682000448476	-0.06343625935555419	0.17146091852951928
-0.09068865073184618	-0.02461630474081189	0.030309518756311604	0.16610184886313895
-0.13531781204358373	-0.02876679020685513	0.04914055588673394	0.1617166453642691
0.20674245248469747	-0.020046306750037268	0.04967304557272567	0.1575677501706383
0.3874922024109513	-0.0051397087106905825	0.07595401893906373	0.1545825465604489
0.4071276214555115	0.009757899979484508	0.041621165119332115	0.150500253149217
-0.03949358170697281	0.007999070699824529	0.025561924052402984	0.14603889163146944
0.08706968404517679	0.010788982405003367	0.12794427228313388	0.14540016327883465
-0.1346238316619337	0.005717295568542724	0.20046153142257617	0.14732021890249158
0.2301367172733748	0.013454068365980065	0.2966369972855396	0.1524677652456332
-0.20979670253489802	0.0058446608605544625	0.26786032316210817	0.15640060515293897
0.515355844664364	0.023015659364277408	0.27117782125419554	0.1602686316834825
1.5772499264097841	0.07481304251105714	0.2730450934650759	0.16402697367435448
-0.24376658361780568	0.06431240999975585	0.16606009493543494	0.1640939366709393
0.15468932415122505	0.06725895771108936	0.14606554909817793	0.16350619963848145
-0.2950615566718404	0.0555734066242044	0.14411035333514133	0.1628806812108552
0.30441247777872227	0.06351373167222119	0.15364978824381992	0.16258623376426318
0.10142263599741974	0.06471043478031668	0.04909420980841084	0.15900273157196
-0.40147502420057113	0.0501446726460808	0.039921938390925726	0.15528200109546253
0.3613843821650118	0.05976874836124324	0.15565883063657004	0.15529348386165664
-0.030342272884886445	0.05701072543832897	0.14173540641979887	0.15487851157774934
0.47371455699191856	0.06963591713482997	0.1507869889976614	0.15475451828882103
-0.0541229621834014	0.06592372292982085	0.07683143824373273	0.1524171586701224
0.7304410101469809	0.08565848388264752	0.15003368545775553	0.1523463120236006
-0.16638806302149056	0.07824658412620855	0.18206357972365605	0.15322023146378871
