-1.0	-1.0	-1.0	-1.0
-1.0	-1.0	-1.0	-1.0
-1.0	-1.0	-1.0	-1.0
-1.0	-1.0	-1.0	-1.0
-1.0	-1.0	-1.0	-1.0
-1.0	-1.0	-1.0	-1.0
-0.9645462278517641	-0.9883103216257693	-0.6964333715289108	-0.8999092046640454
-0.8759996347029099	-0.9549121912085027	-0.2905213767852889	-0.7186939123070211
0.3151582138348932	-0.6110346842766818	2.9777369195632826	0.2821320249082866
-0.19588946066233082	-0.5078800748572974	2.412465558201139	0.8114738423313768
0.34552175331102153	-0.31196578302544964	1.9749755058811802	1.078577297020371
2.1728924906053635	0.21810470690655093	3.3802014825787587	1.5695602159960997
1.6334430121380383	0.5000556901649007	1.7231350619527097	1.6001542984078685
0.33863574318957856	0.46989522448560206	2.174961501231267	1.7075549397411796
0.20703828121564305	0.42365302258086945	2.0639080411925734	1.7702449884012084
1.743920911963749	0.6430824982196734	2.898937629393994	1.957834552874992
0.35510479989532895	0.5977271444788803	2.7459905381526504	2.0819651168704083
1.856113506290182	0.7860507202496916	2.0520645958774315	2.077490129739699
0.1378774154735405	0.6936492707920212	2.152614542668147	2.0881995399977598
3.5677647169133033	1.0848161372645588	2.464053163974908	2.1393528445075987
2.004113179144653	1.2045109823893974	2.8535117497645848	2.2323383599910698
1.277032515887293	1.2135616646184118	2.7556302342130565	2.2976425558195483
3.5302906335904067	1.491143150591824	4.117944531831186	2.5157444157819984
1.828305201716303	1.5299908131523616	2.710049259082711	2.53813218966968
1.4555800469904527	1.5217343944724946	2.8991328670861014	2.5781902020241607
0.6119747388167669	1.4243830624637819	1.976264329047165	2.5137799116887667
1.7499018593947122	1.4580182169819018	2.6473682592151775	2.527583870318182
0.8950566676661489	1.4017850031889187	2.0163411195872567	2.4765168775018345
0.9464471989877943	1.3577665369596743	2.1894719255084927	2.4487677012059987
0.5973517973692555	1.28654852747691	2.0575211112348466	2.4121244714869694
0.19249797936008828	1.1871835576134009	1.5729827344501537	2.3359111659189256
-0.0634408906097077	1.0769335148728554	1.2224752156514844	2.2377550069038272
0.44193696467856003	1.0225520303076419	1.3971883437334247	2.1657684383714937
0.38340178535455816	0.9693330604689394	1.1595091203379648	2.0819820591120584
-0.07828946225819367	0.8844571249882851	1.0260001737316293	1.996429101058924
1.0805101931518841	0.8999236301158664	1.5854089331755503	1.9640045554491965
0.13737091893837827	0.8413079176232876	1.315350842209675	1.914144353639359
0.46660267931370947	0.8132245558586999	1.4047800160895996	1.8759686584840884
0.35217392238064393	0.7795114028998547	1.5701762772027372	1.853608468272149
0.7874857081745226	0.780080694787648	1.695613781647428	1.8423303531772706
3.180448159073773	0.9474461784832737	2.074801235020218	1.8585392501732518
0.8774985045042512	0.9426800255108385	1.3910154456526076	1.8266815671562084
1.242285319935832	0.9626424385677388	1.5903210044334406	1.8109330983927592
0.5608132303602453	0.9364506414485789	2.1935745101538653	1.8358747362216592
1.4031188049213625	0.9662222947347507	2.303137767557028	1.865684340121713
2.662047616465463	1.072158049431514	2.4321189557519345	1.901069051949384
3.7079572281705886	1.2334546850767416	2.7981140705732996	1.9559636357297618
1.55924952884076	1.2529931409727562	2.3881283118476815	1.9818812662737089
2.2746584166268997	1.313063815784234	2.427515976162719	2.0080834620977885
1.0405926679885615	1.2973515319927555	2.4275655819358946	2.0322737926713685
1.06398360456344	1.2841477716216914	2.328094403247834	2.0490110854994534
2.4292954147495776	1.3477413629913326	2.320677714387258	2.0640983956297028
1.9043966830543648	1.3780926171629386	2.419297696286266	2.0834657665151073
2.009207515405411	1.4118892328668964	2.341167829546345	2.0972661373575168
1.4313047345276848	1.4129102318034819	2.3999607526429267	2.1131905935592568
2.883912749574941	1.4889681825007544	2.602841648863478	2.1385081191698108
2.158426595279358	1.5229960480810023	2.9193056946873255	2.1781952458911706
2.7336263782783243	1.5835055415183654	3.5027215989078737	2.244397429860612
2.013314591955042	1.6046359914090087	3.5463388806584177	2.3084044999985482
10.233377969030581	2.0220146509602586	3.7906673907088972	2.3801029251277126
4.464986660331104	2.138308207638922	4.175474546473808	2.4655686032213824
2.7911767163553995	2.168901641214425	3.633837056467459	2.5203136059191316
4.270004444887576	2.2658447211512485	3.251014637768524	2.5540274439123456
2.8550011884475324	2.29261598142974	2.551654498097041	2.5539193488945546
1.8656597527132335	2.273504609446931	2.6398149199779173	2.5577646201214566
1.890579866057485	2.2566160663576875	2.469172007117311	2.553857515791891
3.300863245091045	2.3020051058092643	2.7132848389825304	2.5607872433744867
3.433328962202335	2.350476576251844	2.886975549939187	2.5747626906099534
8.025334763432197	2.590192694588002	2.8149790492939477	2.5849098054433695
2.6806881814241184	2.5939630563613165	2.4419563455958144	2.5789557209772638
2.5302287199331484	2.5913447012727016	2.3094944542097977	2.5678850729843847
1.7211292448604323	2.556075114466754	2.401468066365922	2.5611404735377374
1.7899515889975763	2.5254379690688493	2.3761978993780373	2.553744618338958
1.9618332472904028	2.503196536571692	2.168803940124575	2.538553984985525
1.0015759486590978	2.4447065596543474	2.190684744047331	2.5250045142692543
1.8039822036133022	2.420068973707203	2.1195639024658366	2.509414088839859
1.9511454584257706	2.4022654308772196	2.1309269837778237	2.4950439946391283
1.813149514691386	2.380178776612916	2.146243148711178	2.4819670686550688
1.6855311673080493	2.3544570004492074	2.2113529980655593	2.4719466634485796
2.717958016600036	2.3677529773199426	2.256403008276549	2.464062809590552
2.326679912707598	2.3662677683902196	2.2234763593317948	2.4553678913437227
0.9908945827217956	2.3171577771108476	2.1558714025476946	2.44467366565456
2.8613526080103657	2.336360138090887	2.0364909241391493	2.4302699422095233
1.8897384540530182	2.3207831578767806	1.989067249592022	2.4148819428722397
1.573906016797336	2.2950335041250467	1.844530875708101	2.395218083589326
0.7036188443550762	2.24079164726054	1.989918541930563	2.3814037430713673
3.042018560517719	2.267793565835955	1.8122669273174954	2.3622229282184652
0.9326682582303856	2.223297971305376	1.7031145120612452	2.340256762101573
0.9638405315976308	2.1817850238507464	1.805714542830434	2.3226373487857934
1.2881668827059993	2.152650429633062	1.7587103805211695	2.3042514300105297
1.3061825338746025	2.1253499421412365	1.7335483781950871	2.2858448874659785
1.2110055881917439	2.096173926261813	1.875129213285799	2.2727391128811156
1.0242182436093694	2.06232865371476	1.8825989681589466	2.260420877001927
0.7045227787708268	2.0199045828670124	1.8756760048183923	2.248399379661156
1.8845957561132032	2.0157200200139767	1.9022443554187087	2.237694945493431
1.6433265117247817	2.004322209384236	2.0853993829585806	2.2330336599850202
1.8392556791705998	1.9993209719015321	2.0549045332001254	2.227636648101392
1.9158363086184993	1.9968167335476896	2.2547065255656635	2.2284484725524125
1.6237153037475065	1.9857361674204785	2.004342268363292	2.2217927437933733
1.2589200515344312	1.9643629031408287	2.0534716508928685	2.2168431704565523
