-1.0	-1.0	-1.0	-1.0
-1.0	-1.0	-1.0	-1.0
1.1740012633992616	0.25453235496022986	3.528456562388337	1.613197780145355
0.13714768854997517	0.19733959656829048	2.666971618017056	2.126623286016421
4.007904513784019	1.8004923604665533	0.5375389946884701	1.4580757169939185
-0.41537954472848515	0.9810438140114632	0.9841745755775013	1.282822652075858
-0.4588878061041205	0.5062752630969307	0.6574219528479706	1.0766178774070192
-0.19344124339922464	0.29819857702300845	0.16208927414190222	0.8046618974932045
-0.2889678023764134	0.13922042918917454	0.2410144753561667	0.6520515801452011
-0.6264291552867756	-0.051026964037861	0.10095061438751851	0.5151148587575298
-0.7577729791263594	-0.21327371225009062	-0.1525470524329674	0.3618405989577036
-0.43067772658415904	-0.2596503711721573	-0.2825459738210808	0.22437992165516718
-0.6469205495285891	-0.33679874895903394	0.12790575462221065	0.2051613059242512
-0.16442384376912755	-0.30459112951651013	1.0001621343922458	0.35370406023550904
-0.13051730557074814	-0.2739679760785807	1.139681792254629	0.49197398112316604
-0.5505831349295918	-0.31994159366595065	0.44205805257145414	0.483677948983114
0.2552466036792107	-0.22935196697441473	0.6789312467670585	0.5144295668275594
0.08466543463063725	-0.1823576098663221	0.7483253693009726	0.549433382007213
-0.4223611406749942	-0.2165716569735472	0.13112123421795174	0.48980030643194405
-0.10470474070327251	-0.20134664952161196	0.5575516614492415	0.4990211137532987
-0.4762856657567067	-0.23714419530151787	0.2947378792498514	0.472423272490728
0.09664383233784646	-0.1954894531533582	0.44089884654006095	0.46848944433265727
-0.605509730635635	-0.24461625159931022	0.11772389885199575	0.42646242390180955
0.33760280813189625	-0.17753302606691912	0.23095287696551248	0.40393625108818654
-0.4745356676131356	-0.210488958027095	-0.0650291295464559	0.35189906083276634
0.46617156838496165	-0.13808037480270974	-0.08094928035180726	0.3055809995797445
-0.3933297351158185	-0.16445411484012296	0.19978732976395586	0.2946500511988488
-0.3291805794729671	-0.1809084706335562	0.001943915084938297	0.26541195950884533
-0.5895832613769283	-0.22041603140764665	-0.021806673444227265	0.2376457714205813
-0.19245328800673134	-0.217797159807668	0.16653469089962059	0.2309857271148994
-0.4767895758041859	-0.24131967131717835	-0.1420315665569778	0.19710710985811564
-0.06889195065963472	-0.22611915415519623	-0.26485503603039984	0.15638239509787466
-0.47718295785403986	-0.24762047539207677	-0.1746899383277598	0.12802907609360226
-0.45322811377595107	-0.26474042073688886	-0.11963947547614673	0.10740693773776111
-0.10489045770485539	-0.2517897222989197	-0.1462493232708042	0.08685624820497773
-0.6297511831808502	-0.28160652363077665	-0.3117623239214177	0.05540984610540822
-0.6630209477095345	-0.31092511363268927	-0.2215532078797553	0.034120274418402374
0.011459097277106478	-0.2867628004051125	-0.10364503985988416	0.023795000874913264
-0.604939137592892	-0.31002864649672557	-0.14844254803719248	0.01120063170583152
-0.2309393715686292	-0.30438287909981543	-0.11010084478887927	0.0025418351498633918
-0.4653957876090493	-0.31560947983044996	-0.22851914298116283	-0.013568856432743082
-0.5811506251470486	-0.33370389284065605	-0.09861625970231991	-0.019364013298083016
-0.12188387745245832	-0.31959041651059006	-0.07034156853966367	-0.022760476112127837
-0.5485801501261578	-0.3345163362480039	-0.15417114687749667	-0.03132596256538922
-0.607022451613595	-0.35190113385694644	-0.15929305922946924	-0.03948965800855564
-0.5718218313499848	-0.36563910226513485	-0.19938297350580403	-0.04947775266241139
-0.29305925611300976	-0.36119752534465144	-0.11660207687577728	-0.05358525680227921
-0.5221408436502697	-0.3708494472377192	-0.18049412192533343	-0.0611960315866974
-0.7594075663283771	-0.39369519431122924	-0.3201993109944531	-0.07642432258248943
-0.765868388969416	-0.41515706140254405	-0.33584091231686164	-0.09138382788882926
-0.6761564521433512	-0.42992409195425885	-0.315510725933666	-0.10406453245007008
-0.45131012084386213	-0.43111157966572267	-0.21910442970937694	-0.11045276495665002
-0.5610111069481659	-0.43819399669303927	-0.16955032757342103	-0.11367474489640361
-0.44400651870015007	-0.438505165276207	-0.19658784604065183	-0.11811461412994251
-0.23213084846150922	-0.4276476933520088	-0.22830626960162081	-0.12391204927240451
-0.448727227041852	-0.42873770245216036	-0.2700332352307224	-0.1314673214589931
-0.6750172578322778	-0.4412558201973056	-0.204621856558851	-0.13518575253004572
-0.5315523745634153	-0.445769060874044	-0.15227362046927817	-0.13603989388242888
-0.3417324278429995	-0.44065438542657753	-0.1250094153972935	-0.13549772569341145
-0.27075105544508615	-0.4324360817388374	-0.1281238937341056	-0.1351410798086663
-0.24584398910891847	-0.42355376340375994	0.026862235113473965	-0.127429290911799
-0.48142086245072535	-0.42626544953939605	-0.04406190808706978	-0.1235227966308231
-0.35833041025170165	-0.4231310013553341	0.028194286478292474	-0.11652272305064126
-0.2677345540414803	-0.4160697022926175	-0.0731730432114559	-0.11455287964429484
-0.19799535101639532	-0.40630812636489433	-0.035809315388280694	-0.111028106693833
-0.3968829884882855	-0.40589248922368937	0.030652301096452117	-0.10477944331540989
-0.1792838117793618	-0.39604284586161953	0.029102594573761298	-0.09896024043572993
-0.21144840470773962	-0.38813392017601567	0.051137948113127996	-0.09252931482155591
0.19778775994301467	-0.3633834992812628	0.052111940958595504	-0.08641937954324086
-0.40443681601236037	-0.36509363238863746	-0.06790170819242458	-0.08564808626788334
-0.4106664598192593	-0.3669659703248588	-0.16152719533663762	-0.08876554816433313
-0.503967038273657	-0.3725186196142035	-0.24859468882157532	-0.09524341849011231
-0.2732575016358385	-0.3685491312092548	-0.19093951252461927	-0.09907021923869153
-0.49153053536223323	-0.37340242310913874	-0.19901929451216382	-0.10301455610661281
-0.35369212373006875	-0.3726346509104469	-0.14620787830895043	-0.10469696327099332
-0.2560206310239348	-0.36815051655333053	-0.185972950685665	-0.10782214182365613
-0.5004415989872495	-0.3731729921135024	-0.15074423260838365	-0.10945162823042309
-0.5064247547813675	-0.37816872989912	-0.13275083398577947	-0.11032507116382517
-0.29067984695433813	-0.3749290544890347	-0.0907520371356545	-0.10960019947108302
-0.4189922742534953	-0.37654071508926823	-0.07997874423108065	-0.10851665594129023
-0.23670168584850693	-0.3714875092098464	-0.09818175208377511	-0.10814331023808577
-0.29719097412719964	-0.3688347632326665	-0.011271023416882686	-0.1046845137633804
0.23336718069149986	-0.3475853790479686	-0.03346449328510881	-0.10217162097286425
0.030968181974080355	-0.33438285568018145	0.09322694156992939	-0.09535689358502775
-0.09956096307119211	-0.3262873204304204	0.0908549521790043	-0.08893724450868701
0.36659710988367333	-0.30267112779994587	0.15459526450057437	-0.08063675442628149
0.7040357804640831	-0.2687441158072813	0.08801766296194069	-0.074953016851105
-0.0405831963438702	-0.2611403663587194	0.19741540768702337	-0.06587600350113276
-0.371724594554083	-0.26478533599321796	0.05746620434323502	-0.061810625913798156
-0.20339048643084034	-0.26278376559973815	0.04679973525391268	-0.058269728971132695
-0.26663846763431664	-0.2629081354557229	-0.003902362095776102	-0.05651633576880333
-0.19944768822471948	-0.2608832750200958	-0.029694480599109507	-0.055660598080915724
-0.3581916807160699	-0.2639556248761299	-0.09851846682234322	-0.05701377318094658
-0.3814986884652317	-0.26762821559095606	-0.08290599380672115	-0.057822799439039674
-0.35440347904968716	-0.2703115464155238	-0.04966914125584543	-0.057570716388582244
-0.4238688755870973	-0.2750114874516758	0.030245447703829198	-0.054882972615833636
0.00830914205999922	-0.2664275574074536	0.08405441848400508	-0.0506735494186773
-0.22904146975415896	-0.2653061816425384	0.0592613663591528	-0.04737608250440539
0.027451286772100625	-0.25661194161061907	0.09386122792231322	-0.04318169789353621
-0.298955274510749	-0.25785716225693356	0.0397675625186491	-0.04074246256930769
