-1.0	-1.0	-1.0	-1.0
-1.0	-1.0	-1.0	-1.0
-1.0	-1.0	-1.0	-1.0
-0.9678574431342282	-0.9843393282580295	-0.6033921964581004	-0.8067625843360406
-0.8744949669645852	-0.938126424030239	-0.20178273014229975	-0.5522399471622033
-0.5542841479537579	-0.7961782897598668	0.14454321213192345	-0.2945636404628764
0.33925136335264905	-0.4218089677140622	2.298408980610792	0.560380915788596
1.1901985402222546	0.057558133436484527	2.016506696660969	0.993393049952844
1.3664822780554098	0.4119553376473688	2.4003446904530668	1.3743315586840281
0.8334328253384105	0.5166834746809472	1.9310824357287082	1.5126722625980373
1.512041199654139	0.745186277972091	2.1774704053718352	1.6652888982235368
4.3790291735188935	1.5203576849518607	2.103903165707819	1.75885371416422
0.12649381739643473	1.242684959726776	1.4841738444078185	1.704134548438772
0.5951291989126866	1.121692063726973	1.3844498572422443	1.644403017590653
-0.5219571422079239	0.832538907122014	0.6494006190007668	1.4693605695161303
-0.3472392075255636	0.6364588857277631	1.0498717791379257	1.3996409337935427
0.46689549982578527	0.6097533637839734	1.429976179869127	1.4044185111840686
3.4041005608526254	1.027941212385874	1.3163937323718566	1.391245097855339
0.7402201178507017	0.9869247592247719	1.5531502494158258	1.4143259104633872
0.6078530279762833	0.9353327911657401	1.4835792973963362	1.423750892640192
0.10848855749595931	0.8276761227340403	1.188041480705054	1.3930615151573273
3.575311931571896	1.1705636554942767	0.7742130252829176	1.315833408371064
0.15387242566106596	1.0487481736296869	1.197990989007474	1.3017142202664749
1.7910983493495807	1.134281856895937	1.3324066971583322	1.305251080661551
0.06717841259636903	1.0158738526833386	1.2651672457181475	1.3008036166057035
0.2633745517663779	0.9353506394272504	0.7517721538152022	1.2420532575265937
-0.12134558777247018	0.8261666110347912	0.5090227463959314	1.1663123807079105
2.1774894720025824	0.9611483272459269	0.5046802485739272	1.1002229656475286
-0.11784028884096709	0.8568401034845223	0.4230420122796177	1.0347584143940245
0.3132791258046954	0.8059322387112664	0.23558056111099224	0.9599103613244069
-0.5998900674199733	0.6782512073305131	0.052355209946807646	0.8774835805767298
-0.3533830428193231	0.5873066434113812	0.10357055054654207	0.8092587586908109
-0.2870763599043842	0.5124239024372892	0.341643803862798	0.7692121741596056
-0.4522581522100845	0.43209935335231675	0.14260468203862198	0.717037485316923
-0.36350671900628206	0.36764101710568364	0.1048559575372996	0.6674397851500204
-0.454071351998365	0.30281737386297514	0.06947045100760452	0.6202669000628636
0.06985397169540652	0.28491003770727485	0.4104335833054904	0.604137571053867
-0.47649119652180794	0.22784413013135496	0.11966651947067142	0.5678272928548074
-0.3912299409596446	0.1825757634200318	0.19862236486667673	0.5408299697571182
-0.15174257422366277	0.15871088574309522	0.22408904607748936	0.5182197900093872
0.5180265003967672	0.18376409917081538	0.29274789008676394	0.5024986922859325
0.0008885682339330181	0.17130260630316263	0.3312561319319718	0.49082988911060665
1.2420964188713297	0.24264862706130508	0.21942407343570602	0.4727464239503083
-0.06396823604870627	0.2226629165460161	0.3737643147196801	0.46629480001407786
-0.3121627668921053	0.18854312766374015	0.27495075580440154	0.45408787827343766
-0.28042681037489237	0.15924753901910482	0.17952600303189392	0.43693668794850815
0.12585905712583245	0.1572045274531022	0.25599646592594394	0.42586436356246815
-0.15997764843494044	0.13818286912285305	0.20474737437826973	0.41260395652800996
2.3950404897173807	0.2708781863335814	0.2854523207697459	0.4051280172627363
-0.11046800663680645	0.24888734253085287	0.34618341138360464	0.4017289577370142
-0.25134463869655155	0.2205846781748788	0.2638944919195003	0.3939304787315945
-0.08588898233367015	0.20356566503846985	0.1251446531412712	0.3790043775767553
-0.05462368188418787	0.18948852772388225	0.2334186548024728	0.37106678172462826
-0.21167913532912674	0.1680060868443578	0.34124204068762953	0.3694698644189427
-0.28586685666963985	0.1441272818837369	0.20135135986859587	0.36062492280330716
0.3680620181322096	0.1557057693579471	0.33169585938623203	0.35912918368975055
-0.15853637361774553	0.1397330993728192	0.4474347696683192	0.3636174266134413
0.7557305827591865	0.1705218483708133	0.5971341403136299	0.37528899439274244
0.9140642686509441	0.207076689184144	0.7451895544199592	0.3934744259304461
0.43236255090877584	0.21797382057612746	0.7963888162066739	0.4129635377833314
1.1322723354572184	0.26149767900295595	0.6977700803597453	0.4265214865922551
0.2243754436704406	0.25975834793588315	0.7433884521414924	0.4413701058595709
0.11651383218904376	0.25314905040472757	0.711020963109636	0.4538114241421132
2.8587358320746783	0.37154765171533377	0.8296767704688672	0.47089068618445395
0.43427776707337395	0.37435553661446863	0.7591419074375265	0.483793458543857
0.965620154141323	0.400432916788513	0.9025763724609204	0.5022636065304209
1.0584574332742767	0.42903432594172686	0.8466298778918913	0.5172316550432055
2.4906969849035607	0.5173662830057979	0.7827595796723197	0.5286082059582302
1.229242983318915	0.5474373755120701	0.7871568373566935	0.5395298755331974
0.1285579415216107	0.5299888756730353	0.6700238579003099	0.5449657530752521
0.33791768634239494	0.5220977581048236	0.8279841368798446	0.5565937146884892
1.4385425864405077	0.5592414144954936	0.7594254048386722	0.5648146020616946
0.46947076392198084	0.5556516243470364	0.9097531454741303	0.5786087717997292
2.53236920063249	0.6336608111586226	0.9974446543745468	0.595137858073914
0.16535766676528674	0.6154198560948123	0.7147425342851681	0.5997968376535621
0.4561201954117382	0.6092942989106209	0.7061991732738546	0.6038881022068177
1.235020333179368	0.6330501278864471	0.7972911995230658	0.6112305479061475
0.06966535578840749	0.6119280682798025	0.6650585736437704	0.6132485683510573
1.083663504951482	0.6293957180744723	0.6567533936940704	0.6148594534739911
1.6705585072358864	0.6674784275628245	0.7408227007340775	0.619466783083473
0.823356563966614	0.673110803186288	0.782510080297087	0.6253580953443292
0.8858755759714492	0.6807073851497065	0.7990572335942259	0.6315598017202331
1.5437934348978026	0.7111621968771551	0.810819152756445	0.6378848512685995
0.5452809937053289	0.7053765612743326	0.8237928413912987	0.6443683125795807
0.6462691836696881	0.7033385899062392	0.7913531752461249	0.6494354904614861
0.6253450150001079	0.7006800060646232	0.7826517135498463	0.6539757597332612
0.6899157902990694	0.7003169882686258	0.738969840607282	0.656839899894784
1.271603664706476	0.7193558076929343	0.7433261419659556	0.6597219493075939
2.3684730479034064	0.7737114306241171	0.860287988589602	0.6663325223171435
0.949121505482529	0.7794300603602502	0.7798550011860785	0.6700334768199225
0.7696141930532154	0.7791132965596337	0.8011425573582251	0.6742618261357018
1.634092626223608	0.806394720616318	0.851383484407769	0.6799135150121274
1.7481684938749185	0.8361294718585233	0.9481747010377415	0.6883833278960125
1.5341514258206455	0.8579387346143541	0.8482181589533215	0.6933772549606241
1.1280199775554327	0.8662902475780929	0.7093770478382624	0.6938719710341905
0.603146999327961	0.8582362880995531	0.7263151225149795	0.6948650083387002
1.1186620463431574	0.866126620167563	0.6876831910018502	0.6946474086677619
0.8474569067602191	0.8655666670383804	0.6911543858994249	0.6945426757619271
0.21241041248231785	0.846169375382321	0.538715265402288	0.6899151149407374
0.5440699927019561	0.8372856129994437	0.43288201330508125	0.682356609952145
