-1.0	-1.0	-1.0	-1.0
-1.0	-1.0	-1.0	-1.0
-1.0	-1.0	-1.0	-1.0
-1.0	-1.0	-1.0	-1.0
-0.9746487137656075	-0.9893343945362795	-0.7429680188691727	-0.8918634077595334
-0.9320733244148598	-0.9681587665815242	-0.6314484001118127	-0.7955597419303525
-1.0	-0.9786573308375335	-1.0	-0.8629669669473926
-1.0	-0.9850040587077282	-1.0	-0.9037168545735285
-0.9401117013974906	-0.9728492425737851	-0.7406729287621124	-0.8595719500021191
-0.8468056465162136	-0.9415301153403766	-0.6460635715441952	-0.8065196920876727
0.1223642536557159	-0.6972933512338577	0.6528122137215753	-0.47150288376292726
0.7786509435487836	-0.3824447109012926	1.4487259175494454	-0.061879423038155856
0.5264912493439533	-0.201374787366026	1.8282979494909575	0.3146644420943263
3.480175736530013	0.4865070018708877	1.7121077946599788	0.5757706535107816
0.661301498925865	0.5172567216728938	1.4062976608049316	0.7218775957068542
0.4041145599282965	0.4984522584179607	1.4107052440412136	0.8363609433936285
0.8149495815656169	0.5482992815360954	1.6791099128965445	0.9690902872515066
2.584987650435042	0.853099508534249	2.9273740158958734	1.262156837691554
0.5456953617646545	0.8092771004051624	1.5280610077561487	1.3000634131444384
1.49786768534649	0.9029941794433503	2.2361197579417595	1.427460557235034
2.251945506059513	1.0786307299240598	1.7393561179381738	1.4680701619810175
1.7340174183272823	1.1604190744074656	1.9800757872897816	1.53196551171877
2.81991275805835	1.3592533670565499	2.1566490732161583	1.6068131442883131
1.3627634653864948	1.3596579507771116	1.9955315121905008	1.6516012089627439
1.3717639069653842	1.3610012503067535	1.5969915317844916	1.645541593869313
1.1672822499247895	1.3402722971525711	1.8946414842561063	1.672198062548873
1.708528296446013	1.3783232053207324	1.8534669705955613	1.6909283784812525
0.54746571933454	1.295330211430512	1.5798184251877374	1.6798299840762048
1.0897440889358654	1.2754557696220181	1.6505484148203622	1.676999308745288
1.3813780628917915	1.2853760062348893	1.9503791717791548	1.7026030160608792
2.136559535006461	1.3626837272026453	2.3965422623268955	1.7656293807526837
1.8286692460442522	1.4037632588457467	3.1014307421382545	1.8833884077669185
3.77920408742046	1.6071981712972483	2.6652090060705502	1.9503442507759092
3.796804522987614	1.7895173672258324	2.620132144383489	2.0061150772915006
3.802938535193692	1.9526410872600244	2.9155507574774524	2.079796138559214
3.041212042484407	2.0385170603555447	2.7392337456059606	2.131818409644445
2.9055959556768025	2.1051687174058675	2.5425228622001472	2.163389327094151
3.3316679741815554	2.1970937270761706	2.904397211723026	2.2189273641293794
3.926998390203229	2.323588193745971	2.7995077302094513	2.2613803820663168
3.3420271516236593	2.3962878819501086	2.566560627657587	2.2831652102929914
1.345593538608183	2.323028232646688	2.510326834722662	2.299004115007327
1.8342009732457023	2.2897185073497734	2.1219644924664474	2.286940176766775
2.327924254316501	2.292264290828357	2.1371759837817805	2.276961696566562
2.369694352100863	2.2973115619290625	2.0135984662975424	2.259795403649804
1.7001708555468906	2.259216234872567	2.4908862606851137	2.274538090949695
2.7186100724026887	2.2879142317980943	2.747522809762552	2.304085089588609
2.5951912427314103	2.3067180069152293	2.3349057299674736	2.3059712849914082
2.1382065568250943	2.2966122344880797	2.375070330383493	2.3101153542088206
2.6607922994359705	2.3180244750173014	2.556149350481955	2.3245810421731545
2.3461563949947575	2.3196478479450064	2.6498125352245343	2.343337198787035
3.093478810361929	2.3634318296916503	2.8574798974274547	2.3724281600551627
2.496566318246869	2.3708257560043458	2.797103947156027	2.396012049499055
3.183965942727818	2.4151613423586342	3.0910339705433243	2.4339074480457743
6.502822910224751	2.6340571750590094	3.289931141231288	2.479748295736114
4.90217714341998	2.753386271638774	3.6725921678348463	2.5425057226073475
6.476034632102088	2.9458647900204658	3.6336615421041527	2.5989237711938706
2.7533751518119702	2.936080715640299	3.15926463306564	2.627405137652941
3.4642480246232097	2.9624793869179746	2.9383128582077465	2.6429447476448513
2.000405617966631	2.9151805755126863	2.8203293747059806	2.651665247957922
5.033828567360831	3.017660280417312	2.7079297283932044	2.6543864184850747
3.7542708494725385	3.0527257260803156	2.7475868799727934	2.658823381421261
2.257843414718549	3.0154782421688964	2.5405261545523983	2.653280583054969
1.465079146770297	2.943944109808665	2.4706610021271644	2.644854770453022
1.5282532291666517	2.8796144545444404	2.5707341757014186	2.641486712673364
4.3148308192905	2.943858215829252	2.5044958206795638	2.635354506384844
2.6324631833487757	2.9301241885815594	2.6475580474214633	2.635892662671002
4.32263472098851	2.990651771344944	2.8561937172134817	2.645469044384943
2.42788221002279	2.9665403750033486	2.861152786704608	2.6547105424049784
1.333778615283165	2.8975699494352716	2.7022689888370657	2.6567200981878005
3.1946512896537076	2.909945153481953	2.9301117005103583	2.668108486744798
3.97434484905302	2.95367599981112	2.935734420338291	2.6791039099708547
2.974146258600921	2.95450579669172	2.768392824986443	2.6827229179670473
3.281675735178572	2.9675900218735523	2.763572857463037	2.685956767526518
3.594008584100278	2.992311900371534	2.7421568525070126	2.6881754717215847
1.664875348852486	2.9406067499177393	2.6148826183902165	2.6853212120345953
2.779602762833622	2.934415610306585	2.656039282674186	2.6841950893026816
2.953375523817927	2.935134990600619	2.863194283671827	2.690990482423139
2.413337043576449	2.915572299120935	2.7514283472265406	2.6932565791006424
3.3561908123266893	2.9318877386183524	2.922552430714292	2.701747043252715
4.508716059524448	2.989564083126432	3.070774541705547	2.7152453430390007
3.3792522583220705	3.003644973004315	3.008053081897663	2.725825396671007
2.8706980603523684	2.998896927592983	2.7517196945497036	2.7267490538532635
4.930141980662724	3.0670435200803645	2.669123443625017	2.7247153325797067
2.479501919884591	3.046551835091159	2.7164771996529935	2.7244276590232896
2.705679711031997	3.03479951093803	2.4759600614124913	2.715861075387127
2.7832633956417188	3.0262257672811037	2.2507253835370378	2.700007055196298
1.7161900842491442	2.9820755405141974	2.167668759909482	2.682066044236299
2.5959586899860243	2.969206784626	2.211367585195104	2.6663785301784055
2.8548721300031397	2.9654381102518075	2.329473521111989	2.655273803597737
3.0350160280596885	2.96770635436547	2.6880651929092676	2.6563427293470636
2.808419605830496	2.9625688902416654	2.4976365718497333	2.6512240020799296
3.959351021389077	2.9943745981615244	2.4297542302950372	2.6441566822815217
2.0061659862872365	2.9631734455999665	2.208231769396285	2.6303928898931157
1.8430929426786808	2.9281768369555308	2.051345640556079	2.612300524294677
2.0610771691810528	2.901364094021872	1.9800513405551832	2.5927499182301577
1.738148196092248	2.8657615876312748	1.9572644604943528	2.573299619120176
1.390273369997308	2.821057486216016	1.8393094792939437	2.5510613154579067
3.701707329671601	2.847473504082991	1.9262770373592053	2.532321557255228
1.7720348931766892	2.8155349214563747	1.8440781041769152	2.511881903627364
1.890456268128759	2.78833121641663	1.8489532607869918	2.4923872278963284
