-1.0	-1.0	-1.0	-1.0
-1.0	-1.0	-1.0	-1.0
-0.9040430322070893	-0.9446269363145138	-0.4838535673535693	-0.7021518088436421
-1.0	-0.9716061002261241	-1.0	-0.8472710172664598
-0.9765018417508725	-0.9736657988685291	-0.7897044456179978	-0.8230520286569235
-0.4994516606796181	-0.7982974312968333	-0.2461562995388774	-0.6097111729443606
-0.8412868339404729	-0.8124717179494856	-0.319922997082006	-0.5141633417168445
-0.8309033437777101	-0.8179527969417146	-0.7350937676027425	-0.5798620515096038
-0.9429039940163902	-0.8517839306410637	-0.6463778416103113	-0.5978715290455748
-0.9466206256492294	-0.8753488025201436	-0.5366721382583959	-0.582664820295113
-0.8175134556347287	-0.8620716443719548	-0.2755643376879401	-0.5121642715328003
-0.6637828829309897	-0.8197726750702256	0.06306643957664138	-0.3894560349422511
-0.4739154856929553	-0.7508742017976028	0.05182996886711022	-0.30154712591018196
0.612502307120049	-0.4961330376180919	0.3982492692556716	-0.17079307641462893
0.03297190682574147	-0.4030522148522252	0.11740197837798538	-0.12009346771332785
-0.6426249184693196	-0.4428693633731914	0.1035838161165108	-0.08291816113005468
-0.21963107568111673	-0.4077103852260562	0.33605539904468573	-0.01693179246774279
-0.6128922235791903	-0.43841686016406545	0.36376409497071105	0.04004127522988732
0.9777850476594856	-0.23652786622535749	0.5134500544512741	0.10752883354024934
-0.31956748976435445	-0.24782966829997322	0.4912298177627441	0.1597503566827223
-0.29397023245823606	-0.25383718956424395	0.07912253711025552	0.14925256225324546
0.11632880256395128	-0.20764273286818358	-0.12831015326603779	0.11461465099453183
-0.3242024841970228	-0.2216083547297143	0.019172046414035915	0.10317922914696998
-0.10610829500241525	-0.20830042174500418	0.0336191683478666	0.09516467292364794
-0.22709663506224553	-0.2103859720459993	-0.05565579763082029	0.0784294454667267
-0.38740265794482753	-0.229328086505031	-0.14376596382011686	0.05465288478661634
-0.44159517927736947	-0.25126065985105317	-0.12874809437883417	0.035703000841085686
-0.5704709627803946	-0.28314607379625034	-0.20453936778509985	0.011705602233100798
-0.4148271423345883	-0.2958759347525046	-0.2722343388391032	-0.01574345586851411
-0.5508817145556355	-0.3197588435185116	-0.023434354262369506	-0.01646367657844383
-0.5693973230985383	-0.34243174780652674	-0.05863908838806109	-0.02029411579569873
-0.2613203088622612	-0.33528123942328936	0.011544262756760348	-0.017487300589201338
0.7578081833423813	-0.24166783467707265	0.19722155543277875	0.0009007277392305557
1.3546147915755489	-0.10875262185416601	0.31698941883408693	0.027220097821037292
-0.21185392801411884	-0.11710553991583039	0.3403252219291626	0.052587423037522285
-0.09905159729055357	-0.11568111334927556	0.22949088270821116	0.06654331367074806
-0.3643168144845992	-0.13479317705625093	-0.05358871307405455	0.05730913734399867
0.2683590790897341	-0.10457718760258816	0.09215730137139588	0.05992119807075569
-0.3851759885007485	-0.12509534625980245	0.2098250488068376	0.07088248691629762
0.6044592087618814	-0.07301726922334661	0.369298687902732	0.09218443213272765
-0.17656365946088515	-0.08023699930287342	0.20008845798021824	0.09970810724364476
2.224765219739432	0.07683045649605624	0.44542320190802687	0.12326589923696951
0.49002926197881225	0.10436147390798678	0.43724019941580217	0.14418568517449804
0.14416305890208414	0.10695584605652608	0.6512960709793605	0.17724012577165227
1.2341078063646562	0.17886408591481073	0.9257234211237426	0.22499071372682722
2.304607447929711	0.31165563840687005	1.0065854309232294	0.2738156444551234
5.045635344949345	0.601348402551297	0.7528318350466447	0.3031287139968799
-0.22378343387367783	0.5518641850989694	0.7357201612483062	0.3290720424146445
1.0843723292129575	0.5831739764768908	0.5722907902795102	0.3433726085133866
0.339052366096823	0.5690965000774295	0.5959718966081531	0.35793930238260363
1.0370711306294362	0.5955744042352433	0.5249556486393534	0.36738916340981165
-0.19600524680540043	0.5516163773611404	0.31650728793611993	0.36456368868164746
0.8370332616223555	0.5671784977752199	0.4645204189745382	0.3700138854786841
0.651724496292565	0.5717062116641167	0.4392911054014399	0.37372392049107184
0.42161693716728443	0.5638098145474735	0.4481608288157837	0.3776401082811076
0.6941048746206271	0.5705464088871561	0.3833323831846229	0.3779342113949151
0.9971591206712245	0.5922303561551017	0.3162865442642031	0.37480057043385395
0.009663109842453999	0.563112184758749	0.32591502694095165	0.3723568527938246
0.04220321939310101	0.5375024853531141	0.20760793988065407	0.36425707955708075
0.38772161865800325	0.5302573670400923	0.37085299469006494	0.3645760047987945
1.1364043797435373	0.5591117295528178	0.4772441100984566	0.36993923823834685
0.4448713335884671	0.5537582547666176	0.34679981652134173	0.36885474960056186
0.5847069857166667	0.5551861377338747	0.4174147097376726	0.3710952081611254
0.010674513701154353	0.5304432246211288	0.5630384263894155	0.3798171286769203
2.1743919443228448	0.604030463057625	0.5022581410404947	0.3852978395794848
0.6766141928654754	0.6072315886382325	0.554395118059301	0.3927556670453547
0.9907266715326	0.6239003923850908	0.5873510824190036	0.4012138329401078
0.5848160679919705	0.6222257168591059	0.5372600192814494	0.40704262814009606
0.5714437168621644	0.6200805247018273	0.5357488953319056	0.41247934599846525
0.7362301202968438	0.6249187493754054	0.5684733959594332	0.4189773081497432
0.5985017395633614	0.6238334500178222	0.5749912872407141	0.4253871778089693
2.303141031772176	0.6918955183959163	0.4989754648544833	0.4283696083547035
0.9204836195304642	0.7010367764133136	0.39804299457690395	0.42715690506930604
0.683875824418638	0.7003595082371092	0.5026140880089507	0.43013470325399217
0.3893287978542974	0.6882444488682906	0.5416770473236374	0.4344794872147877
0.9244190850936727	0.6973259849759894	0.4207071422158797	0.43394997344726516
0.25992345304334674	0.6807197972659302	0.4567485618540239	0.4348156576854665
0.7832044622220713	0.6845621181196124	0.4146844062594892	0.4340609420111514
0.38909809138076734	0.6736216210195489	0.39856289200129047	0.43274661836583617
0.05926108318283263	0.6511501291500283	0.39465624286796785	0.43135348022829634
0.2707438607759325	0.6374033857346779	0.407871279942722	0.43050475024776924
0.47475245880812134	0.6315953914951051	0.32881539699139894	0.42687351259713013
0.4010469880550558	0.6234598263645945	0.3458386490707501	0.42401378505034737
0.27868920152537036	0.611435218260074	0.3446552545206609	0.4212457896292223
0.3730976230294949	0.603218146951535	0.33090025603067286	0.4181308501511405
0.12651097982621562	0.5869698756152244	0.3003096579773825	0.4141148251677591
-0.005179460234483013	0.567013623373644	0.20220685072764577	0.40697311798226665
0.4053907385152462	0.5616271618196398	0.2593684573892936	0.4020538481168243
0.40460659575465097	0.5564514677729897	0.2673483636785907	0.39761369282124326
0.06292623829184829	0.5403612153755861	0.30592656379885286	0.3946243481697411
0.4816859122355428	0.5384687304616305	0.19649915521147654	0.38823433725940815
0.38526651619981034	0.5335800337300172	0.24259145907716828	0.3835868684593513
0.1752170511838851	0.5222653255145842	0.17515162628819358	0.3770058619084078
0.07955840881351461	0.5084331349517324	0.1991568871904308	0.37144899537333975
0.4123274401086974	0.505461316002761	0.21067114143911958	0.3664773588793062
0.3214660684408235	0.4998296685349497	0.24620443588001395	0.36279606299793654
0.48317707079935035	0.49932509376911316	0.2315461715985241	0.35881944326394755
0.14169842118495257	0.48859804202539814	0.14399536361718313	0.35237574664912885
-0.12799796789755846	0.47028637645166826	0.08620197713569211	0.3444709366439438
-0.15529426735301743	0.45188994903864277	0.08497735135264084	0.3368400053008396
