-1.0	-1.0	-1.0	-1.0
-1.0	-1.0	-1.0	-1.0
-0.9368832649117396	-0.9635777707591271	-0.4205035774965792	-0.6655950040005933
-0.9193061431143859	-0.9420075009576464	-0.2961190258030264	-0.48557685045810894
0.5300566473043093	-0.3226915851293023	0.18053232567125166	-0.20533631016047882
-0.7781036055027601	-0.49110687799855723	0.015641050606568507	-0.1236170806111122
-0.363368840366708	-0.4489896032018802	0.5270945873975967	0.09093296916653593
0.8728602671973091	-0.0559076807811123	2.271618524492174	0.7394090673090858
1.3342013652676235	0.3204710387862011	2.493814450681725	1.214422791541736
4.211850155577116	1.2873950612149319	3.7467776114632327	1.8436586027233823
0.630275326199347	1.1365409147521914	1.6027194818644475	1.7883464681097307
0.43479376235464184	0.9868441514914137	1.4788955465039435	1.7223345120489948
0.48204597411764327	0.8862829099914309	1.3224908589621314	1.6426813503576847
-0.290494515845381	0.6664071016088375	0.7063757926717167	1.4677366951655522
-0.4534628021019349	0.46939799456874365	0.7324703519208793	1.3383875697865073
2.370564140255443	0.7853726151985332	0.8453708021002349	1.2564475867961162
-0.012748251077670525	0.6596722300443623	0.687541495448623	1.1668475352188818
-0.1633795713093421	0.536498403999782	0.4891988248806869	1.0654339866805151
-0.5211356175512469	0.38572562124515386	0.0761634680948946	0.9244068670430825
-0.0632514017341348	0.3246196773388561	0.7596790759830765	0.9019871637985137
0.047126871030327644	0.28848955205968485	0.5688288517996118	0.8586092898749735
0.07657171672809415	0.262043762463523	0.716231729094343	0.8408417818885732
0.9246766905503454	0.34143779217288284	0.846421956046574	0.841510563133778
1.8322992829792613	0.5132145120232154	1.1295416431366507	0.8746978027715226
1.4042899503506105	0.6120907049906374	1.341383423648383	0.9264827501330246
0.810273919845522	0.6332981210107838	1.3726339110604302	0.9742248199534431
0.08189228662052295	0.5763237954252034	1.2697726118339996	1.0047630124533788
1.2737020250112248	0.6459839249391572	0.8215560140369387	0.9864627788669289
0.17303321997567833	0.6002627369522311	0.6259254941238703	0.9516088574950994
0.41455675418426585	0.5828703909321966	0.8145059755887771	0.9387685708341866
1.3627741504432596	0.6537042387096057	0.4984785921677988	0.898780463431408
-0.12449240167922004	0.5851016281995607	0.6253399694116035	0.8746751430577961
-0.10850611581129843	0.5257005487942736	0.6706044641582483	0.8571985495971521
1.2165868286343429	0.5832279442091277	0.42431258538695604	0.8211545248794498
-0.29912724064217533	0.5117414398951905	0.5219347171066981	0.7969124247118369
-0.0393423849898793	0.4682674219392926	0.547551949576053	0.7772410017460178
-0.005221135273078659	0.4318715213556765	0.45592332239309097	0.7525423251830423
0.35290055405174026	0.42595282860472694	0.7254143627404945	0.7505092153685498
1.055247275719379	0.47196817567313265	0.8509937184541005	0.7578566224279428
0.4403946405798089	0.46971426268407557	1.0235366619184063	0.776821656007082
0.36385824422790014	0.4623334421540899	0.8771605074195823	0.783817774593367
0.11134354026095505	0.43841645563422404	0.7540864676719825	0.781792029760616
0.6907327739938549	0.4552280092113825	0.67439098250566	0.7746359663406042
0.46875749364633523	0.45610993524839794	0.8213168785716658	0.7776787757478518
1.4344946663994769	0.5185275214795373	0.9122072138572093	0.7862614643941173
0.41615427771112024	0.5121324561580927	0.857453383476543	0.7907087046898575
0.399560693830632	0.5052438123407623	0.9233834475486913	0.7988278036803209
0.5289793253665207	0.5066675094697064	0.9701362492304286	0.8091017271391359
0.8260257878364698	0.5254450914194384	1.058496996918751	0.8237657995402672
0.9051463570529281	0.54734121781021	1.1862918298223968	0.8446715047571869
1.1492085542832364	0.5813947273236852	1.0399180437518742	0.8557187273368427
2.3202769295842542	0.6779593840138907	1.1063374956985954	0.869636659433318
0.536048914860771	0.6702220722312955	1.0710318074262708	0.8806174607980188
1.517759713355637	0.7156082030071809	1.2618381652696247	0.9010322414093006
0.8620928940781125	0.7233146447501648	1.4960123252070763	0.9323344523785324
4.5315144696185765	0.9202159618267864	1.232882725765446	0.9478741068114478
1.127881140101345	0.9307712122474079	1.2319740833274726	0.962314438317994
1.5466183936764346	0.961552652035061	1.171027618228989	0.9727464522050355
1.0471819701652048	0.965762313897661	1.0377935979527533	0.97594423013627
0.3672296595652471	0.9368107769388645	0.868915553741044	0.9707669941155446
0.3566552507195335	0.9091936236242406	0.8029363568982446	0.9627778755115528
0.7615595359164651	0.9022754831981654	0.8652881579626492	0.9582094878307525
1.3510062065911344	0.9229791794648359	0.7589017718264464	0.9490132912867697
0.8259385474660483	0.9185696833772439	0.7116956992794983	0.938229538578002
0.936005051558948	0.9193500707057658	0.7536361096733706	0.9299666033908613
0.4614542561024162	0.8991550879338899	0.6509182093446111	0.917659655888837
0.4038248295030462	0.877625339616515	0.4714747057140456	0.8982660473115931
0.1040414528693947	0.8444811199480386	0.487030524421612	0.8806466398018749
0.27134166322178066	0.8202709744756547	0.5828994138995829	0.8680696328502961
0.38282008900215914	0.8020489713400751	0.5426615195359077	0.8545148303070822
0.8409167006883447	0.8036459068282986	0.7387812993604885	0.8497599762737424
0.7479933136398607	0.8013906113855171	0.5927133192065597	0.839342158051902
0.5392878903166929	0.790909338741933	0.5217440930688413	0.8266416370982188
0.055558239100563345	0.7618895774342311	0.40996614600242	0.8101980182114137
0.058817879786006166	0.7345041383906412	0.3930311503411903	0.7939490639031745
0.18365480635285114	0.7133225514879209	0.5017647916727657	0.7827136847537759
0.08224646712491879	0.689363384066636	0.42377375125629446	0.7690863793887912
0.7138935653428415	0.6902830011287253	0.5323437861775946	0.7602105493211757
0.21819593909794688	0.6728020813393709	0.4974586591668664	0.7504809684659315
0.2080873650141679	0.6558042264427086	0.5491968815155353	0.7431186857490133
0.3256894058340911	0.6438746324145619	0.5027773745908175	0.7344331547488978
0.43698792080891535	0.6364871277445061	0.3989952666160095	0.7224555378366453
0.4001282903149892	0.6281465957783321	0.387334919360087	0.7106300394880376
0.4099485006881043	0.620536602751649	0.44527264663079924	0.7013752981413219
0.6659597462034754	0.6221024704623366	0.432313736982725	0.6920991136715335
0.701577098154647	0.6248109541029643	0.4339739246946188	0.6833008930752433
0.2884503021338347	0.6134751541657604	0.3891803690164253	0.6733886297818079
-0.02221714443424494	0.592289506859695	0.3304418117105803	0.6619592339345246
0.15857682721405442	0.5779937815937373	0.31344801579686665	0.6504717714877257
0.35086333469386055	0.5705888371110537	0.33985315637550007	0.640344902877056
0.4705025649858672	0.5673607242946435	0.34764612920807103	0.6309046555035445
0.27205179423292614	0.5579374878841881	0.31111306486070545	0.6207001947204256
-0.03487774267253807	0.5392203537764686	0.27170755266569224	0.6096813098403444
-0.02471120286727002	0.5216005716394942	0.2916146649682596	0.5997434108983939
0.5379830233418983	0.522106875755415	0.2907178842613345	0.5901873677410303
0.10224997567444194	0.5092563075938166	0.31040690180038166	0.5816241027457891
0.22644155830343848	0.5006875134416697	0.288962161418473	0.5727569539534145
0.22247914159071303	0.49234252004359735	0.2873710382009822	0.5641966625979404
0.20295851127023345	0.4837483958022317	0.2529106946499602	0.5549520937587422
-0.28146148919765135	0.46124588954804135	0.248740150482041	0.5459472942317245
