-0.6545063394492276	-0.6983473817180175	2.2653505102727673	1.850997408930564
-0.255353638894399	-0.38727285888520324	0.20903926484803037	0.6979983335947644
0.5138813656521504	0.1327484619539001	0.8667396498532913	0.7953723916017763
-0.39915886775498033	-0.1264102937787246	2.4011327706296006	1.5777397344984139
-0.043795525954220094	-0.09165314177189621	1.2817188668940802	1.4532002457749256
-0.4149518176938398	-0.21121187886119963	0.9993718800684475	1.2853702362632355
6.354952856116263	1.9537579683444664	3.782604539865443	2.1087485133283064
1.3189644668736147	1.7649873191516239	2.7258780116003654	2.292265404036833
0.798822001340465	1.5033934431879583	1.6431432127944867	2.1165124596003473
1.1933120641335555	1.4263447525959263	2.2117808108904966	2.1401843422246536
-0.30635372610305645	1.028571367527705	0.5720337189820812	1.7801858845414755
0.7813398220945176	0.9758319197598591	1.0702635822298268	1.628745139471611
0.06952839748477757	0.7952864303851874	0.9866059390808453	1.5008240045096817
-0.3254899660141213	0.5858741863680967	0.46580570025547563	1.307435319213127
-0.3306301819473818	0.4246413439390484	0.699909437530025	1.2005582589705326
4.651226794686951	1.1271013792261497	1.6325739306137579	1.2723589377238267
2.3063425751112474	1.3128266164610172	1.8438867092949778	1.3623720400217514
2.0374153438161016	1.421264990029186	1.680111942899722	1.4099234534087746
0.8968576626344202	1.3465070950631053	2.000385494699697	1.4940975336698754
2.956746656607592	1.5656607050240567	2.2836795150677953	1.6015595892272616
2.2437482434288256	1.6539494353745803	1.3183588118131837	1.5646864116293244
-0.14041048975965031	1.4300250253399698	1.0712933101447888	1.5031142908517534
0.9248517833148064	1.3694973868240181	1.2479184055861277	1.4725378746790727
0.30609015518374183	1.2469726144962867	1.4793350883271428	1.4733216149968298
2.426949712626413	1.377905854426536	1.7631518762193696	1.5054821212691225
0.32451579513531303	1.265184638463786	1.6245359087451208	1.5182220734565837
1.7459223075016999	1.3148580909798322	1.5595850973605976	1.522496669633154
0.5394342070690661	1.2374020348559922	1.2122970208607429	1.49151112264755
5.062080466105109	1.6071426193235019	1.1358123305787498	1.4571250292205713
0.6916141332672405	1.5213974414854952	0.9483676066778703	1.4094766027334455
0.18487842383436703	1.4000106582740393	1.0132284666197022	1.373488084753911
-0.056232916698905844	1.271634107428191	0.9278020575293895	1.3341981499646702
1.0570747365990085	1.2532589937554945	0.7732312301613109	1.2861563921021584
1.0468940477322612	1.2360763906834755	0.6849174124859645	1.2360944103161233
0.28023959291820133	1.1586368322679315	0.8423069466537374	1.2041910120086352
-0.0083515265428451	1.0665750081712435	0.7196170363628323	1.1659639253730494
-0.018850673977268806	0.9831405308845038	0.5523600584920489	1.1187976158150574
0.16416111689861612	0.9217592298154063	0.5196301660383484	1.0738909500001634
0.1983159027689756	0.8688592237320567	0.5969522942106953	1.039016035581132
0.005675051503101658	0.8072422300076563	0.5426024500325881	1.0035804169125169
0.6429064601525865	0.7957840364421658	0.4691766766667498	0.9663192130619436
0.05868026216875677	0.745556421132501	0.5503558112424456	0.9379747223623589
-0.31138588343519646	0.6751333367008368	0.3331473220965928	0.897675567166687
0.21694827006397133	0.6452678982678808	0.30508583210570706	0.8590493768596128
-0.10173644220293576	0.5976119922941796	0.27071912629823447	0.8215163266909149
0.28900809064459954	0.5783342716537829	0.4200376888475803	0.7964369097180404
0.04997235411406731	0.5460016542832129	0.4019229494501688	0.7722950807235709
0.09749321866827487	0.5191040663029911	0.33816309536077105	0.7462596886844188
0.39027852559329745	0.5115297314002503	0.5145066340327171	0.7326336028483789
1.1506944364236475	0.5483881771283956	0.6396743205990716	0.7272730254816242
0.20814048862474244	0.529137342626298	0.6173534795441369	0.721054000586711
1.073267346278239	0.5593544955077538	0.5815287427534941	0.7133062226503755
1.836499705513226	0.628988983714408	0.4421060123571734	0.6985198458634962
0.2996734245629251	0.6113543763554419	0.553325960251768	0.6907450196749312
0.28819114683842906	0.5943523829047659	0.5980637831697808	0.6858689543240388
0.6137969356722868	0.5953577086660011	0.42841188040955824	0.6725571930458714
-0.22145087758305337	0.5538403502606823	0.3371633445491058	0.655509565104784
0.24615635979335115	0.5384616081395379	0.3076313225776255	0.6381218275322122
0.21051340282519782	0.5223386064499176	0.30328396161397486	0.6216601059043789
0.010236350778364711	0.49756784693828116	0.33434394389322586	0.6077623715423768
-0.051216064791564264	0.4714440992580209	0.39126493494777037	0.597456595806358
0.23143628288706153	0.4601973635058101	0.3569893511886486	0.5861883294517967
0.8665486416762578	0.47894627055870065	0.22274143070245578	0.5694192851313591
-0.40496295156774276	0.43878094508119725	0.2481916386874652	0.5548224018534638
0.1844928531307226	0.4273983683201501	0.10426301252528924	0.5346542161549594
-0.15351508408837544	0.40177756898250117	0.13237102595376937	0.5169118837232924
-0.38360593162364987	0.36764033529180806	0.185446443693716	0.5025044986773548
0.24618564421786115	0.3624367208229038	0.23659995736906847	0.49111192887745747
0.6894938589998001	0.37625222514454526	0.3258789185230284	0.4841322041705616
-0.3134232039395042	0.3475236394038017	0.18607268055285875	0.4717165807893644
0.3990663890735995	0.34964118795617116	0.21502125413827633	0.4611701916567934
-0.09118898265387776	0.33177441755881687	0.22283980031081407	0.45151075400330964
-0.05030252125924217	0.31649540691909794	0.21978843958911187	0.4422444374614569
-0.18686031930044122	0.29663113167597843	0.16780679630845774	0.43141416045874426
0.9802793460391008	0.32326057576437117	0.1573825865427816	0.42074043187670496
-0.3043202565997254	0.2991287381206049	0.08909175906611622	0.40798789280917913
-0.30779145465718694	0.2760865197507081	0.05860753534376939	0.3947233159218744
-0.28730436990032204	0.2549643108153883	-0.01827989110394035	0.3792393500255855
-0.3359749315181576	0.2330825628902955	0.06828902121065816	0.3677251330347968
0.11268323185858331	0.22867876372555407	0.006187439473882117	0.3545011693848781
0.2801904295159663	0.2305401276197938	-0.004405206214987856	0.34153143344159154
-0.3057315385914646	0.21139153597484972	0.07705125597050722	0.33208748285807377
-0.2973381625039295	0.1934400926651012	0.07354300555163462	0.32296417692311596
0.37117952979112157	0.19963889679245894	0.016945219102533438	0.3122912464118699
-0.27035838677765245	0.18343536838230734	0.07985660140402273	0.30427782004096593
-0.04569059118171426	0.17562571364098	0.06019440110314611	0.295958341451664
0.4783600779497721	0.18582799463734978	0.12782081999731232	0.29029174720691975
0.20510668812317068	0.18647041220264504	0.024644314919703314	0.28143849959620715
-0.14076330265714843	0.1756844189176221	0.03945175921431754	0.2734622731028442
-0.3354028693990312	0.1590216164334468	0.022261426896109215	0.26527237890885047
-0.13922501644289842	0.14940258027456066	0.07745951282956787	0.25921506268937056
-0.22439019333712862	0.1374751210467926	-0.016049683220474398	0.2504315096070282
-0.028440909665463754	0.13223660967201467	-0.011387335408903021	0.24216503735495065
-0.10866609815742834	0.12470959502022372	0.05421912529370565	0.23629259947648484
-0.10243677517797956	0.11768567522975637	0.005178673974014503	0.22914599205349018
-0.11342249516867198	0.110612006459059	-0.013052463845639739	0.22173286593908292
-0.5348417041149882	0.09105612907175642	-0.047807336410019885	0.2135663376069845
-0.09048806254290476	0.08561072114410795	0.041126801425599435	0.20839402316912525
-0.11390012141098527	0.07968564869033545	0.048367171489218874	0.2036415486794938
-0.05436507916629851	0.0757436590870435	0.034485451638371245	0.19866722060111708
