-1.0	-1.0	-1.0	-1.0
-1.0	-1.0	-1.0	-1.0
-0.27184298190676526	-0.5798086517112263	1.616110449288887	0.5096565021615906
1.6118681769535939	0.4880323140395717	2.7072457693133423	1.580378289994667
-0.8027023944778251	-0.05499596243687832	0.06589239788311074	0.9432150473415135
-0.6308769934810448	-0.26796174146328144	0.018903638631228015	0.6013966671390054
-0.8421879219988051	-0.45729330294289194	-0.04249991325060687	0.3890936615935596
-0.42617457667850067	-0.4480395415722468	0.04431374894836204	0.28656533573545895
1.4904750050779518	0.0768226301317918	3.0626571960896083	1.038205632620266
7.6724251658313385	1.964166290891153	2.0333454390434027	1.285476559811217
0.14351698232892862	1.5462020896536965	1.937466701973476	1.435152704628781
0.048624669191155157	1.22673839211377	0.7269866943892538	1.284086364434604
-0.4453321611956773	0.8936439484604723	0.3624284167836098	1.1004823243886648
-0.4404802831758432	0.6443686032209586	1.3110063946575283	1.1398180524721604
-0.052159694619203445	0.5218341970570355	0.39342636100147343	1.00851153104513
-0.1980358959330739	0.4021913061374083	0.38847283927353105	0.905460690777095
-0.0939221486899221	0.3240555283894113	0.3049936866675067	0.8108896358475564
0.6829493264475539	0.3777657365583964	0.4834615725084652	0.761888363463205
-0.642410627709095	0.23233286015322285	0.4205514344917325	0.7132287491068847
0.3497989788954188	0.24832005310810334	0.49110369225529515	0.6829975521883445
0.07641629951590279	0.22593793497352932	0.40245625401998475	0.6464706268104972
-0.10185888247540298	0.18503106321277607	0.49407756549386206	0.6274530327508425
-0.563434992141471	0.09535311595977025	0.310996586854275	0.5895367077196167
-0.3566391665089008	0.04327498640745531	0.36824548034895765	0.5640399352080443
-0.6513296627112295	-0.0337998344126047	-0.03606206557589997	0.49745142065775716
-0.355753741981122	-0.06825138792822538	0.23116543561607594	0.46895691751776636
0.6661134077391919	0.007627825443419223	0.7721088206633617	0.5002806652590046
-0.26018060648177377	-0.019123131088258583	0.3306362790226336	0.4833351941605424
0.2653383952470596	0.008376425169174029	0.40345017213692724	0.4756125516119709
-0.6067639135363685	-0.04923544456223872	0.33620491018597387	0.4625561741169433
0.17210324666556276	-0.029132745974054908	0.29632033501612853	0.447458169654924
-0.18515678172456151	-0.04288726829031253	0.43271298601658414	0.44615815875778453
-0.4507004091310941	-0.07781264053122927	0.04988893542282158	0.41222151784543826
-0.5596040343023467	-0.11792909675035024	-0.04639725631582836	0.3740345890932737
-0.5929262911541577	-0.1564123473522665	0.06363027392412812	0.3488863075279287
-0.4507353759803451	-0.17963093537483432	0.04673547130463396	0.325050297239867
-0.5448119397817348	-0.20770164088798793	0.12235762485734791	0.3094698833999143
-0.24491209005212888	-0.21049043345166663	0.26175009576502095	0.30589348386634074
-0.2425642668236262	-0.21283572156786856	0.35112786434234833	0.30920120255049977
2.5240925863893717	-0.01746443652914742	0.3775242661224447	0.31407831447241086
-0.40662153598278594	-0.04459847715926024	0.3684534987589678	0.3178695025715941
-0.15666213109909954	-0.0522346040009789	0.38862342494421	0.3226909767706678
-0.17323489282212767	-0.06029668360090579	0.47408176567835314	0.3327780895584129
-0.19105402743487976	-0.06881965790967481	0.43043186464024297	0.339143400358207
-0.04668240134921886	-0.06740728945119645	0.6241577476029969	0.35732639394545096
0.8623194596470702	-0.009328730111751393	0.5700705696696575	0.37061631025641173
-0.36855644355535533	-0.031311394639524814	0.33216479869123594	0.3682633844238501
-0.1996651079044527	-0.04140781914874636	0.4340905709096883	0.37221110373613464
0.1386950171411696	-0.030818273976896626	0.7121031031250855	0.3921957476746438
1.6664015010156468	0.06705473895877145	0.538992767788733	0.40066121013332845
0.07818096521222384	0.06768432104356958	0.6877300358221503	0.41690343589978984
0.6926801255168258	0.10239198002945615	0.8633518330095997	0.44169601269239434
0.42481199662455493	0.11997155458031883	0.771694767453283	0.45968886158959976
0.698302587511803	0.15094149460498318	0.7618928533973808	0.47587218805175957
0.36821758001272653	0.16237248940717963	0.6709123909620991	0.48613329287101537
-0.0757690427415233	0.15005932482115658	0.6123019241575802	0.49265653552576016
0.40060206063521697	0.1627940774412806	0.5763388186280518	0.4969099734315374
0.026312316196921204	0.15597236294533712	0.744090356132513	0.5092644471691545
0.5752363872130406	0.17658460579377344	0.8692266685068941	0.5269612072814258
0.7326210829309028	0.20348022607223393	0.8227293399848492	0.5412674752386022
0.42734271678591007	0.2141365414848866	0.7296418078872433	0.5502343845060789
1.0477190446063007	0.25319821427150613	0.8269854624718149	0.5632030324947515
0.4650142104658621	0.26297142367903836	0.8342643221188508	0.5757098200771258
0.5605879204610431	0.2764952870407653	0.7024664536530327	0.5814697324716507
-0.061074000960412045	0.26138480336244174	0.6382874571881227	0.5840130154091057
0.13068020562539684	0.25562010189241646	0.7043202449173034	0.5893190744764647
0.7909171387022573	0.27888705214083953	0.8179646552416948	0.5992572100144375
0.3121918981128553	0.2803142909257941	0.7837063159555349	0.6071603303907573
0.5914661259898955	0.2934581866468693	0.8200653407686407	0.6161541431478808
0.34856548630627526	0.29575389318925227	0.646971231707921	0.6174380749827288
0.6222800359095366	0.30916934802196794	0.7979504433869469	0.62485457528126
0.2438570376497171	0.30652229385322904	0.7075574187061735	0.6282065906220111
-0.014974978827813956	0.29366572141421265	0.7014508503942558	0.6311356682022993
0.21163016834627868	0.2904282508716436	0.8139059449688533	0.6383484220580342
0.795508646218084	0.3101023478148197	0.7908291732993535	0.6442882457321433
-0.04993203803480162	0.29625817512932007	0.7646624218755198	0.6489168390508591
0.06104057322742129	0.2873278755066391	0.912073301051854	0.6589075775610695
0.6696631819570174	0.30166186803065176	1.0689984819911227	0.6742821033489839
1.6745891752421724	0.35249906089169114	1.1541630362476964	0.6920511222689498
0.26858821551033807	0.3494299601959763	1.0408946173378242	0.704811022386469
0.6724010735018606	0.3611007184746966	1.0546363297218222	0.7174521259539508
1.048163869697849	0.38563292470179866	1.310197568527093	0.738616513455234
1.1405922582069592	0.4122724646961158	1.0954442353668772	0.7512073471866803
1.9748240874194192	0.4667678035955918	1.2990832959552536	0.7703146246349202
1.3930278390091289	0.4987010462554493	1.3920640467411483	0.7917496610438939
0.8492756681478053	0.5106498395838399	1.4772809990133235	0.8151150564529823
2.2246792621346776	0.5684143212465649	1.5269228402342252	0.8391035736258483
1.90999152368025	0.6131242533045089	1.4881039723643998	0.8607322138738172
0.9699459349260118	0.624885051206409	1.6110269094961969	0.8854620554364583
2.556468189775113	0.6878588583635179	1.5312065274972912	0.9065144853813483
0.5756451602291877	0.6842398382923385	1.3922100545562968	0.9221793078247842
1.318297815571186	0.7044720337304156	1.359734768362805	0.9361413013173594
1.7878050263035314	0.7386762451512554	1.42087132059019	0.9514457020638338
0.8411343735332797	0.7418775189346143	1.4425684650746762	0.9667905852368506
1.5687228145769159	0.7674452299577734	1.6715416483986227	0.9885828379367012
1.489138989127479	0.7895339694084236	1.5328434335889742	1.0052408908409398
2.153122713187413	0.8308475873099408	1.4390695109332383	1.0183848209279907
1.1121501659295046	0.8392854583649867	1.3251401407097032	1.0275861673172995
1.3506951722067506	0.8544734046708549	1.2109227319833855	1.0330309822392958
0.7479019703480185	0.8513395125038801	1.1500169315368778	1.0364712396641762
