-1.0	-1.0	-1.0	-1.0
-1.0	-1.0	-1.0	-1.0
-0.7203804137984768	-0.8386423206468513	0.16058267604842302	-0.33027249682833326
-0.3480283127337882	-0.5996026506761681	0.7621165241951913	0.2019673497038348
-0.8890447070617922	-0.7213745518842203	-0.7635695973775709	-0.2042461458046656
-0.9538972905767252	-0.807363461883776	-0.6609885043258563	-0.3731534351563236
-0.8439337164463947	-0.8194212577086765	-0.23540526672818296	-0.3277356477617168
-0.047489383991664136	-0.5898699567734786	0.1913119339957572	-0.17338528775175865
-0.6374504093499461	-0.6027525694714058	0.1927069617736199	-0.0742639957654998
-0.3188395782338975	-0.532206292339169	0.6278390400004163	0.1001935179713056
-0.4633599867793703	-0.5164014032533074	1.1176115881945186	0.33376057864616615
0.7204655555122397	-0.2525527537433595	0.7468022078310432	0.42187060695820233
0.10448099262728117	-0.18142767705490837	0.6555659788572468	0.4684253957868676
2.0497033660437034	0.23544995688844206	1.0504589063076453	0.5771761048393291
0.5193799777695562	0.28539931019658504	1.5424481809989894	0.7469881044208453
0.013460818857057522	0.24020292243687358	0.8479010940269669	0.763759863364136
0.6384889779337348	0.30293112070150596	0.4316848777986009	0.7114594960100167
-0.2848547301841545	0.21496600388324172	0.1971942889952183	0.6344970849765859
-0.6228264703192299	0.09553312626198718	0.2477928493389865	0.5793698877129403
-0.6282447083192538	-0.0029731757223843136	0.14621622202376638	0.52041743296442
1.7125170792174167	0.2203873780478829	0.24434189757279068	0.48447178716643324
-0.24932444481940752	0.16177042766494854	0.20727243448496524	0.4498791639472848
-0.5968809034293396	0.07087208064127548	0.1718739037838508	0.4165697636537835
-0.48259158513627665	0.007102468575282073	0.3896954184986099	0.413473595244334
0.07146684553527338	0.014244741509004566	0.20547556228972774	0.39039396523763736
-0.13686803989973817	-0.001925366512600224	0.15722046788496025	0.3654427567036751
-0.3596116248040079	-0.038883509619319856	0.017568280147264748	0.32949850201328146
-0.5488394010900595	-0.08982229521058926	0.02713905016865703	0.2992961560087315
0.740100921220683	-0.009591903717265371	0.11574267362836443	0.2815515288830599
-0.43017570668259686	-0.04898221748068754	0.3298858926394057	0.28607856395078324
0.5036077411732962	0.0012056719934010474	0.5512815936654458	0.31016509051664554
0.16932425568443943	0.016026466159948072	0.4845602918038776	0.3255392442496001
-0.26465168161921826	-0.008011080337351983	0.5190693521922287	0.34211329630345744
2.2040854129891487	0.17618020329168171	0.4020944669493216	0.3471078307936126
0.1076349382453492	0.1706270967532133	0.4954786871010606	0.35912890296924704
-0.33437107796353094	0.13078862360976595	0.5766738465436696	0.37629086638206566
1.6461662814755655	0.24727342998905422	0.723929002147774	0.40301351800530694
0.15913854541907813	0.24066791008489608	0.7569011621236839	0.429537020791281
0.42567112928568274	0.25419575695191043	0.7336503721166885	0.4517744971745745
0.3195759912738567	0.2588630203572262	0.7280624439624495	0.47149713876482857
1.1950914792615834	0.32414156875365574	0.47454813067318824	0.47170986815731175
-0.19112612566867027	0.28903032290077846	0.4936170317531756	0.4732027893887627
-0.27655028457525055	0.25134621039761673	0.3763292829684166	0.46674814872439363
-0.15647200281385276	0.22476401512777366	0.47140157834023966	0.4670517340199274
-0.20765318702368707	0.19717753101651092	0.43873014903420304	0.46524508339317094
0.4435297450347371	0.21256692283789813	0.7235753263955513	0.48138276231369503
0.5668735642499236	0.23424851008347347	0.8431158078574823	0.5035188074426966
0.323798630932598	0.23961913800969104	0.7679091119016981	0.5193749071777298
1.005852269897845	0.28467083134156645	0.8763393804560082	0.5403630943987812
0.5374969367896361	0.2992506071947725	0.7745649396818943	0.5538689037492437
0.14362770007437753	0.29044583776401756	0.8853740965917667	0.5726255996946132
0.1204206317223433	0.2810040710508368	0.7046158889707512	0.5799554393557136
0.2693787279390101	0.2803705498033757	0.6188717792923575	0.5820776972959523
0.05937160750661419	0.2685361858947277	0.572136506486898	0.5815455623874177
0.09855727500252587	0.25959329555797384	0.6164560400957979	0.5833820951548183
0.9286334213083411	0.29418567131360107	0.6476580501824605	0.5867053839956797
0.12734857413561507	0.28570546252908624	0.5778011580618556	0.5862526748933876
0.06876156050443338	0.2748621574119341	0.6672998180214718	0.5903035892579489
0.5038809136898044	0.28612151287802834	0.871890546973279	0.6041473806859707
0.9726266878011653	0.3193286139697049	0.9009546282577348	0.6185045358101173
0.5622276191382343	0.33089111797666493	0.9043468323459207	0.6321112194053258
0.6306601117243535	0.3449381725665892	0.9617926705924433	0.6475599536169607
0.9941394228926586	0.3748920534930207	0.9326160370108441	0.660712451362407
0.5979178030916015	0.3850267474345932	0.9406166919645618	0.6734317948603532
0.7955952616981505	0.40340471923198473	1.1568976216481834	0.6950728115212212
1.1291304741814736	0.43541256539612605	1.3170712670924334	0.7225058077485773
1.8499682187808482	0.4968974004618345	1.3879124832014673	0.7514283401525108
1.5514539259927767	0.5420801957345223	1.3033746156752395	0.7750767663031966
0.9475612104370508	0.5592084557065387	1.274827564665773	0.7961871537876248
0.8284342700611906	0.5704231875084567	1.1716704902946957	0.8118280868271492
1.1057538927850126	0.5924173846399878	1.1451375451725703	0.8255222523173236
0.6976131434602704	0.5966812163397839	1.2123238356560333	0.8411996363178507
0.8959896122269455	0.6086510071109976	1.1458763083942252	0.8533841710454861
2.3349990404839516	0.6767793025347544	1.077008808602721	0.8622092808891952
1.2364478895312998	0.6985794225363864	1.0299314675355777	0.8687424957770518
0.45292567266213757	0.6891333163356739	0.8948420034314859	0.8697458676849956
0.7005022955882787	0.6895648739074911	0.7911497013937241	0.866761831983685
0.20203301418240138	0.6712866719665631	0.7282941021854317	0.8615704912118056
0.45188836713846503	0.663162532352803	0.7135628803944487	0.8560898245625763
0.47981047048729963	0.6564559479810552	0.7301136768313978	0.8514818741029428
0.13104853299443198	0.6374692236528516	0.6066771052009614	0.8426350646096294
0.33276905757247244	0.6265891780555701	0.5658516987081204	0.8327517878404342
0.29849588868580046	0.6150117835649287	0.6679071516342396	0.8269348580908928
0.5111166175527859	0.6113881045391947	0.5540909540605583	0.8174188456796148
0.04872158963307971	0.5919895198294953	0.5091019353587773	0.8067890094579973
-0.03392117012459439	0.5706558589928521	0.5119185283881389	0.7967384630508134
0.39603804197676773	0.5647709143485489	0.5189176094888222	0.7873754460408693
0.4091616327781247	0.5595848751371586	0.5114339355204842	0.7781791124893633
0.144827015376074	0.5459139357895149	0.6180080801663199	0.7728994281957802
0.4729412451854207	0.5435346369996212	0.6281394297210838	0.7681796615483008
0.45668465876380626	0.5407334846818574	0.6692456400871398	0.7649887649386966
0.7266834453117443	0.5466668983729597	0.6905455365807665	0.7626132889497059
0.6406522560623218	0.549634282864045	0.6298856172577436	0.758422613124295
0.4571827657944618	0.5467453939626623	0.6431316523439339	0.7548200814589805
0.38131216576248117	0.5416296848979261	0.6112658076409174	0.7503809022582615
0.26298852629689007	0.5331012302926179	0.677738944819243	0.7481574174117913
0.5014552549727207	0.5321424158081383	0.6571264938532153	0.7453993658789086
0.2898218555189145	0.5248738468187424	0.6859667492876893	0.7436164550994873
0.623776177214848	0.5278109909789694	0.6217165566225595	0.7399962080547573
0.13682035007998605	0.5163130805319915	0.5611086800591913	0.7347355743072352
