-1.0	-1.0	-1.0	-1.0
-1.0	-1.0	-1.0	-1.0
-1.0	-1.0	-1.0	-1.0
-0.6040235513589751	-0.8070702013330019	1.8860812491741057	0.40617220102536833
1.1833834853704333	0.030338820968967672	3.356418666879118	1.6473782843982527
1.5640308528672149	0.5975111366416446	4.205464444434082	2.5933801767928313
1.8850035231523745	1.0220179798583033	3.4351966474440685	2.870940536682671
0.5870983629683679	0.892684625355801	3.268224405111222	2.9890816061974794
0.04404965635968883	0.6629127074547987	2.744158672819268	2.9227677120557036
1.049998973909259	0.7590951373804606	2.9992338406772125	2.941767610926411
-0.34491508453869524	0.505648913851207	2.001437287483511	2.7258969678355247
-0.12249447153130544	0.3716532127731471	2.388023349848509	2.653821679889032
0.6634595115148558	0.42978406941590097	2.470163054009277	2.6172346675941367
0.2395763348113995	0.39424466474942044	2.358342906811946	2.568862110107178
5.642279593534552	1.3174853443614545	3.5928122782586644	2.7489961471940543
8.254701080593595	2.470454928508678	5.32339724410449	3.1768631015510795
1.6918880383562835	2.3478341322835066	4.285597527261162	3.351483741135988
10.955508204711128	3.636016563403242	4.418059717705979	3.511102662520833
1.7117390076893084	3.3616977032860786	2.7158155790805725	3.397728812529068
1.6455300844462206	3.1281270923838624	3.658292484034895	3.4331915205425627
1.275366009933804	2.886893599193777	3.362687508455566	3.42401182324533
2.7445283993629865	2.8691279149474584	3.303596970486483	3.4089854845881025
3.469036750549959	2.9410071258772597	2.5721235553555766	3.308716847672831
3.1987591362737406	2.97070608941604	2.4828419211314463	3.213560875945727
1.2361209907441326	2.7782328804781717	1.7849764371550116	3.0550422236032313
1.1133807882135165	2.6000803073944057	2.2288124839525056	2.96662918006992
1.2254163848437951	2.458042248746096	2.387762961167861	2.906817886482416
0.7729226089463683	2.289718368586579	2.0274055598161818	2.8189750722404385
9.134903599757756	2.951457384965254	2.5025497128547243	2.7883853652625343
0.08256799612425025	2.6827673086750865	1.849330957255567	2.7004369187599795
0.8509513195843348	2.5163961296656785	2.4282520165945467	2.6757161885616094
0.9349086154624748	2.376978641212621	2.276375164080431	2.6405119526550385
1.3239160555037683	2.286793368749225	2.2281092903121413	2.6051933486375685
1.332428033414765	2.207328224086105	1.9818795217539256	2.5532934060009733
3.6679405709572075	2.325664375958458	2.225319480163251	2.5267219859228707
1.7437982408846295	2.279762622240234	1.9626251471122864	2.4822220881417856
1.808297049072506	2.243522510972291	1.974347565659735	2.443183322389244
0.9939992286477948	2.14987252773317	1.6529801870255936	2.3839587871347474
0.4202286183266726	2.023396429421709	1.5675927035490256	2.3242639648684986
2.0782939168808015	2.027315749168483	1.6668793753298967	2.277338069953681
1.3888354973434187	1.9827978149563554	1.9504409219512122	2.254545301697369
0.9551902489051196	1.9127746669115555	2.180219592698961	2.2494805627039756
12.11396590449055	2.5924715747064893	2.2303142489483476	2.248203894872078
1.1110725490112645	2.4959112528922875	2.3248247599212104	2.2531982092304097
0.9662312339732182	2.3983239627971438	1.7818823694649932	2.2231307210793356
1.1407837003096666	2.319767878167692	2.1676540405413767	2.219665478086198
0.4655635706456569	2.2063010919163575	1.6440129809725539	2.184438875841577
5.600848695879616	2.409878178664105	2.0183012080183924	2.174475965704894
1.7550976375280394	2.3713797813050017	2.1741496598915764	2.174457143894922
0.7169204002274718	2.27597330801492	2.1767802344436045	2.174591770927623
0.9897046200892463	2.203197592560899	1.8769138235823588	2.1577498393483365
1.1622950061793942	2.14539427783877	1.8592420516038008	2.1411733417313537
1.2936177361638381	2.0989531282771456	2.2011183808470425	2.1444422052736365
1.6480221110883413	2.074806176955543	2.2136917848274544	2.148151057388768
1.3059173487866862	2.0343537487688637	2.098967092567024	2.1455630461431365
3.3936384226697855	2.1046350386435355	1.9717966309506503	2.136578518055676
0.45392723823588566	2.020731525184672	2.2035152710770847	2.13998068135177
1.571604640483295	1.998283339667425	2.185339821099609	2.1422479706805064
5.6681108508131794	2.1787034452742615	2.320536681736431	2.1510131044879017
1.4653297950721038	2.1441969853384624	2.0587582319701596	2.1465505133695983
3.640936863782625	2.215446318079759	1.9406398296729601	2.1367483017664357
1.0286822312690371	2.1598352275440287	1.7907234094539008	2.1205342403704366
2.30784413643491	2.166664590747134	2.240595063964908	2.126074093523443
1.1480390502289373	2.1203776930416436	2.0276034451982623	2.1215994442013093
0.7940257865958096	2.061006620670767	1.9805216115871578	2.1152841891751772
1.4991082639600823	2.0362239887249074	1.8016289966098293	2.101450181021468
1.7467213943162867	2.023641036850545	1.7677272845919987	2.086945167398182
1.2932894386724612	1.9923492886069956	1.825670698048571	2.0757510700735846
1.9546256038625756	1.9907558380981651	1.863905909374513	2.0668024120349426
1.9469691101959818	1.9889319639020089	1.762500709064176	2.0541266898143795
1.0333651472880887	1.9496724370013658	1.6396774682527968	2.0370989260160157
1.5017426698735545	1.9315184149182505	1.766352806383665	2.026126211452438
0.8383282775873273	1.887802281792021	1.6506993886694814	2.0111134062961544
1.1445691883101472	1.8584717667148056	1.6410797969444775	1.996510823787276
0.3480952891901594	1.7996404161890802	1.4191116925715455	1.9740203242998589
1.467423152522155	1.7868658022791943	1.504820191741013	1.9559784073938435
1.973069676749363	1.793935021921611	1.661364502609378	1.9447930601754768
1.1237964096396365	1.7688104564347644	1.6800722882949324	1.9348680771328612
0.6030057091642289	1.7256421497896692	1.5874433765802056	1.922003101075922
1.5588832034169666	1.7195428847341914	1.5576522465040665	1.9086764837357797
1.061391306191057	1.6957591005251724	1.4132354379304264	1.8907724380078705
1.1106663946960933	1.6748669838326329	1.4265289790215867	1.8741953615035243
1.1668730845471686	1.656941560647307	1.4934217425957845	1.8607591046851861
0.5725626363530181	1.6191221743978188	1.6493566234849246	1.853385930320186
1.0807736343465777	1.6005619115924041	1.7026371932434992	1.8481883279777258
2.582866094001667	1.6340420031475151	1.7921402514424902	1.8462773798980923
2.058083715283996	1.648332091205365	1.7344642833986939	1.8425086059936597
1.2163500504672853	1.6339355198939223	1.6654848295959304	1.8366089806596229
1.2528724849373098	1.6213752115450806	1.6688044841881404	1.831077778743499
1.104489893885614	1.604523306183125	1.8152273897224651	1.830560817377152
1.097403446856366	1.5881673036954318	1.70653056610464	1.8265601312670774
1.936899954829352	1.599294412291393	1.6931078144648102	1.822301241275111
0.9994465906626833	1.5803552376764185	1.4959213872017463	1.8119963195697006
2.0174597315910767	1.5940121996767775	1.5984674732196145	1.8053246380365668
1.7947205565224311	1.6002183718177077	1.620269981319041	1.799602108992402
1.4512385051760428	1.5956583103683002	1.7450368720709735	1.7979317604446061
2.612052008395225	1.6264523599640914	1.5758861325430926	1.7912039060450171
1.1879083028386352	1.6132984098236718	1.5663574662969117	1.7844598295920093
0.8720174114540085	1.5912838137664962	1.5894531280558546	1.7786685001201157
1.025635650239753	1.5746496288166556	1.6403029907014912	1.7745993290146869
