-1.0	-1.0	-1.0	-1.0
-1.0	-1.0	-1.0	-1.0
-0.6246140400373787	-0.7833792556237872	2.144144288756909	0.8143642781007543
1.7939571891367256	0.4723646393825134	7.592776863500447	4.11697939761243
1.9454499084381025	1.0921099984023135	11.810311468409687	7.353660289379473
27.863827298312934	10.99251739035194	19.20521301085356	11.736463819797146
4.889058735335734	8.980108524672431	12.809139262004201	12.090140051552002
183.52420339169447	60.88472484457214	17.288560473266482	13.636004746878722
14.784410305518282	48.40284418810175	20.971980165127757	15.62225390656366
64.3083913814096	52.35503176274544	12.406376339411269	14.823178366601184
4.016373799580592	41.257989585790476	10.914970074872143	13.925975392833092
8.378202546819626	34.24406527919315	11.204288469833735	13.345384287868326
36.57237528118773	34.70789215029484	7.543062777295493	12.189499702089396
2.2577919982607253	28.644730492055253	5.758478747370826	10.987892024793407
1.836101888435374	23.92851844841742	3.375759299146168	9.648754591701845
2.3933181313346905	20.349353750124685	4.50677790998702	8.794154862200182
6.518594591761723	18.171071915624903	4.786088760667186	8.162902831505424
1.7079808163993517	15.707288463931906	2.7554309714376415	7.353647911664277
2.70263576086074	13.853388230516988	3.60964925767568	6.819915512677171
3.004915949566845	12.376909866690252	2.893112631772111	6.285477077563787
2.5648771684600984	11.099361835340158	2.7924385158513187	5.830675868106841
1.230479031688695	9.86778952212896	2.309108890377221	5.391207431247586
1.877406458444249	8.910416454121574	3.303523016020776	5.141070540821668
3.0604607098476304	8.23638907930724	3.1543025691120787	4.912157101111039
1.1616631888566746	7.451362420904093	2.9548690306263534	4.694973136649235
4.6036053524143545	7.146630614226506	3.0505755699735904	4.519010216877134
1.3970555545190528	6.552550914845676	2.709952884773114	4.332088605364501
0.8513031073517958	5.983061770331349	2.4542958407848228	4.144518755011942
0.7918856748189298	5.481219220857322	1.8211517702547315	3.9199138423400903
2.7418906542345862	5.224663558768228	2.162930601992113	3.7553611592029323
0.8308437707436354	4.8256034665951	2.0635677718520062	3.6017074533690945
1.7316542416509333	4.552853802539794	2.3207807524096538	3.4887865635605477
1.6940173181537843	4.30802088924439	2.7159383518384708	3.422599701490892
5.761943076116543	4.429083281085414	2.700188879673786	3.3624485746833495
1.4693961812213048	4.1892962944233005	2.7112206637726732	3.3096882655913937
1.14283376850456	3.9489659320563613	2.583858224854382	3.252429424004447
2.4352296520115053	3.8326086411677167	2.3953281717060673	3.1865464369957595
0.9595160670273986	3.6172747823186766	2.221291398836002	3.114202737685792
1.2998440081823062	3.447818397505581	2.1352546841690834	3.0426198091684498
1.1873442173188122	3.2864581446352155	1.839801165702478	2.956758688952909
0.5556471197460959	3.0960523881049085	1.9422768362214735	2.8860241133847357
3.3825603432448093	3.1155761951957333	2.4205287737627534	2.8543048608275616
1.4224498698268495	3.0027652392961484	2.1930115967314707	2.810244063139266
3.530310323016769	3.037151445095496	2.7106102496547977	2.8037496139476112
3.304245557511633	3.054191054378691	2.671729507488697	2.795327252116162
1.9723082399654968	2.9866078114386623	2.533571477791584	2.7789758753673954
1.893374023683617	2.9197083562052786	2.515968432547848	2.7628816425393725
1.7971356968182675	2.8523862171966328	2.6873906567163925	2.758354496213437
4.857856615930332	2.970301081929956	2.6194914294245937	2.750190164033083
5.683071341882589	3.1267389938999948	2.324723175752812	2.7256559941249727
2.237663068439702	3.0764363995029944	2.6378479453760395	2.720688547257451
1.3014398422452098	2.977867775900451	1.9136356157451377	2.6758720596468915
1.6732683458306772	2.9067374671519888	1.9760141503026007	2.637714182593763
1.3066536300065645	2.8210534339960898	2.4847010182850813	2.6295211861129806
2.3828458759284046	2.7979985537645318	2.176784601404932	2.605701933074136
2.029182420339376	2.7582474222064137	2.3401226739563334	2.591970492990845
2.1296325737278403	2.726295401451702	2.337007872232325	2.579010735042911
0.765304162137592	2.628281058782476	1.9391117034982628	2.5470274178460883
1.012577381767096	2.5488479131739767	1.7310489265194127	2.5069112703869427
1.7842586284335447	2.5118646853306497	1.9450812573964305	2.4797356592933326
1.7626787808435438	2.476200936117941	2.1490403026309033	2.4639933984964117
1.6601889340561335	2.4379631318239015	2.1039783009702018	2.4471235745816964
2.6337672081577734	2.446997182116009	1.8233060578276508	2.418340963862253
2.572641005886872	2.4527063278715215	2.0972549209041227	2.403750514356463
1.7186146157025157	2.4198466135082852	2.1351828491795004	2.3917288719328678
3.806913050516041	2.4810225280284737	2.5838226448940835	2.400201024161801
1.67364925722524	2.445929839446591	2.2987305295349962	2.395790956746856
1.0552253423322857	2.386345053471335	2.207301435586644	2.3877150510777283
2.489518461742689	2.3907037723805242	1.9986323779040207	2.3712799157592594
0.8939917055315565	2.328357659166715	1.7573049094933868	2.345704506064274
2.5191762885394495	2.3361978817813043	1.528188808055467	2.312117228601067
0.4781521176294412	2.260891343262373	1.3217185402780953	2.2719764054086804
1.4375703446751213	2.227967208311918	1.327538468431722	2.2342088178321746
0.7505844703153122	2.1696640934108933	1.4551580595231028	2.20346453659579
0.850182981942865	2.1182686270565227	1.3563533921257984	2.170468640925942
1.204965754442057	2.0831498121120577	1.2818511449363905	2.1362990257875434
1.7523050689593007	2.0705890960566156	1.4473030461074718	2.1101408449790338
1.0781496563813788	2.033381107300615	1.4201626047549225	2.084272489963247
1.4537327416969283	2.011917607199634	1.3133951621233666	2.055728048293069
1.7566938860381471	2.002581790535245	1.5150179833935775	2.0359499900678353
0.8508170973342581	1.9609606208368247	1.3773753346583861	2.0121509594758815
0.5507637882458651	1.9106070571622098	1.4833674998983812	1.993269459012983
0.775716625158855	1.8705604874024777	1.264862884885812	1.9675662900172952
1.292967932213113	1.8504155939401605	1.3180747565923774	1.9449138113996054
1.063187847179225	1.8232752026976238	1.5041834643305134	1.929719108304722
5.338689853515509	1.943093153285988	1.6238146972599319	1.919292044095
0.7065520176994524	1.9014202123725434	1.5539923266235656	1.9069809081374238
1.128054071009942	1.8756460750363297	1.685791310355611	1.8996089674378114
1.3461218831932746	1.8581924805652101	1.8086462546786626	1.8966106326550425
1.1817438134323224	1.8361381865255395	1.9611698324008464	1.8987149189540151
1.9659568724242882	1.840324953331637	1.9806256793568866	1.9013565569247648
1.0073584785515468	1.8137456346590812	1.9962882174903513	1.9043854702953813
1.7757421956594968	1.8125457489055452	1.9503789885788567	1.9058376393556284
2.3180675586416877	1.828340001504034	2.0738547710853723	1.9110867905857187
3.7863958826760777	1.8888878146420116	1.949956113604769	1.9122887512139224
2.3124039354155714	1.9018500680393515	1.922646934228898	1.9126055398518353
1.6073728364362965	1.8929280990440045	2.0803905305222523	1.917689131125023
3.511401118432449	1.9414738158963005	2.4622634617004557	1.93402338712633
1.4802860993423392	1.9277774956290803	2.3812027326970977	1.9473037962787845
3.0118055381716022	1.9596559662378494	2.003473790807206	1.948955975267423
