-1.0	-1.0	-1.0	-1.0
-1.0	-1.0	-1.0	-1.0
-1.0	-1.0	-1.0	-1.0
-1.0	-1.0	-1.0	-1.0
-1.0	-1.0	-1.0	-1.0
-0.7887832484450605	-0.9218902645122078	0.8044929246482182	-0.3326833028335684
0.2687815657027828	-0.5293067836347956	1.034895693939598	0.1182292553677422
-0.34092685539370093	-0.4732878396252421	1.3779211954065875	0.4928268934207285
-0.4477672293100302	-0.46637806392380365	0.9045658751086951	0.6043070082979616
-0.49620558035296813	-0.4737895654294719	0.9062286730154234	0.6793279886663572
-0.2534697815632919	-0.4232111264253634	1.3121308394166418	0.8245994469298501
1.5742768125181987	0.002893479292044532	1.4468128670776341	0.9573301584313847
0.16003848285774502	0.03419831982134558	2.4619624399558044	1.257068739621936
1.5879782882278315	0.32451576811227967	2.00140427300911	1.396145015021284
-0.10346631631521963	0.24922457332546855	1.7065918573330388	1.4507593196344621
0.2650313804629425	0.25185156322044655	1.5995209398510553	1.475483371140506
-0.4027800287813178	0.1487499384060258	0.9363791551334095	1.3905765666119123
-0.16496062246680365	0.10180163182116275	0.9005493686489685	1.3172416498415571
-0.1697727113095262	0.06308686460672663	0.4591757387272186	1.1949185758557292
-0.38037493576081316	0.0027315888845906855	1.048872207614493	1.1750413899604801
-0.012006316577466536	0.0008126948888158569	1.525167860383653	1.2206286544908123
3.4347907368325803	0.4293514686120812	2.4398395009829357	1.3727787274172014
4.667205821339399	0.937113609464064	3.816854348517861	1.6656179071127952
1.7777219421643289	1.033968539369127	2.475352178763058	1.7589156984729337
1.1643590068994012	1.0484372568168658	2.0610921367879005	1.7924462926211948
1.2984357212598394	1.0751894265600774	2.679447121079985	1.8873630889475899
0.9918657359315541	1.0665799888168332	1.9865738933921588	1.897614232733206
1.3015627860691157	1.090052222722194	2.322770678376922	1.9400826972641179
1.18233694855692	1.098973560081689	1.8814560176459953	1.9344150781862202
0.6279428480014904	1.054858384582381	2.0866609627685513	1.9486737188729357
1.5123816233530993	1.0964124557450008	1.9517406182226127	1.9489527430627338
0.6434392275216474	1.0564805117214862	2.0448154299916927	1.9574042308259214
1.0005489981567535	1.05169070882329	2.189928277060842	1.9773181518201022
1.7663493473006242	1.1111972166591362	2.3616039686955257	2.0093161232764905
2.1758516895987423	1.1974533734927575	2.4028190440729253	2.041197029171073
3.9309608442565462	1.4130966302303243	2.19023186469966	2.0529547908710972
3.2311025753138622	1.552844060248523	3.3974709845098294	2.156305971740351
1.6235922311219775	1.5581469954751674	2.6037367109771012	2.1898409230478655
0.8917330032491428	1.5094172412909668	1.9450642230398212	2.171942498285582
0.476692717435526	1.4356979130473548	1.684740493628289	2.137164519617648
0.5690500531353127	1.3752709724150316	1.3568419227240094	2.082756660356892
0.27725570722932646	1.3004500709355158	1.141267777552732	2.0186017166488424
0.3294885577713349	1.2357557373352943	1.2969455282421283	1.9705182703380988
1.4270218937898473	1.248223094866649	1.3786059602257041	1.9319365967783724
4.010224755257258	1.424428856521125	1.7839166369772657	1.9224938030823666
1.2858745327004901	1.4157738356459175	1.718629293345701	1.9097590137580749
0.7193694212105681	1.3731579256084059	1.4526356644342129	1.8817857987034436
0.8421502178205218	1.3413130309435939	1.6211882371552169	1.8661579409777858
0.09263484918064213	1.2678955146911508	1.0162270028749898	1.816185495048774
0.5469555084907196	1.2263216322747739	1.1999846437540973	1.7806516269292039
-0.07947690157429699	1.1524408056543578	1.0937347502600905	1.741786838246834
0.5986679509155355	1.1216887737384642	1.4941265545715336	1.7280339648129073
1.8769832606107668	1.1628699972861352	1.870093472289625	1.7357797213471384
1.5588453947032548	1.1840744292615586	2.1525830501050396	1.7580994720090581
2.671696321866781	1.2623400549694543	2.301126001648695	1.7866688199792624
2.5019674858586205	1.326434458770883	2.485269346102278	1.8227896352960333
2.187460519938085	1.3701993858312402	2.2550720258931376	1.8447620500093471
1.3849512048853505	1.3709365900071866	2.5364606860598053	1.8793344144725133
1.567498717117981	1.380599900517066	2.597117924134502	1.9146224922551465
0.9349691448732442	1.3590442239923233	1.7362812838968633	1.9059956776469624
0.6913430967022214	1.327259366676079	1.693602229794314	1.8958848577607013
0.5178884208513981	1.2893326168398773	1.3727829305572619	1.8713727323839473
1.0182770126892606	1.276826618905953	1.4601261029935082	1.852398494330735
0.8056929969013611	1.2554183484519124	1.3752412788558876	1.8307165926988715
0.736362255837588	1.232184209155267	1.3345300896379757	1.8085062055174514
0.8424124151345156	1.2149935144098798	1.459735133529796	1.793123841763637
1.1270885278820804	1.2111727557555132	1.6101729973239198	1.7851718712160318
0.7990758064671082	1.1935165627306161	1.4896362994883088	1.7725097902970486
1.675012365907374	1.2138557433333155	1.7039888486505963	1.7696152698282956
0.990246769809872	1.2045411772585801	1.7588426810903983	1.7691664570394527
0.810689068680049	1.1883601509455417	1.7084314379130543	1.766671716668435
1.3204116409758009	1.1937126085814764	1.4302088245159874	1.7530353188288403
0.8453086776244421	1.1797804193061836	1.7190413369360265	1.7516765064368691
0.9112670736278985	1.1691842075882102	1.6016934406271277	1.7457580732353408
1.6061154429594002	1.1862036686185218	1.6306761717525564	1.7412758182335963
1.577736211907442	1.201258519469754	1.4936576954215908	1.7317538943740542
1.4678956598256305	1.2113811929605385	1.3818991066166002	1.7184710364892113
0.9555498809058625	1.201789461939346	1.5422697525418423	1.7118646519095297
0.9732880080175361	1.1933284452643105	1.4605311059039745	1.7025582122180385
1.2181460054979514	1.1942365114021491	1.6864544021546535	1.7019695560493697
1.6778649104011816	1.2117126528947928	1.7536017228470349	1.7038347983601159
1.8499188548035472	1.2345000249057372	1.7463579816091976	1.7053524085687788
0.5045670682969006	1.20874280948444	1.524403593800586	1.6989667415785545
1.4270789544855598	1.2163569665973033	1.9022294606843766	1.7060550686949956
1.003386751511743	1.2090141061450397	1.7482919316558587	1.7075104302622472
1.1900863899916576	1.2083687853673517	1.63391389200698	1.7050017385395453
1.1752610950519942	1.2072528373350546	1.9267755094717032	1.712475527885709
2.492611442795045	1.2500892824459506	2.2767232145752976	1.731279678604504
2.8356919546721366	1.3023514596304842	2.05806523596669	1.7420504648343957
2.0678354760868913	1.3273078298577135	2.2387412514565064	1.758243483980935
4.253299719896347	1.4216763731240993	2.406258072783819	1.7791428518952754
1.5623326287478005	1.4261643012197123	2.3330144453510115	1.7968159931452963
1.6007802954579686	1.4316772385295962	2.391366102754429	1.8155875264171972
1.7370465076745738	1.441217782694785	2.339292238115789	1.831949715198872
4.745969779486994	1.5434088654416498	2.404108520458832	1.8496423828278172
1.8537989997281334	1.5529088669300521	2.5828014520658544	1.872082022096762
3.0582912750983935	1.598518541184871	2.312248982963626	1.8854179935276996
0.8292402707156883	1.5754440375966685	2.0321446277015673	1.8898189709598632
1.3667590191931978	1.5692464669646626	2.2423495137913947	1.900288383512196
1.736577919461578	1.5741670660243163	2.2824507648662653	1.9115264815316406
