-1.0	-1.0	-1.0	-1.0
-0.5160959592295404	-0.6601978615597394	2.013558857792456	1.1161504304924943
-0.08586159849207797	-0.32877053237153253	2.6189161795845575	1.9833386635027987
0.2974350404028443	-0.023667239889580305	0.5698895681763525	1.2946703694461679
-0.2540819101699563	-0.12060557793993643	1.5276618698338291	1.3926928180662803
1.3751679931190037	0.4325441562308947	2.020290824714917	1.6247837352926249
1.9030335111652117	0.9173881464321678	1.7247438387139549	1.657742289749725
-0.3239593779770268	0.5482452224709762	0.3266906513156238	1.2619237915046093
-0.3277727548275269	0.3110591440459771	0.6293145365749229	1.0906417322628585
0.5587137158327107	0.3725958089849235	1.1463860654260118	1.104492794007013
-0.19610922026998356	0.24203887250998646	0.8866036203102956	1.0544720902719389
-0.026053909505483364	0.18484926218651698	0.39242985002807274	0.9132450888301575
-0.04616180039718887	0.1388293913312677	0.5100808650629034	0.8329304650938445
-0.15229903009035373	0.08443329329185323	0.704992759047953	0.8090258528212064
0.9533986010877149	0.23730256987350584	0.35905854778918855	0.7298667388026723
-0.3124611556882514	0.1459314205475606	0.5992785786433037	0.7081627910732851
-0.06188274717028763	0.11320161188977029	0.7982514088143156	0.7223513164959041
-0.001616126938806084	0.09601844269897164	0.49697446919863686	0.6886223647895813
-0.05524619500885919	0.07445464984027694	1.0380674176417655	0.7384380608442673
2.2940370284120557	0.3765396900057356	0.539385301784516	0.7113467951203034
-0.5447053095609915	0.2565916591284747	0.44117560651454557	0.6761701625449645
-0.3640433409335969	0.17914044512905303	0.30334125853738003	0.6296435436603189
0.3907573426374107	0.2044956119799044	0.49644972343011795	0.6136849810027589
-0.27311219841253564	0.149466079083292	0.3021349840366756	0.5777886142416262
0.2844853872798019	0.16444845129107977	0.379412968445344	0.5557767694765945
0.004666713914754483	0.14735062098500995	0.31381736145248373	0.5298852946535273
-0.04925619074619314	0.12703643673342868	0.2539349137327691	0.501372988684968
-0.018002072081760634	0.11254885106439327	0.2621900941519397	0.4774814872892976
-0.2412177610624069	0.0783493573062275	0.29591772844203756	0.4599291750754624
-0.30618732774043045	0.042334978655251376	0.31569308471572777	0.44642048686140856
0.1142752565594336	0.04886880497851975	0.5951745135460922	0.4599307689371761
0.7993939187470331	0.11503216217438705	0.49855612750555767	0.4633359164218622
0.4220069041711123	0.14132194061113057	0.5360846700068842	0.4695663868781199
0.4677303714471466	0.16850067675084746	0.8952486546187497	0.5050112587699975
0.7743345567164315	0.21758428731421242	0.8357823150591657	0.5318098774174773
0.4755294137625219	0.237933446340576	0.8761073092924352	0.5589713093876665
0.10434106227347395	0.2276644718296601	0.5768886748619368	0.5603486175843368
0.5924727224027175	0.2550064220654866	0.46147024282030635	0.5529378808905974
-0.1460971613722496	0.225676616788826	0.3596783443443825	0.5388061434050737
0.6824395791516136	0.25828191028135494	0.5786285814384973	0.5416487910477779
-0.04319650716569701	0.23726127448931678	0.45510964997338	0.5356147768577455
0.020785282582500564	0.22251026499843607	0.5471377198962506	0.5364000833289393
0.07672769749832264	0.21279704096706964	0.4971642543775132	0.5337860139248956
0.39511147543796343	0.22468085696336204	0.6734059009673976	0.5428869645608876
0.0809669945704683	0.21551263391559883	0.6502140615924554	0.5497342909421765
0.24226955699369834	0.21718404389995127	0.7727087780464017	0.5636630390924535
0.4513063911073931	0.23151103377415638	0.8806898145519428	0.583063318986542
0.9307083526959596	0.273442986772221	0.9156775987870887	0.6030107724803377
0.9613015766732191	0.31388688884763605	0.9855710232218027	0.6255042471336814
1.0425748638397914	0.35590814706706286	0.7016247599194227	0.6298941777194127
1.207839930473285	0.4041102528291509	0.9745543359733464	0.6493952199798121
0.2286950535669401	0.39436941799987624	0.8349457979461679	0.6596997457635407
0.947985106899059	0.42455469359482345	0.9170570661228037	0.6737320924946277
0.3278787690967391	0.41937788288919986	0.8387365612950548	0.6825683603620818
1.2482220407425886	0.4629844530572311	0.8958738782012627	0.693790704955086
0.23881612778210104	0.45139366221698274	0.8273715348322228	0.7006970766373026
0.7205458438674099	0.46507436894211684	0.7915125329725317	0.7053131484770745
0.346555397084477	0.45915041058044515	0.8263350109932279	0.7113618956185612
0.5708454521765789	0.46464189161827085	0.9537813986597814	0.7232802528165292
1.517357085954941	0.5155623037507997	1.008839742568227	0.7370928824091083
0.6733437611726039	0.5230730524050449	1.030497582121138	0.7510597012407936
1.877188975340773	0.5865269552095886	0.9151705170930517	0.7587501051353485
1.0117549025493306	0.6061465458220434	0.9825291165726415	0.76907499936104
0.4325827554234487	0.5982598941492889	0.816752548587687	0.7712417049564566
0.3009404636446724	0.5849511519739834	0.6421758671654396	0.7654644369245192
0.930471643176098	0.6001904192464238	0.6265055593264977	0.759335902512229
0.1843587509786624	0.5821160613218752	0.7812919122988844	0.7602903063032955
0.728383694602615	0.5883827346092507	0.7938908178389741	0.7617297500454949
0.7813738074879963	0.5965352387724645	0.832889846531313	0.7647358999676412
0.5136960218601159	0.5930844781124105	0.7400017342978746	0.7637055161655466
1.272441626145366	0.6209962310337296	0.9148845514613939	0.769917031382668
0.7953861736002921	0.6280642473662592	0.9307421396776046	0.7764352651074136
0.8313612785574858	0.6361944552833134	0.8441452454365197	0.7791433796979903
0.5047937217553784	0.6310090793057377	0.8319439233859849	0.7812273273159216
0.8602649958556579	0.6399394524419653	0.9445659329350089	0.787590148301516
0.5856018465333317	0.6378499666332673	0.8152088623180271	0.788652056638333
0.6352225796579241	0.6377503028124576	0.8935536900325989	0.7926348205993063
0.36844417754219405	0.627653536899274	0.8685200262000825	0.7954796733855529
0.8464686585414605	0.63575563593809	0.8989116493986382	0.7993092886747732
0.647052806154585	0.6361689314090071	0.9786562851630765	0.8058693861337953
0.5604827960379486	0.633433709878489	0.8300318891083713	0.8067423256957349
0.5380458017922292	0.6300273979575819	0.9008661052902442	0.8101027439870219
0.37964252586908387	0.6211918128916392	1.0082594000513923	0.8170945088082862
0.9694211018087588	0.6333365051634368	1.0238613092185642	0.8243054868366566
0.6364237047914234	0.63344252291449	1.0381999126874462	0.8316791221816213
0.6010531962515606	0.632338432936911	0.9493562754757723	0.8356898712469487
0.5539895441125149	0.6296977001848123	0.8112776516618267	0.8348668194452529
0.9568772471788347	0.6406014463471441	0.8859931417693507	0.8365705976458362
0.9264916126338307	0.6500244883752129	1.0009639596124482	0.8419890192616175
1.2486720998951473	0.6695414703993625	0.9828344990232056	0.8465805554422885
0.9554535439453202	0.6787626430062457	1.049999389241556	0.8531411496280152
0.8165485396619314	0.6831589128528051	1.058381803840878	0.8596897889343642
0.560118169902353	0.6792740638743666	0.9991823210089872	0.8640939451565606
1.0610202455430833	0.6912013725671808	1.0052038875687246	0.8685027183797471
1.2787706139202588	0.7093705268302974	1.0660631043463735	0.8746118565923116
0.8909364344053274	0.7149275784263442	1.1570446939835861	0.8832561180906229
0.4579058308968518	0.7071404492202569	1.035460651482654	0.8878676942136745
0.9799402799808952	0.7153230235560248	0.9936898209932727	0.891041782005018
2.1019271158355495	0.7565021997645183	0.9454061653328147	0.8926561502735557
0.6980643958176602	0.7547837241364219	0.931639971845277	0.8938025467606352
