35.438954117834115	30.81507301644703	46.00657929210914	40.041730989197525
5.24166273216083	12.857174142366441	10.261935369009734	19.130067020402574
2.544352220160325	6.9060421598858674	3.742255170567419	10.250353991315935
0.4584157551123338	3.7645946941905137	3.800122178220951	7.107637064442386
3.486074718091932	3.6474177368255702	3.50836387027727	5.593377611422489
1.611144777109593	2.894386183221278	3.3096180233338908	4.748823156112084
0.8880260519111682	2.2328569286148565	2.3556336489966974	3.959749903015018
-0.2749001798090258	1.4871182597226387	1.2536187858549068	3.155020039032771
0.006678478420362177	1.0862820893580154	1.0938086297245664	2.59693713425781
0.21199207089124306	0.8690397919989956	1.3649829739721424	2.2908229142581704
15.991220493214545	4.340617363653251	2.1061219528646893	2.248421088540564
0.02899476841906856	3.4208609013831826	0.8365771192186238	1.9472460426819613
0.9124685251483997	2.9211622534932116	1.7560316853065547	1.9091543799963553
0.9162729691223563	2.5465574198599783	1.2032034383586554	1.7772506299313
0.305142803749598	2.152244275396354	1.1728015546593435	1.6709145696171275
0.4916479840409569	1.8762518160218105	0.9416116294326984	1.5497036255712069
0.15928656075430125	1.6058375800919347	0.7475416870519656	1.4233668187718425
0.02843329306385156	1.3697713014203976	1.1169401065649005	1.3775088012285268
-0.5799129240407763	1.0918308456468506	0.16735736709517557	1.204993703320914
-0.0553066287964864	0.935705221583212	0.47574544964302357	1.1057427924026073
-0.21056804932771123	0.7864579895484078	0.779575344741881	1.0632751878620499
-0.27081270755809195	0.6545175240873675	0.25099142810429265	0.961907537951546
-0.1920572131586884	0.5530846135165184	0.6079532416099507	0.919498333936968
0.8479394088917114	0.5870577221784612	0.5555875918824063	0.8775688949399703
1.1331906147543704	0.64765830598893	0.6971296738342001	0.8575473339802169
-0.14655946346087134	0.562670698857644	0.47853357940168917	0.8169900706635616
-0.14199449827779675	0.4898606710135378	0.5543492619152874	0.7898527757732028
-0.3861531484314149	0.402357025957474	0.23014981596760697	0.733945030213768
-0.2134488388224235	0.342825611611548	0.6284947613732517	0.7237507597257398
0.17371675935130182	0.3269875613609481	0.5726447902383545	0.7095988273513487
2.9013394186550694	0.5607977580836796	0.691634925706744	0.7079671464073338
-0.40381613603537236	0.47576136956182435	0.638640538386271	0.7018557444943203
0.3717040771184783	0.46685008540549444	0.6296054289010489	0.6956684900384353
0.4299211252409316	0.46377530157278835	1.024940390374529	0.7230855765562669
0.683459094086267	0.48157392723679604	1.2286613768109187	0.7640466622135065
0.9162250262439195	0.5158629156021566	1.328892760510291	0.8086065417983122
0.9526962360810192	0.5494418489230664	1.21566590988016	0.8398968564093561
0.12347245335425838	0.5175160641404108	0.8332789415630137	0.8394009204026267
0.47406783669369745	0.5143388911868343	0.8337676228208437	0.8389888440083009
1.2811313649709315	0.569075203727843	0.9434804832095489	0.8464478432565883
0.8612042837544056	0.5894437325994784	0.7030504122916128	0.8364492916121467
0.6805029566176641	0.5956486704865744	0.7576854470123897	0.8310821643979951
1.0594284465899135	0.6265500608449679	0.8538881014678654	0.8326018782371432
0.5016138330418625	0.61840658317623	0.6296721393443321	0.8193746471137577
0.599891829398709	0.6172256884647753	0.7260852083402538	0.813423433906582
0.08961099282105134	0.5842665682045656	0.5650473639564055	0.7979078570858111
0.4832627265518741	0.5780859252754498	0.511439101276969	0.7803778132319861
0.09041472457643174	0.5488396076476376	0.7469481230584949	0.7783730003311544
0.3988853007662436	0.5400229525487397	0.677091718498976	0.7724181643554446
1.1904283807180471	0.5775299704398773	0.7701703029378177	0.7722888881446999
0.7808035680682104	0.5890312888330747	0.9558253208515615	0.7826735201916621
1.2340761801068232	0.6248525809213099	0.8891506239191767	0.7885869149000515
0.3927580526747707	0.6121982541363657	0.803229519689757	0.7893855135212084
1.9181519587817744	0.6821329132100289	0.8740472419487977	0.7939196310570533
0.0354668593148042	0.6481110041956322	0.760483133438906	0.79216041146058
1.7826557847365665	0.7067724696451829	0.7191910658952656	0.7883877215275696
0.5010148000197863	0.6963141262435364	0.7923254100158517	0.7885879478090128
0.9077661945405047	0.7068827391424386	0.7144078696948652	0.7848800885964033
0.7047914886853697	0.7067801891660703	0.5760647951575493	0.7746143119362383
-0.04996665704249725	0.6701759168563401	0.519052101433175	0.7622526771394029
0.29965279240329945	0.6525377947752165	0.4683372443646452	0.7482613249223797
0.2563338890484961	0.633971612423081	0.4618809782908111	0.7348414278441975
-0.16794450679811712	0.5969719616970768	0.3821718598055033	0.7185697558576352
0.684880209315555	0.6009666029637115	0.5391140802170173	0.7104152489681288
0.8041777125830825	0.6100628076674384	0.5838635852954375	0.7047504295181584
0.33934340621183656	0.5981231170115624	0.5956860993562518	0.6999405235736553
0.026250318767161218	0.573266455321189	0.43404233998551245	0.6883833260021688
0.4609259791816438	0.5684532801659796	0.4426188842747467	0.6778535997912385
0.05517143711006156	0.5467713329648711	0.4284653041854867	0.6673189940669721
0.6260356867192041	0.5500734244071424	0.37771223123907327	0.6552555821761199
-0.012945407554776023	0.5269419405695996	0.3829078759301323	0.6440663582972572
0.5009120196610026	0.5258870385553469	0.4792840250624961	0.6373878235139583
0.35684469388214146	0.5191272907673008	0.4489836577773918	0.6298538156017697
0.7522753000708298	0.5283284863830346	0.4597960615990684	0.6231429338133192
0.5937656842564447	0.5308774334324957	0.5715552363410656	0.6211335889600724
0.323210697965713	0.5228922422930922	0.46486870179494266	0.6151249221761081
1.1384676425371887	0.5462628816677093	0.48171341491591546	0.6100597859445134
0.37386198202200327	0.5397993156153429	0.42936252295318855	0.6032851771616334
0.13864836107875278	0.5249453515627569	0.4504927871421025	0.5976276039998347
0.6309052290103858	0.5288211593029366	0.44493502829973663	0.5920426269715333
0.5320222407957413	0.5289364463496402	0.45693089799122766	0.5871597756770643
0.8631629287669564	0.5408704184336779	0.44486337917002117	0.5820787797743279
-0.07472561605445993	0.5191479294207939	0.40110178414448394	0.5756924248740833
0.3872325162581829	0.5145469759097998	0.30499336106025043	0.5662512064886174
-0.04772237947622848	0.49516216286558046	0.2639254218788949	0.5558280550715216
0.2722937521198001	0.4875658146076489	0.2741687746228212	0.546227877957028
0.12982846514121182	0.4755094672234552	0.22473483466565947	0.5353929900067362
0.16890869244716122	0.4652912338966666	0.2547841685494623	0.5260409700228914
-0.24540321565012413	0.4418662338609376	0.22853076735169875	0.5162347834595775
0.3856343831532216	0.4400329253396045	0.1855763668053978	0.5054544825368927
-0.007544389685648523	0.4255975007972297	0.24722700824488442	0.4971259384048994
-0.037213326413184644	0.4108295141405378	0.24713905982646645	0.48914891152407414
0.820614334889068	0.42376781330083624	0.17126835404272556	0.47911244511347006
0.1278752229914799	0.4145227153419282	0.23808458801179855	0.4715815533298817
-0.02884096026039451	0.40081277897119416	0.24525240310906127	0.4645828228514546
0.2733620466403974	0.3969119887728203	0.1936117447592851	0.4562893096993612
0.25522424181214265	0.39261908578119353	0.1905696647893651	0.44823851085577493
0.22230041903407538	0.38751027443813846	0.3039189181912869	0.4439095326358433
0.2646012877840145	0.3838600314167202	0.2831234543963588	0.439134413309171
-0.22598740436663	0.36592633964876975	0.22989266396912922	0.4329813416519821
