-1.0	-1.0	-1.0	-1.0
-1.0	-1.0	-1.0	-1.0
1.274550000500993	0.3125550070126859	9.583633060205234	5.107406107800492
9.610062019982097	4.842536966274445	15.069166290668711	9.961029221874925
2.9203990934167723	4.033869545338672	8.70229499164872	9.431464131611401
78.61800228804985	31.615715071062972	7.501698912692536	8.717819688013947
0.8807761044655111	21.481913784181224	5.391480060383434	7.621072218564036
1.5599499043430156	15.557664576653806	5.337250281460808	6.941924977749075
2.765590527515293	12.094149075137112	3.8944651423870935	6.116810060253752
0.3047386924938895	9.164735262720455	2.414271778546454	5.196809201441519
2.631924988864061	7.665006118734352	5.8083691826952775	5.337203246219445
7.102333885456137	7.544976190093335	3.506374411843468	4.946650087848097
1.982771097265239	6.436924701217304	2.8642448217737138	4.531812270681114
1.6549146113614421	5.543426495939074	3.2851058591715825	4.298870338748553
2.0217311840485492	4.923884596792983	4.3189592079997885	4.302403910804828
3.562202384758793	4.697571630820296	3.2730492715721686	4.131324041554316
9.296420794824249	5.421869382112147	4.029723371974081	4.115322261051857
11.066258786308763	6.266580488336904	3.501073764172447	4.023396958750123
0.5443566921032654	5.450839432019551	3.0515865767324506	3.88485908195963
2.948749101371351	5.110304066974366	3.797284574816362	3.8729394399422974
4.776092034181063	5.066789602960927	2.652457943236294	3.714030511582978
1.32164542617826	4.599420210908082	3.0151933153660666	3.626820651110216
1.600388861349511	4.240089663689365	3.6308521663950613	3.6273046075114275
1.371103863713122	3.909527543144299	3.3973002567756785	3.600804607808671
11.24379298047465	4.723356047737644	4.2695935559642555	3.6750158515488653
4.351381441852139	4.683553040550378	4.650041183179267	3.7793528995736807
20.38930617895344	6.306370027215592	6.1980754806705365	4.029271424701779
4.67413950448996	6.143328520594842	4.712894740634584	4.097557121270788
5.409351666871226	6.072372938964979	4.935254912341113	4.178538894153651
4.368589216271568	5.9128021956471635	4.358697087737518	4.195411539730682
2.9496876767758855	5.643683608459029	3.957880306245083	4.173838926898266
1.979423256331664	5.320657415527525	3.8438983473272783	4.14475289662186
3.2161718165436657	5.140427875934438	3.2084260353122422	4.064565514509313
6.059561287200324	5.216960355371069	3.7396543953943295	4.037512075957285
5.479471685228528	5.2382300213582615	3.4634617090697644	3.991004820496486
2.298356463723478	5.006308182183169	4.120955679176417	4.001257001398231
3.561607035335478	4.895257619485936	3.5250135975986296	3.964649976559218
1.4241038404796815	4.635099728511208	2.883685377306913	3.883633726718087
1.5531811789628094	4.40974162117701	2.7211365507721346	3.7986286883183045
6.011084604640224	4.524050061257712	2.7696839970942215	3.7251785857069226
1.4425531685702504	4.309192678702103	2.3807349673875193	3.6314373028324365
2.1644202295581794	4.163043740345734	2.2689621108714424	3.5385955741309516
1.420338158194364	3.980299965511758	2.371799461949983	3.460853120231783
1.4235169317494711	3.8136440413642987	2.4125062811390756	3.3925198408175348
1.5582058621237724	3.66975593845705	2.414719116154354	3.3301402338031423
4.183983050594675	3.7018788356133667	2.6715165723248937	3.2889972374641347
4.150515557505383	3.729333069506364	2.6857955566305445	3.252084845423896
1.122166189532264	3.572977623539156	2.821310268283087	3.226250701006907
2.692702565989507	3.521221334744303	3.0433811960967656	3.2154993855980383
4.3187314576132385	3.567211626286598	2.6726197060473362	3.1841939133666255
3.2195741855872715	3.547543284022348	2.995253191439453	3.1735044633673777
2.1001886674312806	3.46716881547278	2.713614141977692	3.14796601045591
1.9144842178378214	3.3825123688111116	2.8282635046200286	3.1305357830016707
0.8932286807038559	3.249211283476474	2.5896959614346606	3.101574229131521
3.3050396467345218	3.252148396684386	2.8769237291955316	3.0897550291346603
4.834227882226258	3.3339489831563096	3.0338336411686964	3.086863478263168
3.6741057740030243	3.3512390689039506	2.478001004723381	3.0559159972908843
2.68240293923313	3.3178091169548507	2.9497238424564216	3.050608160600981
1.9357726320513322	3.2498640807610997	2.5956788714474257	3.0282426967738294
5.017182033073888	3.335350271239446	2.6526123463319258	3.0100731771763236
1.0618383105439482	3.2271236189807873	2.352657637437807	2.9787778346934726
1.3384824220598426	3.1386219718615243	2.5696199306942735	2.9596043109371366
2.2984519619992554	3.099857653079127	2.336025943114642	2.930833368087724
2.222026222830565	3.059968815381832	2.391135147832521	2.9063094770316935
1.158189901139166	2.974840142971123	2.5637164804147745	2.8909738747275706
2.182939359946471	2.9399131880000935	2.516721396910657	2.874467077274612
1.7578454496943228	2.88853429221113	2.366479073341788	2.852387619415972
2.334570553549203	2.864799853309767	2.625541703460517	2.8426685572725194
1.3980460084770612	2.802841615427874	2.2808388584069696	2.818935983145978
1.6063860609948666	2.753002649145701	2.709954736088863	2.8143960630731457
4.6332597861360325	2.8302537670746473	2.821904596614427	2.8147051147629853
1.269926899666301	2.7670139643911504	2.5455610841492184	2.803797030920061
2.9438784945995615	2.774086972673258	2.2341467699522655	2.781017035681322
2.0008949856888476	2.7435739957292262	2.2602415636894473	2.760465381547629
1.8981820386257295	2.7106453809212603	2.180203205249499	2.737864021776826
1.7519506751615332	2.673780961607168	2.1368926104619934	2.71475481154438
2.0126108990297427	2.6486794707057633	2.083768083431498	2.6907992588003697
1.0008979273818053	2.586902186164052	2.1840858991800363	2.6718021869705115
1.5171657587197944	2.547291241782119	2.244678875829564	2.6559862642427152
1.4647310844152202	2.507694087056283	1.9088814949888593	2.628659086212298
2.4422856431510414	2.505329961472609	2.0231959933535997	2.606779270325534
4.473076963604046	2.5755906434055986	1.9479503058865313	2.58325433079511
1.2462962467205188	2.5286838574982675	1.687182084737692	2.5516343894262135
0.8874870893739324	2.4714445912018497	1.8031753958443102	2.5255305336130887
1.1094288928427365	2.424488021802732	1.686376505562471	2.496599922107727
0.5756633559350177	2.3614724608408313	1.532541775674174	2.463740633136496
2.416345582573703	2.363321281893459	1.84570737285968	2.4429118094582933
1.588131528002179	2.337486619631751	2.1609001482492447	2.433513182286783
2.160649798589975	2.3316576177037716	2.1070617868794854	2.4227527885246984
2.3269099603791092	2.331502526056235	1.9546512688696303	2.4074912340908807
1.2969515620525547	2.2981356685837686	1.976663330309568	2.393595530857059
1.654769901624293	2.2776064527377717	1.8589518352470291	2.3765355260824577
1.2261825355287268	2.2444095319180857	1.7606000017501042	2.3570883569769756
1.5157936036167698	2.221644191475314	1.7833288094257518	2.3391613967328344
1.827093074607102	2.2094436524078818	1.8872496452659475	2.3251871281521876
1.8204073336941011	2.1975366885157706	1.526445855715409	2.300740326777288
2.116687264617758	2.195087389493013	1.6509313489348054	2.2810527389196436
1.70479137527941	2.180380974665543	1.529751818479232	2.2585174984886063
1.0408505174266338	2.146539030646293	1.747634732649538	2.2433451062501533
1.4089254865223562	2.124848097191929	1.4755592140408709	2.220766897020929
