-1.0	-1.0	-1.0	-1.0
-0.8302244248847369	-0.8807819323526331	0.966388138749136	0.3808169637311909
-0.6566309201984066	-0.7514330432996175	2.0360758850085015	1.3360029092985122
-0.13947546548716017	-0.45327173044270197	0.22924913869855823	0.7967643849772104
-0.7796373300375186	-0.5905778339001457	0.2370004154328158	0.5612646362833453
0.4442061010840317	-0.20790594755601233	3.1386397702556277	1.5143998134428687
2.262052251017532	0.6064786276764613	1.2224161852690876	1.4181280204404176
2.653499120406868	1.2152061357519326	1.0776418192639476	1.3168763830686423
-0.12049239370168907	0.8535593580400782	0.9414040958782592	1.2152153925270817
-0.5908780043336073	0.49464786500414304	0.02201990668022802	0.9187320563969501
1.1568360610690802	0.6466653817015704	1.3673739050781943	1.0217260052874462
0.1909126516935944	0.5494440086104855	1.2447265289008382	1.0692963615863023
0.8127214860177983	0.6018916353151036	1.6810651115721598	1.1911671708292588
0.7882713152765468	0.6367160785906469	3.4103880682642744	1.6058195756676272
15.351458466890382	3.225353078487748	3.1210292032038653	1.8723770702586804
5.771712465008299	3.648559269241873	3.3737066169476204	2.12189875819417
3.4690060500355155	3.620281023623601	3.9527654751865295	2.4102526570619376
7.924289396672798	4.264398450893366	3.0292776655050897	2.5028933463707803
2.883744106174352	4.067577431114983	3.6820059307309485	2.6709842471593506
0.36947170083964087	3.564264616148799	1.9239038649141973	2.5693060150423257
0.9661553967644858	3.2259852284396873	1.712656440278523	2.457768509582884
0.6766148294042587	2.907840415805748	1.3779509050790182	2.323014365933864
0.29325609192442603	2.5945722746855777	1.6114462501682554	2.23775758935849
0.650598118617989	2.3705890649026133	1.2564771479294858	2.1246953801008863
0.14116467533920263	2.1232074810227592	1.2566438397978832	2.028375009292715
0.7254406275766434	1.973635465637246	1.2146467590667438	1.9413000140132661
0.6232075915492716	1.8341016298578086	1.239023193567085	1.8687371590958257
0.015241890362444277	1.6524184811570808	1.069286427584696	1.788881320424975
0.966063443545482	1.5860671102117516	1.118810896250967	1.7241042286989359
0.22509581639364673	1.4586033929089117	1.0631131342933835	1.6621982535490627
0.06051193660503951	1.3316244923709015	1.2882336823029337	1.6282337578939696
1.9613207928351066	1.38713614113309	0.8883566463823886	1.5630093117189001
0.3281292909938798	1.296442150918574	1.0344386836470956	1.5177425147724342
-0.029181274208223473	1.1860637629360244	1.234451358193719	1.4941542723745886
2.019885912542428	1.2536187027122425	1.2099259680496424	1.471127038066487
1.7079116891925974	1.2894572541362126	1.8815499847267056	1.5035047521319411
2.1775547281449006	1.3577240670163957	1.7745690904561422	1.5243413233555554
1.3512384351371423	1.3572379967933608	1.6831414769979234	1.5362432004227826
1.0747850771891523	1.3365839291527148	1.549053380917647	1.5371794614895764
0.42081951045066335	1.271213576223718	1.2029346545634487	1.5133200073170436
3.95684998633151	1.4584706037512194	1.083503850702264	1.483351473756199
0.8467575702651484	1.4167874002852434	1.5909697227239854	1.4906848940064914
0.4192332006465602	1.3503215448832155	1.7649919707102701	1.5089621129370232
0.7711130420238097	1.3125677683310348	1.7815492982839003	1.5267300216468294
1.5227376818109053	1.3259760630995365	1.666717396073663	1.535660952086336
0.7307344631663562	1.288792338246866	1.350184821302046	1.5240745197967014
0.8407422568996163	1.2613744980933035	1.5247876351703535	1.5241185616617217
0.5527116456412506	1.218875049272779	1.5391305576268377	1.525018943160494
0.55940318601662	1.180100796175239	1.150817647484749	1.5030176723604405
2.838187596348098	1.2757179376988153	1.1501394973065109	1.482669066687583
3.5677839450319926	1.405401872938778	0.8971548225475527	1.449541458572671
0.05960997672111934	1.33066744166306	1.2216586361787871	1.4368871373166425
0.890546923308374	1.3066709299420136	1.1788601707803128	1.4228189622899765
0.0227046367763577	1.2379146679192568	1.0785247992929214	1.4043824492836294
1.8328623410976572	1.269215272378362	1.1550572443561649	1.3912649383022262
0.49570600511282525	1.2292212660942932	1.2956594190360868	1.3863216822487852
1.9255407361359262	1.264614040905356	1.3531596886199178	1.3846358682886994
2.46831611082103	1.324777488658413	1.2514092002724784	1.377976853991683
1.2946939330543654	1.3232984237592098	1.279175116995261	1.3731193866794986
0.7141732012246784	1.2938346642556033	1.139326129968956	1.3618106688461102
1.3763066329934355	1.29776092606664	1.2196294627547957	1.35504269306997
1.086278483996471	1.2878510277403699	1.0206844528494843	1.3393748560006347
0.5365472036949046	1.2531865313929424	1.0073482412041708	1.3240555096793098
0.5907062598213313	1.2230831148461765	1.1477014746434344	1.3160419015591387
1.1704498179805687	1.2207271929336376	1.2054849270074315	1.3110931681351872
1.331668240151188	1.225620448062147	1.065879678804912	1.3002783439149583
0.4179679615353695	1.1905152292553254	0.7379704055609322	1.2758371793228487
-0.02973642245548158	1.1382336145411025	0.671553988449318	1.249946788532105
0.011764458016835455	1.0906496271719037	0.7407183091729528	1.2284362363140597
0.5331815522114411	1.0674283979684183	0.8229857756148509	1.2115474111796862
0.1502280851666422	1.0297455235101305	0.8410902031660803	1.1963276122486053
0.5127775630774387	1.0087928431755935	0.8384201763695858	1.1818216542674
1.510250623991527	1.0288462622645618	0.9095373057633629	1.170933241014759
1.1943470283792639	1.0353777866841525	0.9355029256929532	1.1616424762549769
0.19357560617044545	1.002588660708171	0.8141200788068237	1.1481064272926709
0.45637737206492024	0.9815855936338698	0.9149871060987611	1.139142452901602
0.29228154258696004	0.9554157209855814	0.7927611085281567	1.1259918930732429
0.001748932237933598	0.9196613645889995	0.7453551799449063	1.1117210518992096
0.6887684688925295	0.9111116043894647	0.7354816478577735	1.0977893125542266
0.2280488800753122	0.8861271049150625	0.8359467946605812	1.0882118545163193
0.7786946517132378	0.8822445105168388	1.1652933396880458	1.090996894330181
1.6678551074747912	0.9102954052036263	1.0965321118554918	1.0911941015522078
1.176733700298334	0.91969682588642	1.1168193369586978	1.0920980534450244
2.145077526145457	0.962432934499684	1.1689725462188454	1.0947786161231758
0.7201489222780846	0.9540796530185174	1.188926836788153	1.0980239568746777
0.49346720501119945	0.9383799540276287	1.0832563930427606	1.097520369690439
0.8711056805834554	0.9361126922297416	0.9342796824743635	1.0920189274672416
1.4598405349287655	0.9535668927235272	0.9885633487714973	1.0885711042278388
2.498538457811157	1.0044893195949305	0.9553628933034124	1.0841799788711
0.42816584053159645	0.9856994964353032	0.9001304714740939	1.0781791930227116
0.4332689310915241	0.9678824007888407	0.8933017681830389	1.0722164066563522
1.3128145564338976	0.9788888532326852	0.9361965123893461	1.067876150282265
0.5026036450578975	0.963851070929963	0.9237161447260764	1.0633246515974517
0.36505224017897087	0.9451417937862499	0.696314748328295	1.051857446210823
0.6208494087656906	0.9351137480000118	0.8591402397970833	1.045897997302394
0.8725334217930512	0.933198322663064	0.8585453827524685	1.0401636751695356
0.8137866449402977	0.9295805103306496	0.9486802788117734	1.0373920373853114
0.4600997543411067	0.9154983040532483	0.7735026829471694	1.0294764987927798
1.083914661581936	0.9204997403585413	0.8217058095372967	1.0233059456735871
0.3444762310789431	0.9035605404232454	0.8303706402036333	1.0176321575626828
