-1.0	-1.0	-1.0	-1.0
-1.0	-1.0	-1.0	-1.0
-1.0	-1.0	-1.0	-1.0
-1.0	-1.0	-1.0	-1.0
-1.0	-1.0	-1.0	-1.0
-1.0	-1.0	-1.0	-1.0
-1.0	-1.0	-1.0	-1.0
-1.0	-1.0	-1.0	-1.0
-1.0	-1.0	-1.0	-1.0
-0.9844604425192274	-0.9961387555053344	-0.8732902230456597	-0.9685153564192142
-0.9824627965681139	-0.9929991844202314	-0.9471688382806747	-0.9636148666864865
-0.9554766181995836	-0.984994866390395	-0.6421847610794962	-0.8950473579451053
-0.8526486667927828	-0.9586300790629176	-0.7698784235027805	-0.8701123623411984
-0.61941624730585	-0.8952493702680172	-0.7007384882616053	-0.8384655342067139
-0.8706689888876777	-0.8909251824021366	-0.6216570451974135	-0.8003243588747758
-0.9479517309536933	-0.9004030389637835	-0.71745853223272	-0.7865520327835305
-0.7271069046254779	-0.8731097103976022	-0.7031276227318237	-0.7734130986690553
-0.9103821410995802	-0.8786877119041863	-0.5504056763757963	-0.7400389102241642
-0.15888395962576485	-0.7760748861705101	0.1956957158179662	-0.6066436975224594
-0.41694349237380424	-0.7271971073465546	0.398232300287624	-0.46988006858641973
0.7795370895121472	-0.5310169962461366	0.8766356183707757	-0.29456075520684943
0.16958377428439309	-0.4435863514887822	0.9071004670431673	-0.14460088232130552
-0.045220178415195544	-0.3958557927933243	1.0650684677519684	0.00033657979806323013
0.4603241368030868	-0.29720706493711857	0.6785444851226101	0.07847952652693024
-0.38522691779784424	-0.3069738656300198	0.48497818442460994	0.12358570226633914
-0.36012562785489066	-0.31266149812089805	0.35514522958171435	0.1483645447729851
0.07262382474041473	-0.27285115815255	0.37871367980956916	0.17216606026174475
-0.1270203404308876	-0.2582843266438658	0.44740028200495985	0.19965881076545422
-0.28923674074305006	-0.26127665419456625	0.1740643632596237	0.19718439254300102
-0.2335158539430615	-0.25867655509304377	0.18864354332424527	0.19638467263334913
-0.22678587583254817	-0.25578006648969587	0.40358264273696687	0.21520317161492297
0.11404440346122735	-0.2231777076826691	0.5372268069592152	0.24359165447265752
-0.24257198691886883	-0.22483864708609458	0.4343843890400445	0.259931322372581
-0.32380803711047135	-0.23307938332180578	0.19957919258078105	0.2549060473211049
-0.3112472765177523	-0.2394122388799097	0.6161468852433971	0.28417333349691676
-0.01405562507225011	-0.2216340414208554	0.8335501496391255	0.3275131286945232
0.8938058711168995	-0.13589212267866013	1.289584654189286	0.4014659314434268
1.086339238198541	-0.04428744996868972	1.5783394880016197	0.489671121154976
1.4602693452462714	0.06572981812038603	1.2655468870314364	0.5464053095576906
1.2160174545689442	0.14784116862886099	1.2916452368803797	0.5996029587331877
2.2447443210614435	0.2940476977400943	1.3532691152065248	0.6521522831939279
1.7100894442481862	0.3905397198462084	1.305862943239783	0.696697585962679
0.764399628435062	0.41544972993805485	1.4156554835662423	0.7446011714075293
0.3372613096224397	0.41035333773884775	1.1810760586532019	0.7730515353022946
1.2955883183189845	0.466827883551469	1.3804620163816752	0.8118019327613617
5.740515576934281	0.7962669456718252	1.544669429465261	0.8575833301611488
0.4661385434006651	0.7760651489900559	1.4697080500047028	0.8950422368712727
0.4872604707104353	0.75874531425306	1.2707291511391543	0.917572992572284
1.305030490237832	0.7908650100530326	1.199932773385469	0.9341748302836184
2.313578476135264	0.8786752596247229	1.4238726897210023	0.9624145182246413
1.0354099732631314	0.8875431105334595	1.520731768614353	0.9940035608686515
2.491286630423768	0.9766028370704585	1.5678682169171725	1.025871816770925
0.7639214952027553	0.9650072861724108	1.3700571145802165	1.0446385257053792
0.9298648645153418	0.9631256900272858	1.5525987734700784	1.071840209436632
1.9731916266845544	1.0162660723117254	1.491020159605812	1.0938934480158622
1.2794377973752247	1.0298734436255907	1.3422246062172611	1.1067334984144983
0.5917164236522412	1.0076023181094098	1.1556129717365122	1.1092177875089884
0.25503591423631145	0.9699875124210147	1.2298487345450777	1.115247244348145
0.7768142925481178	0.960490731799488	1.1041192928010184	1.1147004255257307
1.9654084692715226	1.009099245585198	0.9815977543971939	1.1082621792564158
0.5283056528764882	0.986212063884419	1.084282232256895	1.1071208532087078
0.7553977136371925	0.9753959417546649	1.2152939081702998	1.1121895568985547
0.5584137090990078	0.9561567937418669	0.9932795614146239	1.1067032557938292
4.048036887440105	1.096653966565106	0.8966183636086356	1.0971571498343424
0.6550244066992001	1.0768853502567426	0.9860394841825999	1.0921830677710038
0.6786697657661407	1.0593223120793587	0.9995893668686044	1.0880993776878083
0.4250496420806398	1.0317535535293412	0.9500029867587545	1.0820973797015627
0.23364857037869813	0.9975588258425716	0.8308315624781002	1.0713320190532962
0.10278240935212679	0.9597620154974813	0.8915905034102534	1.063739688936976
0.5909697474674747	0.9443998688519308	0.9665126392690855	1.0596896932405793
0.38088563958761057	0.9212480739390296	1.007762315080686	1.0575564973745597
0.37244838141152026	0.8990055060617503	0.9807351591801736	1.054443318338441
1.1767753941729553	0.910113524311924	0.9181479995079302	1.0489929532627178
1.7616931538632445	0.9437203227109174	1.0145989150964336	1.0476358062017779
0.48748260115626296	0.9259491919991896	1.0917976502230622	1.0493559691060668
0.871549513181481	0.9238571247045733	1.0410723785613452	1.0490371447384281
0.45727878300383873	0.9061431293523243	1.0353693996877777	1.0485182058135192
0.4653651243492767	0.8896178746787489	0.9781655692483202	1.0458807028579056
0.4218457782762022	0.8722968727978819	0.9951949422764015	1.044003793284285
1.0152370321352193	0.8775252155982749	0.9967196987422424	1.0422742718953941
0.5639974849238085	0.8661952154361436	1.0218225015476907	1.0415349971002987
0.7087753895118554	0.8605739858727444	0.934024368344069	1.0376958123560436
0.8548624215085043	0.8603721268220004	0.8829622495770744	1.0322354673117413
0.4638852345370985	0.8465436690428021	0.9661516758402278	1.029930147207454
0.7612834324576745	0.8436040678092294	0.85337814897478	1.0238431913115629
0.47382016163157425	0.8310002603365452	0.88470420395741	1.0191006633966997
0.48753637049739873	0.8194248329571223	0.8098755686044885	1.0120491740881477
1.0790485004661523	0.828077101538548	0.9435319464367116	1.0097655657488387
0.6855734726040761	0.8233800054915605	0.9431794984075734	1.007570751674567
0.7466320671473825	0.8208775105725186	0.9466523386500045	1.0055843023251327
1.2120679577282338	0.8334942136908294	1.1150848250829992	1.009115931459649
0.9835889647408766	0.8382832118047963	1.118719914052697	1.012612883138035
2.4969157995614255	0.8906513274649774	1.2578565198608787	1.0203558484611546
1.6259857919128127	0.9136263565035627	1.1327021046697574	1.0238659869676154
0.538474327811729	0.9020255939552004	1.0859793950569872	1.025786457899541
0.6986364843967281	0.8958004149046153	0.9076249957304943	1.0221698280688183
1.113933599584116	0.902409476138508	0.862065040954699	1.0173190818604754
0.380018127849292	0.8867403095504083	0.8295103700013016	1.0116856789176452
0.8111692549317135	0.8844959997593271	0.7745330892949003	1.004642715771618
0.6073794877529064	0.8763467710541701	0.7234563995776435	0.9963738008017871
