-0.6870341857941057	-0.7267476390304745	1.932759961498983	1.5606106074872348
-1.0	-0.9186281172820965	-1.0	-0.2374751848460389
-0.9156607198629066	-0.9169157482886406	-0.4411320434054764	-0.3549977175111212
-0.34485020337521943	-0.6381908617651013	1.036474822568521	0.3229631119515386
-0.4256153118324182	-0.5487576266426213	1.7324209803572193	0.915939877878033
0.6019666450415451	-0.12321011627251321	1.7752138334263257	1.2337064160647722
3.3925838648878175	1.036003662422047	4.400025308552677	2.277692718835799
12.900243077412133	4.564104208773749	4.927872322014988	3.0657835477227042
1.6941578957715753	3.78705239699853	4.20732546980802	3.3748611306550584
0.15528638154687502	2.8846369816517146	2.072775030198078	3.051320807094898
0.8886564159054986	2.4264223459711367	2.3990531199069034	2.9015805510530828
4.895325951202726	2.9530891557692676	2.7187973607800973	2.8625890026801653
4.599767211515431	3.2811257848817883	5.0361137351394	3.2955792256098917
5.711825207456912	3.735292747141303	4.759713046650246	3.569147378248478
4.298943777585352	3.834450683674209	3.7531375284211252	3.601514871753597
3.4295582996007887	3.767156427116375	3.220387538114684	3.538170423664389
5.881395490528772	4.100138912924848	3.678980332922772	3.5603469141400605
3.7187729048084073	4.043065728106839	3.7940329036192812	3.595319326280613
5.298577559024588	4.222047849065347	3.479161092851764	3.5787605846602233
3.47713379280853	4.120664310503725	3.5638835868126257	3.576735152820376
2.903359779207898	3.962169211318617	3.3292249795060442	3.544509460559313
2.220106404170425	3.74477122950473	2.5154636011749196	3.416091376465358
4.0477752722484	3.7810764671287487	2.0597847825925535	3.2535849025763426
0.7668701578287098	3.433781822726451	2.2421372778229647	3.137046944253192
1.113571587858682	3.1763267224450367	2.5255179987146468	3.0691912721720715
4.404017591523904	3.307700205819751	1.968709971238214	2.9514310946427327
1.9680563762714143	3.169280942583338	2.2971996744795384	2.8838328004374283
1.079484662909215	2.9605342264638628	2.232014149802096	2.81872350177508
3.489786480787905	3.01169876450538	2.287324034601578	2.7673523080053486
3.9842641148472318	3.1027858471772163	2.015815543706524	2.696966027352339
0.8221078375575923	2.8956476228375583	1.77160000126772	2.6129213650033423
2.8738697859489606	2.893728347203744	2.52191301584714	2.60489895679407
3.734860936533675	2.96576393122854	2.7037634188485042	2.613365983298435
2.2200878995821562	2.903675495210919	2.2710607218378125	2.5848643402776745
2.2681742471131536	2.852188704108926	2.4467573448347735	2.5736753742273235
1.718335510156586	2.762741264805554	2.114931298469837	2.5374863535668206
1.7421535499188354	2.6842910403616633	1.9609242033856762	2.4931675846433365
1.3907430136751064	2.587341522906475	2.0849335016449477	2.4625711843913667
1.5975134537550115	2.514962582477638	2.2327202194429363	2.445763737084908
3.8094794266627163	2.6073694338326256	2.3538837391193943	2.439204882409366
6.142821532552562	2.853879568449673	2.1902151499834686	2.421844362050464
0.9357652543125408	2.7231755351818245	2.5635896566459992	2.4315029683101836
1.6380456749666878	2.6508746768787876	2.701920537566773	2.449521029053673
5.346040490923415	2.8265512350058715	2.526958640451803	2.4545689172624208
1.8622728575617513	2.765033940387202	2.4673895665113807	2.4553868202460065
1.1651913137741645	2.6650949033063336	2.3871842597380137	2.451126725157727
1.6601551680147368	2.6035984736178164	2.32595149340931	2.443466965145827
4.641217637483923	2.7257986607696143	2.7705481828103173	2.4630833598056734
3.151971510024847	2.7508568663994577	2.5010054684022234	2.4653137103871057
1.9355049380795721	2.703839358966271	2.608285537046995	2.473559570460104
2.4646518926615673	2.6903064945660335	2.43037707705301	2.471116503968882
8.307866570002451	3.0022623620464026	2.318564731861484	2.4626452996672086
1.8788495253147643	2.941010940652774	1.9681155079181822	2.4356825417113828
1.2215108570589646	2.84893154992808	2.123852269094678	2.4189839611496646
2.6057166851498046	2.836135052204792	2.3362828964618076	2.4146323331197377
1.0312047956543204	2.7428116245133043	1.9869758197812666	2.392520222113035
1.217635945044496	2.6652888698901807	2.0223295477456933	2.3737039509659184
1.7733056017768782	2.620705074506262	1.7478018780955349	2.3424194564687513
1.237857589699019	2.552719684203233	1.8402247748700358	2.317729674680397
2.0310241056809626	2.527484990824369	1.811490512081682	2.293242614427523
0.9018977504120078	2.450101994548975	1.6273727335005175	2.2615453368047076
0.9939029839965872	2.3818646193143684	1.7515597543472157	2.237647258322863
2.079865396149143	2.3679306036999908	1.7446457449200028	2.2149005456389435
1.122618119036435	2.3113431275831107	1.5502718201868877	2.1846996393370843
1.133073120292965	2.2586007244971475	1.6490786487493954	2.160723857541441
0.8307858120965934	2.195627591973186	1.3412230706030734	2.124580190975438
0.5518394286233226	2.124179490860635	1.3149597031298206	2.0893898830399653
0.6314774660367848	2.0602244967624186	1.4531816190445435	2.062131282616593
1.1553450663367286	2.0220007549314762	1.5064873914303138	2.0386598803034017
1.35556644851017	1.994240519186322	1.4832960197753118	2.0155263405320842
0.8410352724585748	1.9468614298262485	1.6827373292286243	2.0018541557090885
1.6834942876149857	1.9361872545262253	1.6158531382873682	1.9862096305922394
2.028290844055866	1.939871006075904	1.7055141964069058	1.9749851731464054
1.7829924389319785	1.9336805192301982	1.8806108620532305	1.9712613601550713
2.685149297867282	1.9629514306761315	1.976258138518149	1.9714560752040997
1.7159973105960344	1.9534550416554977	1.9451664405044573	1.9704446976233245
1.5615468101829215	1.9385757699108273	1.791194428016071	1.963639115163475
1.0640310533121022	1.90578803278804	1.789139844954816	1.9570970071601637
1.705664864678321	1.8983773645095035	1.786326244650331	1.9507732053366738
1.1979359508837284	1.8727569674751305	1.7603165570619836	1.9438065459377425
2.1228176001016545	1.88179262401008	1.9079521507955142	1.942510247310862
1.3447344392266682	1.8626160579050506	1.871480340075796	1.9399739315955626
2.2228270754263337	1.875325860910794	1.8329619327155648	1.936197117624931
1.3339331461652542	1.856443815970806	1.7711550569163648	1.9304408003210565
1.375154982250669	1.8398509797722813	1.856509857031984	1.927891882065059
1.7856746102076717	1.8380038505793643	1.7964254205301229	1.9234103942034895
1.4852427769089047	1.8261150623038453	1.845122386051072	1.9207716172659097
1.6500264701219765	1.820246317292992	1.950207750306307	1.9217523233048341
2.437256500752152	1.840583405610213	1.8647481998157303	1.9198734414591878
1.258241891697291	1.821597292661545	1.800116389862679	1.9159686643252316
2.5213775267064644	1.8441664456473603	1.8617628047401449	1.9142202657772835
1.3797915920897528	1.829348573076241	1.774308201928592	1.9097556613462983
3.0765537676575034	1.8687264545926734	1.7628601162085404	1.905117422335194
1.4645118476137617	1.8560967976355958	1.8847565498958683	1.9044810160680625
1.2722480316081115	1.83804270491046	1.7767865010244286	1.9005322821366288
2.3986029352612697	1.8551991206196017	1.75230137327048	1.8959948917559264
1.8268376624961364	1.8543395462842986	1.8120562273037804	1.893451449226636
1.3738520185488556	1.8399270454532464	1.847408960482936	1.8920700403428472
2.0031131282312056	1.8447733359995637	1.8863657427384033	1.8919006198275365
2.9451133856035328	1.8771304179140649	1.955492637166747	1.893770252782689
