-1.0	-1.0	-1.0	-1.0
2.311567507051416	1.3254152018042666	3.2524383971310886	1.9861039741356752
-0.5782564697217782	0.22687964726562293	0.6414265116122244	1.2101423595545793
-0.5184409800915784	-0.13625945181587407	1.9906196238097769	1.590411044810223
0.10108424091946322	-0.03640593100859291	2.343863896907771	1.9073982686357716
2.3655817275480184	0.851869319823769	2.036631381088992	1.95518942798435
-0.050050504490274816	0.5544919246602213	0.4418343907456952	1.45621206037332
0.6543611214765199	0.5841899535814281	2.08895989999349	1.6443733669366818
-0.3109597246384669	0.34182388754896076	0.5744033807928086	1.3546738371930127
-0.49995520191444787	0.13265994906256462	0.2278792845612263	1.074689683499515
-0.3102705659551518	0.030976973858994894	0.740662031169907	0.9980073916724943
0.8179077245433322	0.19884511643679814	1.0804411827034555	1.0155920548093857
-0.6136502936220951	0.03698723899929757	0.523826092552552	0.9176269043588949
-0.3559097473710372	-0.0364238939747662	0.739994904986184	0.8844370866107738
0.26260278826468597	0.016181041667209684	0.9459730762788179	0.895262182282502
-0.06479723656392333	0.0027223402818958853	1.0410267427503404	0.9194882270614437
-0.2215106548771022	-0.03259330330713894	1.2572080469657045	0.9726777013791423
-0.2207254375243265	-0.06074824154109837	0.7229118422236056	0.9352989361301594
6.010618319544981	0.8047656236882683	0.7469433256714391	0.9084476186775103
0.027547705057840988	0.6989861042390972	1.1292146816816486	0.9384938731141028
1.4223629439911827	0.7931713986887938	1.229191095489632	0.9763433334377682
0.3116010338947235	0.7330747314819623	1.3435711459700879	1.0221713135221244
0.4198236603832004	0.6955425940179967	0.7065010761473152	0.9843493746770193
5.287847984015116	1.224665526244293	0.6604792387298	0.9470334228261221
-0.34894782246628686	1.0500540499739137	0.3973039266213618	0.886034525117052
-0.1299746917970881	0.9237815886467922	0.7477128907072084	0.8712334652789113
0.24127725200139682	0.8532613597884628	0.8112794562008432	0.8650389255722242
0.039262061931627956	0.7719522883925714	0.6530636842999689	0.8438652103714483
0.49587163522549016	0.7452629129885644	0.9325722531056122	0.8524406718454121
0.4973264629598366	0.7220419971433174	0.7423636765567252	0.8421311792185504
0.5926558640732977	0.7102908965439918	1.0026176627748895	0.8567072357719381
1.666723549339029	0.7946062099150628	1.2344728667093587	0.8900095992803367
0.31653054958898363	0.753663398999491	1.0970684558250534	0.9077423301979901
1.0030745897771935	0.7744310346161665	0.5556282089531419	0.8784237088887414
1.1382517765028375	0.8039071891589253	0.8998033124981615	0.8801559964564911
0.0020720860717200473	0.7406516151366604	0.7818936552750824	0.8724042091794952
0.8542327340423648	0.7493826574242217	0.8183824290469426	0.8682519230960506
0.4760651964411855	0.7288980610177325	0.8899161741729309	0.8698758535316415
0.2680535055615825	0.6951999579960995	0.9476242035310363	0.8755611101374774
1.1800302948376657	0.7298087480831676	1.0056729189547378	0.8848488784115134
0.6916866440076752	0.7271505357903181	1.083504912627245	0.8986999928309003
0.16097905210220498	0.6885707054184613	0.873968306588284	0.89701499359868
1.1488338708726875	0.7192375636142763	1.1365543284665858	0.9129752383235568
1.0711298453868583	0.7421746125172708	1.226612497549131	0.9334187581589191
0.8288032728396513	0.7477013633472402	1.1822646254037568	0.9492943825658557
0.2588050818620682	0.7171610237861663	1.3498313433035487	0.9743154512586853
0.7092593800817533	0.7166776328666153	0.9573087694364852	0.9732749044854121
0.34510401199780594	0.6943940295770794	1.0043379725394614	0.9751380796698688
2.175715712896779	0.7814907121666139	0.9961765042388959	0.9763752875321579
1.1192280837335482	0.8009669021659036	1.0110264852231605	0.9783735644561551
0.6139589103982253	0.790386465611602	1.1280912794087334	0.9868448927072428
1.2759059432183695	0.8173486686966456	0.9838194314737125	0.9866771273977515
0.6082607656291035	0.8059487186747116	1.1331647055433502	0.9946643066787084
1.294408166102618	0.8321062276752051	1.1561108204259276	1.0033102203834376
2.1160927671348873	0.8996578118183751	1.1562295967960172	1.0113551757012433
0.7596114440782151	0.8924164598993711	1.2527382466106904	1.023835400364062
1.3557247209387495	0.9159661456880441	1.1976376476100725	1.0326698318849186
0.8129582776009647	0.9108175998188737	1.2500412286882385	1.0435345133196883
0.9245378354199021	0.9114921702278043	1.1482297669016357	1.0486817076280928
0.6727192037636767	0.8999424990414344	1.1037664168808812	1.051346095477668
1.8730506399385565	0.9462652007186201	1.1471373340108206	1.0559057797493678
0.4083057405698898	0.9210563631601334	1.0946219068177632	1.0577197608848081
1.6586270376777699	0.9550875853367613	1.2899681450427591	1.0684357649411176
1.1899984505355357	0.9657623232019552	1.0857972702646963	1.0692249431848349
1.121284833142103	0.9727239273202017	1.209216385960977	1.075491337475035
0.6373356240286743	0.9579317685431497	1.1478873390694293	1.0786843420573602
0.5761880160269204	0.9413390367489227	1.221724187347414	1.0849016925405661
1.501840215461963	0.965353578812306	1.4176130082804415	1.0991565814162882
0.9665240619636919	0.9654034042278232	1.3148282650896528	1.1082673924761104
4.435021327731017	1.1099326505400238	1.409348185615483	1.120809501360704
1.718889228756681	1.1349518155652234	1.10222598655775	1.1200461601543186
0.9917482687464625	1.1291479231262809	1.1685603016299861	1.1220125931021423
0.9785411166154663	1.1231252989700584	1.1514087292794075	1.1231882562765945
1.3813544403466196	1.1333160200750743	1.29820006065443	1.1300949049153366
0.8006217174631367	1.120357424236535	1.3424669527199082	1.138367541424885
2.2954330329082353	1.1655415485783487	1.2920838039532314	1.1442781457628737
0.883288816994712	1.1548254127957027	1.4807208973938	1.1570511464599131
1.2253826409300577	1.1574703005813545	1.360678159769214	1.1646849678084412
0.8608922064786861	1.1464886589220913	1.1696088858531675	1.1648675569616294
0.6631724212355481	1.1288104228071552	1.0678876472773333	1.161320433987587
0.43879624377707627	1.1038753689109937	1.0787644866821622	1.1583367452690463
0.5249935760558226	1.0832051635864293	1.0476249313099375	1.1543831653443677
1.384903948336226	1.0938504936216473	0.9755262740874069	1.1480714170535808
0.795711601422938	1.0834523842211343	1.0411714845650994	1.1443430265976722
0.8029815285359656	1.0737828122217024	1.1143744015158292	1.1433096596290282
1.2687953994821788	1.0804293900853938	1.003205250614871	1.1385341330899572
1.008200091633519	1.0779948246926434	0.8433653113932125	1.1285862772460074
0.2620722655168357	1.0508024814075214	0.6382143919900831	1.1122434222521602
0.5266318177424028	1.0335251738610163	0.673815977608007	1.0977922414781451
0.7264081528877038	1.0235122989479595	0.6685089612317261	1.0837964434064524
1.0362430859779992	1.0239227586526716	0.6338640602779426	1.069285100815652
0.729797510755344	1.014537375013548	0.5432214842104734	1.0524988061126397
0.21098874569460513	0.989166578565625	0.5003050887307203	1.0350640512710556
0.7774345428827127	0.9825508885400756	0.49911655340535965	1.0183184767666735
-0.03400905861399883	0.951116230676158	0.4225090627931354	0.9998943388082908
0.36614453884549625	0.9332119893737036	0.40337680393075526	0.9816367132453425
0.5604522219118235	0.9219180902096911	0.5146420171334345	0.9674877010380416
0.07853160965339656	0.896620727162321	0.4469802754037142	0.9518750637064608
0.2252702950161083	0.8766828056132032	0.43518276083609697	0.9365301606522782
0.05695996674041326	0.852577165736963	0.41348439483984367	0.9211488522559856
