-1.0	-1.0	-1.0	-1.0
-1.0	-1.0	-1.0	-1.0
-0.2599899570158627	-0.5729687699255592	0.8938070486482963	0.09284294338322052
-0.4862098937714199	-0.5306976303893707	1.3002989898973731	0.6811462616151356
0.2767669350195101	-0.1909870608794152	3.6296066385554306	1.921600882814639
0.05536214772093295	-0.09988501105128011	2.5957313748516366	2.170900118870102
0.16797740146068918	-0.011566463529499305	3.7826378881678258	2.7023159510240706
2.0930953342505294	0.6143023830881045	2.2399152919667813	2.564810408846293
7.882232720146474	2.5821288595446084	2.7627057748139165	2.618391397190209
1.1164877031546938	2.2179486969281497	5.162531407991616	3.2505552280390546
6.553605309724388	3.213278700878006	8.214561252942186	4.390134365959313
5.826431290309533	3.770716311972911	12.801861491900114	6.184524555959089
86.88046686939082	20.32706926397577	14.437196511408898	7.828544703099869
31.35928503977206	22.388390142000745	16.119780228974243	9.377725809352198
14.065908357263796	20.92428522614436	13.398430087979255	10.08505174014387
7.37016727128489	18.67158067798173	9.252209981021526	9.946631687293735
1.9996726698401002	16.0458303043214	7.234089018389298	9.51941849912518
27.65972932897913	17.783906973241454	6.67710333300462	9.094051566256773
21.915794562033888	18.372937680472354	6.31149755866993	8.697380788868434
3.481107904568402	16.346157991652703	5.113571752456975	8.209623857261924
8.787601146206487	15.362018569616051	5.97977829423874	7.919293932942386
5.29062454212501	14.10517437458181	5.118568943765459	7.569782006304131
4.005311945720921	12.895052727073715	5.3953468781531	7.309251179288507
10.80429726476882	12.654157860439375	4.512783338116347	6.987044291201408
4.623938133935453	11.76310811933432	5.244069696262958	6.793641307339441
5.918932955706698	11.137735546198362	4.94904290144541	6.5962558169190615
5.1689001051003975	10.521000931976216	4.198575863967342	6.348514089083359
2.031091647758214	9.672956404238702	3.363524958186913	6.050347838649999
3.085278663431188	9.036111056979822	3.369524589562995	5.791186929917594
2.9610222639674393	8.467139363881268	3.201368165450714	5.5486333843424225
7.407625794206167	8.370910666836213	2.6550651832483116	5.285830462512074
1.8366494770674255	7.794876643830303	2.7892748678291577	5.065744134060163
1.6339428831278817	7.267249038910853	2.7233873832512248	4.865142988475469
2.5189543426458916	6.871881553386025	2.9347895771021855	4.704412286147854
1.3137413762510515	6.421572862086853	2.6976911502832523	4.541831903586684
2.090300013071308	6.0798854114941685	2.6917561047841496	4.395882377045626
7.230721260388147	6.168349134174663	2.631104518058547	4.26022767606914
2.6080725506811557	5.901511926504849	2.745922453758895	4.146733262274963
1.7916215801081448	5.600986132358589	2.776907267943928	4.046568229044338
1.7568410160984294	5.326578135997992	2.5712779514163535	3.9412573128070383
3.340810492081716	5.188120113839051	3.0215765997609623	3.877132249705854
7.5459396837743	5.3487863922004815	3.0100825106474645	3.818049842511881
2.3815310752696166	5.151081248588749	2.9519570901231766	3.7603431432032233
3.262551147847372	5.027983780928579	2.972017475982611	3.7089590127141365
14.771757576430549	5.649602855214239	3.0545620256055086	3.6672118488504015
2.6947212916289693	5.465016741658712	2.9309695139944907	3.621220137296458
1.6737246091842821	5.233011138551026	3.084642025076554	3.5883846794345136
2.417259979997226	5.064147196247203	2.4937310838395255	3.5227373836799023
4.578389910111351	5.035587438293396	2.430692161932438	3.458529715259095
2.9436792104555076	4.914954930716974	2.448122888419783	3.4002635181143743
5.643822001410878	4.956194257125932	2.4173587672245427	3.34465190251367
0.940660907673782	4.733203609811647	1.8326547270143427	3.260688091060185
2.1797062911352323	4.593979882738317	1.986190718543131	3.1911993431004504
1.6240187622291282	4.43493855264517	2.2847805304309947	3.1426609356827067
0.8434103283751437	4.245983970057816	2.0036078399627417	3.0827338923168126
1.85073417015805	4.122138520166782	1.9092789208308156	3.0220608762398147
2.370752253047633	4.033117366182803	2.1783165812866208	2.9791740662189334
1.427330739603109	3.902874487049144	1.8647543882018573	2.923472792954268
0.8848808662361252	3.754500474477462	1.8289774134722916	2.8696640719828017
1.8546115649965733	3.6626017822585615	1.7747416523512989	2.816702105524044
5.008484123924061	3.7266693061594687	2.082623524235707	2.7817571777383807
0.8806334487211533	3.5933045983053082	2.111024087628447	2.7503266808600557
6.433178653036841	3.7243347650181633	2.063323571817362	2.7186291281391823
2.218889721296058	3.6559270446380348	2.0283549868808985	2.687263136812031
1.2682833582741488	3.549050395654974	1.7942895290127043	2.6472918632838924
1.811232221521931	3.472405205814103	2.1304072189976297	2.6244955170126376
1.1100959274515176	3.369726327465635	1.6930284274732799	2.5840093000887405
1.0241185098973502	3.269228730129411	1.7276090148535244	2.5473167990244345
0.7636594054833064	3.163388989054898	1.5281467253248926	2.5042652591684935
1.0892834793699775	3.076991440647433	1.5514437999896438	2.4645752040664477
2.674731318748855	3.060464775086782	1.5540821899200905	2.4271677577845208
1.0677478693131426	2.979700272258624	1.5310289340613061	2.390847592583424
1.6418441645341266	2.9262001039360297	1.6647749001195922	2.3618125110988575
1.9219195477100364	2.8865678722824826	1.716431797012731	2.336343794243792
1.6886470824274062	2.8399078194099676	1.7335306932458874	2.3128640684842576
1.5018248169532122	2.788455496471743	1.7127227920320771	2.289787274929445
1.3610816889392048	2.7342643974899623	1.5942991656690224	2.2633827396306714
2.081539572828248	2.7097932558907	1.6658265706073987	2.24097989443416
1.5026452147396085	2.665093829976723	1.6939664039412459	2.220724284154999
1.6102705700825428	2.626511148635985	1.6745673959768541	2.200747171623351
2.4050236109153293	2.618507063235573	1.8161830461285198	2.1868500970746987
1.3278117379412095	2.5724201818890715	1.7949304954663021	2.172855283460564
3.068969796232219	2.589940700438782	1.8041846230069587	2.1598454328013
2.039805610888997	2.5707533383177688	1.5803321033368123	2.1396335558985684
1.2418051451626098	2.5249364908265535	1.40628535042707	2.1143503802096464
0.4014972912933721	2.4525609832796955	1.324291899116807	2.087421718422694
0.990716797613358	2.4032948639915843	1.3650348316563572	2.063076111766603
0.7283002188083605	2.347472596374971	1.3178857000068254	2.0382412305331177
1.2469908901881803	2.3112000460294335	1.5111969660944848	2.0208695746802987
0.711043602594452	2.2590308626865125	1.4015371594947177	2.0006776828932873
1.020332157832521	2.2190799306584865	1.3844130722118844	1.9808014489923211
0.8253995999201778	2.1746086986004514	1.393526992348837	1.9620617557741151
1.314112067791041	2.1474398817761453	1.362751696762519	1.9431394367690311
1.2030401490317058	2.1179325424564257	1.3774485379223758	1.925464624532415
0.8913527633057516	2.0800036893440415	1.3433751159653053	1.9074649328801145
1.4654031649587087	2.061192697329213	1.205527970298796	1.8859808356321448
0.5692030892784419	2.0159886054788676	1.1592902926439717	1.8639636501719639
0.9450848591370726	1.9838669682162808	1.2427568100603046	1.8453306534464535
0.8035312158634933	1.9488130607929794	1.2133403811533747	1.8265614675082746
2.4042390310432067	1.9622053712719967	1.36251605744205	1.8129150524017943
