-1.0	-1.0	-1.0	-1.0
-0.6591613122236712	-0.7606597388738656	1.198899232156577	0.5440885535851481
-0.7248039027573007	-0.7399687177719341	0.6975347543716857	0.6326364428321618
0.8122028252128708	0.01628892176571428	1.4055477060798678	1.0092187402130328
0.09570325126593615	0.04969955040734586	1.7665331651256748	1.327830472657972
-0.38860316989274246	-0.11238858414616704	1.9751452329061454	1.5672128871049726
-0.6994107180987599	-0.30593922004227936	0.49112088071353943	1.212407915014047
0.14754232180864002	-0.17108621117586742	0.5488712816529233	1.0150901627998037
-0.4510839747298808	-0.2468969579162782	1.2484953031076285	1.0782856429018235
0.3730531768115981	-0.09285275013228733	2.0476432256034105	1.3191500440884414
15.091017603825343	3.392885539111597	2.9709497993878506	1.6983508481102523
0.6670551428631517	2.811410492590789	2.54110445226446	1.8781267334669676
2.696942226961488	2.788606871381084	1.4984017545604549	1.8024812088135773
1.2744812005000892	2.5056989779190713	1.9991207184845736	1.8392224580401262
0.43124366015782556	2.140757653141775	1.3041564005481732	1.745092540678589
0.31778382121246573	1.8377781933242572	1.1107935627315415	1.6396716610450608
-0.413125461670778	1.4832709423244421	0.7622190133541775	1.5014766217930418
1.3689506844281625	1.4661625393771227	1.2733364622462244	1.467334495882528
2.2223542351229173	1.5739627153634785	1.2122352062312527	1.4309684014211927
0.6606999570732859	1.4496673629178214	1.2520430677909977	1.4066163788843142
1.2752627106655576	1.4269594894497937	1.350892475302707	1.3993609975256334
2.6062979880189485	1.5741338931858064	1.686822625464492	1.4352348022877162
2.8517044444574635	1.727206976451673	1.3488829469784407	1.4248885326940917
0.3213246983672857	1.5652224147722258	1.0793758500841895	1.3850791968565863
1.5972214374647913	1.5687737167153708	1.2107372594888504	1.3657343573156449
0.32989485739199575	1.4362038762859823	0.9971881391234503	1.3262973622888423
1.1491461192413004	1.4065439578641858	1.1699347247921694	1.3101416473759606
0.6443584131982631	1.3304101581678722	1.1412845642826768	1.293274482723481
0.4690527922136709	1.2471407080109413	1.0308696581829544	1.2679070868627371
0.6461692385124653	1.1908559507721503	1.043181512224554	1.246860229024204
-0.032652820785259995	1.079733218787145	0.7459212728573628	1.2013635728286083
0.9952397987665269	1.0722844753799108	0.7929055733044685	1.1653554427224657
0.1119494495316995	0.9900405441910753	0.8375015443633507	1.1372777728335293
0.20828015374365516	0.9249471647681893	1.0507844347262685	1.1300760971459587
2.1677968016198848	1.0256407580329054	1.0259655582683784	1.1216416548076218
0.35513632896299074	0.9727459289630469	0.9902228805141413	1.1112746004068677
0.19319886851187262	0.9128236939244423	0.7209197345239307	1.0812688885459965
0.2412667806144817	0.8624916506880982	0.9213894281625656	1.0692865015382806
0.39706759945366144	0.8284585732802823	0.9377698088065578	1.0596695877772007
1.9665578576422171	0.9097000245639495	0.9159909273143778	1.0494133211332168
0.501904475425117	0.8812666333697619	0.9795714509726403	1.0445438093629553
0.916690036443444	0.883680311470231	1.1827130698500916	1.0539587648942024
1.1078398633600224	0.898615977336384	1.1131937289634863	1.0579056666118394
1.319281947964365	0.9260360152071079	1.2708374928608346	1.0717852022989445
0.5660950500044188	0.9030734313520252	1.2331366382859317	1.0820792084405797
4.209637197880128	1.1096283384930365	1.1641081031318823	1.0872033303343343
0.6906471578324773	1.083989272421293	1.5434817635201616	1.1151253173952083
2.6716964398293603	1.1792068562201168	1.6395299851624836	1.146575002659186
0.9250644628758875	1.1642644828983482	1.7458659695711005	1.181811522416949
3.5607599098575413	1.3024630882805455	1.6409659601156457	1.2082900181776424
1.927157855749245	1.3378078839690377	1.3383944869647757	1.2156512867163851
0.40917549082983173	1.286239159261103	1.3418123440201462	1.2226575982420038
0.7525689960106536	1.257142042919217	1.3041290293267074	1.22709997540945
1.2204953945453076	1.2551800861179756	1.262881410242159	1.2290165569199036
0.3198019794313418	1.2059686056097814	1.1206010204678156	1.2233124586509425
1.111852473374562	1.201102396475437	1.0571994603650472	1.2147236783896078
0.6075554996518291	1.1709332739856695	0.9502027178161674	1.2012785681567557
0.7766590453400155	1.1512267237290623	1.1567864538019168	1.199054882126528
1.2601962227410133	1.1565844269906171	1.0650884578204494	1.1924690519893248
1.3426055771527756	1.165582026851347	1.1929358594868034	1.192491295993161
1.2516044642676096	1.1696768322123146	1.1333402757355464	1.1896753838186598
2.0495964334149748	1.2109094963854452	1.4248721655786785	1.2006965070442281
0.8988141891675172	1.196509618711295	1.451776015652591	1.2122810667300938
1.8387105929105156	1.2256915699845603	1.3696065521072476	1.2194300394714643
1.2930411110124989	1.2287064807360366	1.2814590532800358	1.2222067888704609
1.3238541281799483	1.2329032254213765	1.3387133899296675	1.2273455634372827
1.5604100933265856	1.2471388804272037	1.365421689810843	1.2333474565230156
0.5667247612978501	1.2179864477496025	1.2340783642303994	1.2333786485543192
2.1261431658137577	1.2563485450376972	1.3344092060990227	1.2376463004253546
0.8070206062818	1.2376317199491322	1.207956201169452	1.2364096572417593
0.7513302619873692	1.2176520863679476	1.1878138897326367	1.234413154264061
0.4212546043939376	1.1853742552835498	1.0584655682412083	1.2272822019228742
0.9629991956148103	1.1764817719654546	0.9755648315356074	1.2172163276695218
0.26539218298388345	1.1405269595004914	0.9380609284718957	1.2062001622769025
0.844402293102327	1.1289929449522664	0.9215325928497784	1.195112438260201
1.1629051543484508	1.1302968184599114	0.9603736705125667	1.1860860855885842
0.5705841268949037	1.1090470179677334	0.9720294247611883	1.1779593775866033
0.9474904445243857	1.102990078661688	0.8401297087588662	1.1652937317468428
0.27289787129565757	1.072253017793967	0.7441718826835237	1.1497002948551227
0.7813903036168421	1.0616139720219704	0.9685772780993909	1.1430752045237043
1.311208475095365	1.0706335032226226	0.9818397758586239	1.1372487265424862
0.6365421824640487	1.0551330492905522	1.0042179360446757	1.132497984792137
1.4251945605084106	1.0681906996924555	0.969584693738172	1.126748867357866
0.7113927348291282	1.0557465957901702	1.1030886139478668	1.1259233550705328
1.5880051766025263	1.0740960949007223	0.8823668417342325	1.117526239984143
0.5663984934685149	1.0567916230835501	0.941318800751048	1.1115202587568174
0.5464761358539303	1.0395932797139418	0.9494476556973321	1.1060580712770398
0.7167235948871944	1.0288329791373227	0.8680159895445516	1.0981247960181726
0.5356002396689936	1.0125755224511752	0.8142500015732257	1.0887678876824705
0.3114387124295739	0.98971678711935	0.6407167133148235	1.0741603987901107
0.3115000201686231	0.9678426443000319	0.689721375732631	1.0617611076689277
0.7781034401945432	0.9617879578261253	0.8141325241787425	1.0538592219461855
0.6161592504582722	0.950875093264488	0.8100546146552228	1.046161241828739
0.6402180767713552	0.9411686447374918	0.8277410079743466	1.0393366604843703
0.2217987887455315	0.9189239064291572	0.8142894747080345	1.03237751044785
0.6187016512769605	0.9097349451470358	0.8635435750792073	1.0272099307089024
1.0147400882893804	0.912916376490347	0.8727577676007694	1.0225303642593824
0.9487267947408753	0.913990608430149	0.8392659248577925	1.0170334532700869
0.4876957050951647	0.901330378895365	0.7996579497146186	1.0105776952096854
0.9453458268251316	0.9026246449845405	0.8946413750271929	1.007168271642806
