-1.0	-1.0	-1.0	-1.0
-1.0	-1.0	-1.0	-1.0
-1.0	-1.0	-1.0	-1.0
-1.0	-1.0	-1.0	-1.0
-1.0	-1.0	-1.0	-1.0
-1.0	-1.0	-1.0	-1.0
-0.9562637552995654	-0.9855794604204225	-0.8298250279243979	-0.9438905892108902
-0.9862245630016029	-0.9857712970582712	-0.8674256096674724	-0.9211519961507749
-1.0	-0.9896237861816013	-1.0	-0.942500468915259
-0.8984306075603252	-0.9669642535914449	-0.39132534324446033	-0.8055453707173652
-0.6291978466598924	-0.8894237114471472	-0.637450500696066	-0.7669560981627279
-0.8198666233672591	-0.87458578083807	-0.20197037516190441	-0.6464332255878942
-0.8163908411114706	-0.8629927299821197	-0.3683240157662431	-0.5910309003979322
-0.6721881590972179	-0.8273417138771546	-0.5892683089169852	-0.5907015681163408
-0.5801630072895341	-0.7838577711455614	0.31814505063817844	-0.43081625214697794
-0.5421519631326788	-0.7436861316772159	0.12809680331956885	-0.3379245965195874
0.06243425442645534	-0.6167258086975249	-0.059726106911677235	-0.2941095930074443
-0.17140024641386042	-0.5500805437851344	-0.10245764908584387	-0.26542784215941073
-0.7716684082334844	-0.581669394417632	-0.1668396450870886	-0.25137352726810047
-0.8081068134459709	-0.6124875459695238	-0.3831628857837903	-0.2693100575533536
-0.21423802979091489	-0.5606345265844619	0.2670533051970887	-0.19947427507149573
3.054720618738596	-0.10946088666991871	0.47943553722827925	-0.11475044879639218
-0.1711470050917121	-0.11685168739889829	0.3041108621308819	-0.06456402465791844
-0.10510509491319742	-0.11549798078440487	0.23187763811225937	-0.03040783932919322
0.5693843783836274	-0.03950170147214083	0.4178136633692522	0.019328006882893378
0.5263556539955574	0.021049845951486956	0.394934549806206	0.05952114858900748
-0.18437931397756047	-0.00017617460914010064	0.21917694545437838	0.07601794976038323
-0.21502856179167573	-0.021637412115587784	0.15880992026249152	0.08428798907900492
-0.4590951325793743	-0.06392746875016286	0.22509212181286475	0.09789976445338588
-0.1891227291953309	-0.07565279370431344	0.3319620170925166	0.11982125265312926
-0.2525927598547584	-0.09172297083135661	0.39397359286062605	0.14472070798325665
-0.37869487044321515	-0.11702132118646458	0.07309987219471781	0.13840677955422587
-0.06737493055604704	-0.11276957184732439	0.001453200814836464	0.1266779398560156
-0.316256513122804	-0.12971289691157317	-0.12030623304323618	0.10611282646168196
-0.45551028241647373	-0.15610822887089948	-0.07768226315383708	0.09122226755857255
-0.3406487755097468	-0.170666259733106	0.25465312430881704	0.10411526205935795
-0.32734226494072993	-0.1827095265403923	0.1340005707902383	0.10641270304602535
-0.06027243183492237	-0.17353280633405932	0.361045403600881	0.12549740555120903
-0.26576230897061015	-0.18027688334539804	0.2376137881782856	0.13369562673731106
0.010732711088472069	-0.16664199678949432	0.2768398550602862	0.14391370998149178
0.14935154089842118	-0.14460930947672523	0.29973736569077003	0.15477855277305785
-0.44785577922572484	-0.16527304906791873	0.31909254239657425	0.16597533217844118
-0.23193543968102448	-0.16971459846567127	0.2490027291525685	0.17150753043383404
-0.16183622041630474	-0.16920090822812828	0.40698578615496794	0.18685671358087186
0.3322466506098838	-0.13721016801352093	0.4061656502298647	0.20084810000961673
-0.22211278022384917	-0.1425138655000564	0.27526045673504385	0.20549653216777797
-0.2457405342129303	-0.14883069402191407	0.4009925382651971	0.21745989588195314
-0.36834548341191087	-0.16199527272254544	0.3683372521917667	0.22650828931180733
-0.2603992677255542	-0.16778100394742446	0.23127493499692697	0.226788659935393
-0.16465883683011595	-0.1676008831183503	0.1001196885474176	0.21948420827757387
0.011834789800600376	-0.15744842067027565	0.19910419321112127	0.2183312900229848
0.27740808785027093	-0.13329974541392864	0.24799130040030937	0.21997854387781723
-0.2678573355258962	-0.14063605088525766	0.2420638105745836	0.22118302360006936
-0.3774107218954179	-0.15331521261977232	0.31660309640953566	0.22629307079810146
-0.3607003440339046	-0.16422611188388914	0.0824397669627086	0.2187245689449584
-0.31392570975772816	-0.17196638775153883	0.14078961465913942	0.21469477989688124
0.7026386984480648	-0.12751139968702707	0.15667903816445738	0.2117458351331034
-0.33276434354322604	-0.13777039575883732	0.2634818141294488	0.21433166202704346
-0.002810448818181932	-0.13113532310948406	0.19694802810848078	0.21347704617092988
-0.39306909466892725	-0.1438052042950344	0.06583152613226328	0.20633537228030585
-0.32683436847618064	-0.15251796727726719	0.14324231392394338	0.20333196577192436
-0.2863800801438583	-0.15879066683477383	-0.043097473234968486	0.1917844019389494
-0.24284924273651975	-0.16266901768004727	0.03662703628759778	0.18462562527010684
-0.492562895620244	-0.17765946180094772	-0.04607850042277484	0.17414249054397835
-0.38132454185798526	-0.1867761112174594	0.07061311970390838	0.16950811709132552
-0.09860438874793964	-0.18288715346769646	0.132089595185374	0.16785801403427758
-0.3229805293708691	-0.1889764136619937	0.18316670227833054	0.16852340478245775
-0.04353702492569034	-0.18274480454707664	0.13658457736079033	0.16715529200924384
0.015606807286459246	-0.17436599374105488	0.2871482472041149	0.17222411324578113
-0.09944788372432822	-0.17124532653042157	0.1445665104644398	0.17107193315355929
0.1534303277629534	-0.15790589612911954	0.28194568321671176	0.1756273372616397
-0.03759172426671353	-0.15302962055501157	0.2596339575598665	0.17903205192804683
0.01269623214602733	-0.14640216331935174	0.25938843400928957	0.18224563144885852
-0.3040646387646879	-0.15262410988860942	0.3193085626400498	0.18765467881306286
-0.41165105908378863	-0.16271348017149068	0.14804006115433177	0.18611184295851269
0.6547827212648756	-0.13127882652720013	0.21346884987357306	0.18716383633399136
-0.07363710805020551	-0.1290904482060371	0.2079615828080188	0.1879533986159101
0.05834993855960802	-0.12206325055831158	0.2616009947887761	0.19071432284040135
-0.06243054602708087	-0.11985513846861984	0.38210811261959665	0.19780136040471374
0.10260987737916616	-0.11171814519788448	0.2056305195410193	0.19808756848993125
0.024383573733611108	-0.10680014026745821	0.1762336956020909	0.19729755506033886
0.9108398838852194	-0.07046384108105774	0.1987189009883461	0.197348229378566
-0.09899175883172906	-0.07147062122158399	0.17983349545247407	0.19673002797912909
-0.2695854068083894	-0.07838014776935553	0.18841103514170898	0.19643990589406068
0.26158187885092987	-0.06665993473010101	0.12266079789086315	0.1938961400963457
-0.13659944478788655	-0.06904400939339328	0.1341080570868911	0.1918579866675001
0.09912051438197866	-0.06337674769285917	0.16857858477747745	0.19107336197639269
-0.2299245950859734	-0.06892739148421845	0.17545486741280758	0.1905526393464705
-0.08897033745884586	-0.06958804478506375	0.18892327270520326	0.19049890268649117
1.4635354328529622	-0.019604810810129214	0.30595263190335653	0.19426275388959335
-0.04682731552353747	-0.02048278647342794	0.4198931539561517	0.20153980167978602
0.413634735121964	-0.006630647981128446	0.2938966346496614	0.20448670267102664
-0.15487153747407378	-0.01131104322967369	0.278457195311667	0.20682226062130304
0.03891151473897625	-0.009741996541809406	0.20527919890391888	0.20677390024342235
0.055409598060529586	-0.007727348673236767	0.2096721497202345	0.2068635266163512
0.23289487510719709	-0.0003627594918528265	0.2796820088463836	0.20909215343644405
0.9983861017404669	0.02989696854306656	0.25761386129366315	0.21056212340455005
0.15358199341077716	0.03360689712101084	0.2589505776814398	0.2120135361742681
-0.26620838783590606	0.02470293228104503	0.2512502829299308	0.21317871962956603
0.1248703855417228	0.027648555041468015	0.21505593844387216	0.21323392769045135
