-1.0	-1.0	-1.0	-1.0
-1.0	-1.0	-1.0	-1.0
-1.0	-1.0	-1.0	-1.0
-0.5482288219309936	-0.7798855804007406	2.3464435697133017	0.6304725042831401
-0.8373144641493631	-0.8040466367424134	-0.25165658381175604	0.25934971782409444
-0.6452756601100242	-0.7453318015312054	1.146060525422075	0.5872627755790572
-0.2292183585995291	-0.5751609546094171	1.4200756528849623	0.8618544619095929
-0.6013025793763369	-0.5829348078986658	0.2569028511210476	0.6819581999736957
-0.9695779716023872	-0.6876202861510581	-0.7483249601417254	0.29470222491729836
-0.30670832149009886	-0.5929719180406774	1.4731498979460804	0.5875209201732106
-0.7901920347045022	-0.6382474824735584	-0.4844149242419207	0.3414380175184961
0.7999687414409313	-0.3314470265079743	0.8914773833303202	0.45877236120780696
0.7031687763775116	-0.12534036824888506	1.744843909179517	0.7149717287608537
-0.6397395734862001	-0.22145365013082752	0.8388511479838194	0.7381180941803307
-0.29699760827615285	-0.234743489060671	1.272176837862668	0.8320703378705021
-0.5752209496182876	-0.29133115085142103	1.0053488179594967	0.8608689730931542
0.9255161540917218	-0.09968330328579733	1.2286225541479228	0.9187883657883753
-0.022033611514529983	-0.08806259139323636	1.1273407510235711	0.9499993750574303
-0.0677386854647759	-0.08516512905399931	1.632985628025407	1.0473640504333477
0.3363844446742439	-0.027792233413021283	1.382547572295438	1.0929824821180762
-0.6660550104156883	-0.11089541532768032	0.5754225130496142	1.0255951578586422
-0.4843412361263817	-0.1574989425457325	0.9330896212118736	1.0140513899426447
2.1463806812602306	0.1185422452937952	1.0606569912690071	1.0196356178419617
0.2424044929820528	0.13281377318859877	1.0476377363243534	1.0228623366249137
0.6536024489046217	0.19060196394191742	1.3803377906885843	1.0625290750429124
0.8927759756224836	0.2657407924481019	2.0145193703734687	1.1644005689220887
-0.24706994876136124	0.2127542401895115	1.0468525224683667	1.152255093419409
1.6127000795740298	0.3525927243305964	1.6344883894993405	1.200424632119422
0.5390323508823283	0.3706161683683544	1.5636210132633321	1.2355354867045025
0.365780097090604	0.37016335014873647	1.6675365109810611	1.2759954038240147
1.6710674756086696	0.4883152472723893	3.0381961906745794	1.4360435735231674
5.160505200979482	0.9001973835305208	3.9790999585696563	1.6602297795043301
2.6192225766984576	1.0474163582116365	4.132714057568323	1.871975714120564
3.5697229886428703	1.2574381309238802	3.6865398790464328	2.023067133485517
3.3680045866127566	1.428432413440837	3.8599221450337096	2.1718859814812506
2.3715140429172266	1.5028309353646248	3.6999097147520175	2.292429796503849
2.5822297746095613	1.5858032396261068	4.18127631976047	2.43762325072306
3.8280935478046327	1.7538609103887848	3.9157003610297876	2.548404202048678
2.5403942072080374	1.811374664591232	3.786787764448726	2.638958565779726
2.2853868472306345	1.8452115044989958	3.4145701688747447	2.6943246846432887
4.01861841258657	1.9967522297325209	3.680424536164871	2.763080407140851
2.8362659737940326	2.053958711746635	4.1940080935699635	2.86058710437629
4.732888168726449	2.232453455954149	3.476656122918854	2.9016354060690315
3.0103701320539544	2.283159231927457	3.139786590045368	2.917158256829088
2.839018036169965	2.318621328442663	3.6418281002497412	2.9633899430374337
3.953771403321924	2.420766437191821	3.876180791371217	3.020410567099341
4.03152898349057	2.5193372448665112	3.1179483602505114	3.026380342586269
2.2021137162817768	2.500313172654747	3.308142796530648	3.043278391634983
1.452147575623771	2.4386849254129705	2.931408490087354	3.0367009698127143
1.137174468396958	2.363631810939436	2.8397841567456177	3.025346188518629
3.796919471231087	2.4447265934307625	2.9325710298634253	3.020097497553934
2.0233141137172375	2.421325020803923	2.7759555763491477	3.0065402212040286
1.2574162049766273	2.357865572119395	2.811185955407574	2.995889674969716
2.1612837985477524	2.347339122847537	3.1480138695238553	3.0040366184469045
3.6182791816348425	2.414204325389775	3.0073263962810763	3.0042093139451724
2.076379226753649	2.3967367879909447	3.0451173629586945	3.0063238964906622
3.684218061505942	2.4621777175650816	2.89188460636044	3.000506956310619
2.0011347771583163	2.4391337504901993	2.5204164684960055	2.9765109398739877
1.123780572282783	2.3744665444032087	2.6990301863272754	2.9628686054467326
2.1883240531199424	2.365462489352628	1.980443777410989	2.915347894133719
0.9677068459171208	2.298925027606412	2.0649596136977477	2.8748670049829115
2.1067314422608763	2.289918495015617	2.06098496106857	2.836728283870009
1.2921164578626363	2.243880860271764	2.3550697632478226	2.8145051935980687
3.2337495684975917	2.2888617513497667	2.2025828428519048	2.786699745068247
1.0935703685872524	2.235357295598712	1.9781663693344318	2.7505075137605246
0.6594499850495319	2.165852504716146	1.8017291596454035	2.7086619649631616
2.3378180808699	2.173327690036573	1.8093091166191022	2.6695714767233794
1.11378847707313	2.1279316696498976	2.0142923648737967	2.6414959573667973
1.6818198276102017	2.1090873456315165	1.8527356159747663	2.608177557772653
2.227659397209929	2.114027157855633	1.9648494366891431	2.581380096499565
1.615110809705171	2.0935290976451966	1.9092574608717245	2.5537658515780364
2.031585381944163	2.0910187184704285	2.150215241401412	2.5374101620682836
0.4976052566266935	2.0272987043507147	1.8964410842410482	2.5117784098823113
1.6060538733128351	2.0106747714409883	1.7658813968514848	2.4823424695355865
2.024455371542231	2.0112117709696085	2.0487209807890268	2.4654525049139484
1.644829525951753	1.9971232267541374	1.9033999931410142	2.4438399650085136
2.02035987456667	1.9980053586247375	1.82137599939685	2.420207628007319
1.517461780107698	1.9799893605954382	1.7906123536419143	2.396603511698994
1.325844582778506	1.9557671406155506	1.7929464742051358	2.3742507485400624
1.2929305880167958	1.9315225428485872	1.8048300028890223	2.3534230553297086
0.9402751942464116	1.8957019840196403	1.8496043305161591	2.335216411256207
1.464556315191739	1.8803070969418827	1.9315395679594336	2.320802311159148
1.7182062579441535	1.8745865636993613	1.832362100069064	2.3035663448120904
2.9734685033275974	1.912911277388055	2.2410292393810414	2.301384980180824
2.371399204950305	1.928717826122261	2.433623760141025	2.3059438697663937
2.321589707439492	1.9421079496620584	2.0442054987610527	2.2970222935394804
0.7479033106041559	1.9018616440676936	2.043453345966596	2.288476327773859
1.8547918942894683	1.9002929123698498	2.4578185452501145	2.294119905252298
3.3779751484168727	1.948997459858668	2.3269805048019774	2.2952023601371483
1.242966973880586	1.9259788436377878	2.1759928134142905	2.29131547176809
2.7637439793856773	1.952998407592787	2.1532013494137843	2.286860954463446
1.239598360149626	1.9302342192614192	2.340976248671028	2.2885872832618848
2.506469836080951	1.948427593709022	2.2125747941989413	2.2861871043076136
2.2508554144798736	1.9578767869711955	2.4586733764484316	2.2915763504671856
6.304373083764894	2.0922796114699853	2.421612105652375	2.2955967913606665
2.629768845361287	2.1087302425304477	2.258113871033469	2.294449315544417
1.5518829187578467	2.091859036167875	1.928048211024839	2.2833482296212915
1.6646270144260469	2.0790439724160015	1.7069230397681223	2.2660581214942255
0.6021292610775282	2.035182384236066	1.5584586886090834	2.24504360395231
1.6595431874093953	2.02413608282976	1.600256450530678	2.226082482471196
