-1.0	-1.0	-1.0	-1.0
-0.8089278972855855	-0.8658273100882055	0.706016320904401	0.19798126234729696
-0.6575630818034977	-0.7456460503832072	1.634064998038017	1.0266898420529418
-0.551193291169948	-0.6509036732434965	-0.4667587268620099	0.2990438043765571
-0.7388959523095899	-0.68792313133282	-0.28452825830623296	0.05352771444749105
-0.6560583606029224	-0.676139293666961	0.6670816875626484	0.28042510222094563
-0.612194603581582	-0.6550557169706699	0.1568858806594129	0.2396922108415489
1.0590451795049436	-0.14532913096517497	2.304654013042938	0.8537550921792001
6.584919844212913	1.6769179967156767	1.8272849587773887	1.1173429973779614
0.012435757770336453	1.2633300430345726	1.463036440914666	1.2032401621476412
-0.19666000227332403	0.9281619601419631	0.6431259266533595	1.0746552791635655
0.3099092156986718	0.7962761269156013	1.0518291394039845	1.0697859896715314
1.2264767629625957	0.8819768806098534	1.0874902895509595	1.073313008514576
-0.2863246800304148	0.6636847477454033	0.4736830596054853	0.9612747370219064
-0.1702329282039159	0.5169807829613895	0.3351015376883226	0.851117481923698
0.18916899573264012	0.46249813058866907	0.41797434500623787	0.7791286664961341
-0.21794336105545842	0.3553315933226042	0.2784372075731325	0.7002719063134677
-0.32140333432695	0.2540548812606507	0.49364186528258935	0.6693487804570644
-0.265096072430803	0.18004651326044674	0.38739261370995215	0.6291541614835974
-0.6665081253175352	0.06483033437997743	0.02246277064529356	0.5465833859402427
-0.22678646186702345	0.026861302681381982	0.6474279672677994	0.5597138074740966
1.3367777698402388	0.19033067229048806	0.815941863794492	0.5916896391226714
-0.18155466630549788	0.14577301107679475	0.7140227554954339	0.6063471594589116
0.07817895120220997	0.13798503868795087	0.6676648608823881	0.6134124073202905
-0.28706220500157076	0.09082096596425027	0.665001007437958	0.6191370481880407
0.060719202491183566	0.08759997875014958	0.6269959238814737	0.6199782375487124
0.0751167708997218	0.08631032769553726	0.9209688763159802	0.651078718445387
0.36099339933467123	0.1137481235912079	1.5053661409683086	0.7364124269984313
3.1841731965233055	0.4105724574100529	1.594823074939598	0.8193965633426978
1.895759404615323	0.5496698439764403	1.509418715784283	0.8840216072555329
3.36470257257204	0.8053403290463454	1.4513924196782186	0.93555229038771
0.23478462856869853	0.7550424304570271	1.1329052086186917	0.9529500784170397
0.864650356699135	0.7644294427538627	0.9929658757450202	0.956377164891717
1.5795515952757966	0.8323013266398223	1.1900480664836834	0.9758342649191791
1.0777744960921174	0.852189103340836	1.478684190848199	1.0165741677051932
2.200880229076394	0.9585856462695697	1.4673180777880663	1.0521329315824377
0.8473092792833168	0.9500324895475851	1.7322669317678745	1.1044142335688
2.0894117417798426	1.035427547887815	1.4747305378110398	1.132169044206579
0.20718740531618662	0.9748643095577312	1.1975754294553114	1.1369514670800704
1.0971756775191621	0.9835953779795295	1.4421420343626887	1.1587370912771977
0.555119231855989	0.9537199581239411	1.2500545425201715	1.1651043312321812
1.2925903231650495	0.9768111358991269	1.0550496234262488	1.1576049158273456
0.7694483574355275	0.9629949250231973	0.9501668232599836	1.1437837040940284
0.6133547748561077	0.9402048378419958	0.7700763195159352	1.1194248802684963
1.0750725264541776	0.9488090061014078	0.7746482637739907	1.097429549801141
0.7527364846393088	0.9365609454449253	1.0792648106343297	1.0962951123443894
1.4852452121335382	0.9701377802002453	1.3472837192346803	1.1116546289097524
2.74262090967514	1.0764362568454504	1.4296919086739472	1.1307278866035326
2.0185577136450505	1.1318300375124046	1.214795425080585	1.1356710948374587
0.6288453440310569	1.1028249973698037	0.9764274622133444	1.1264884545243015
1.342639968900576	1.1163937497563752	1.0276816689558221	1.1208982379839187
0.8563848333910977	1.1019552002600532	0.9195886884068052	1.1097193983439544
1.0737561819153685	1.1004183126628533	0.8485096951557707	1.0954779817621576
0.6141678423593857	1.0743800007648674	1.0397117920060168	1.0924922504683647
0.5751723570077494	1.0481161093272142	0.8149163686733549	1.0778886666235628
0.6583222290777571	1.0279621711989533	0.8399198201593232	1.0655848061344413
1.0635276629916826	1.0297695401047866	0.7913203631941963	1.0516439511243236
1.2853242908753644	1.0425425306529172	0.8785392459769794	1.0429916748633334
1.4152782396421348	1.0608672710378606	0.8482270417713167	1.0334163352428165
0.6453936691266562	1.0407705583448803	0.7311285288911129	1.0187944899408383
0.8132145432735021	1.0299383560114634	0.7458195417498832	1.0058001925136257
0.48598097907630966	1.0044488501612325	0.6862279806224181	0.9908253600546237
0.30683000022618656	0.9722611297584487	0.6011536808300466	0.9728460548242428
0.6244056545426879	0.9564543889899086	0.7220028766839852	0.961447597671214
0.20785103115297088	0.9229450072006311	0.8956902536891509	0.9585041769151581
2.2448292298385564	0.9812463246548742	0.8501933747653494	0.9537272583910523
0.9386531074918587	0.9793952296652166	0.9236281918587115	0.9524192281983992
0.4426150261493622	0.9563971366312713	0.8087118089872081	0.9462624055883289
0.5029447217014051	0.9372425188368472	0.7671951442035037	0.938698317480771
0.46630044751230737	0.917625380659782	0.7798547072981101	0.9320817764351408
1.2235639287860574	0.9301950270805424	0.8411717332112496	0.9283468849882723
0.6116173329086678	0.9172832791897783	0.7513799918499031	0.9211746360991651
0.38160760703806407	0.8958620388570813	0.6405641226372003	0.9099534533352966
0.9374444745001709	0.8975034909165944	0.6919662825359201	0.9013512469247289
0.392096034889005	0.8778171527555068	0.587290393217015	0.8891181419281631
0.6637018356588518	0.869583665525619	0.5656122064640905	0.8766783536665566
0.42940446764003504	0.8528718533888324	0.6188314685001124	0.8668889010494083
0.35276510277128814	0.8341221954441544	0.6290937231785532	0.8579736390065715
0.31216456732860776	0.8147948100617883	0.5694241005132259	0.8472890189387541
0.8049326785916393	0.8144341382574534	0.6180486418340045	0.838904106599107
0.4121895420956938	0.7998981709838251	0.5990892945217721	0.83023777520785
0.8201446917941633	0.8006208062247977	0.6117566931517784	0.822436303730331
0.7525597052545834	0.7989247476400334	0.5890011742208627	0.8141990375926544
0.8312739754288843	0.8000525379155838	0.6553219178548642	0.808657578224323
0.5212231264402931	0.7904394603067082	0.8104611699420028	0.8087194633001662
1.3084537620613133	0.8080951619611181	0.8350600413539235	0.8096170141838923
1.0892635617234858	0.8175706952205855	0.8459783886996552	0.8108422872159231
0.754479665091536	0.8154679878057973	0.8065858761925395	0.8107003470866461
1.563913299632456	0.8401370629308971	0.8235388633064413	0.8111233789894563
1.207525785022547	0.8521144442657282	0.7701787605266843	0.8097881517268997
1.0906209186126068	0.8598064496708702	0.6751260039304288	0.805444772001384
0.44804910495046646	0.8466676583752115	0.5652897252900011	0.7977816401032347
0.3720781483102438	0.8316832499544882	0.5313703065001527	0.7893700768981615
0.8701908356363732	0.8328863942916547	0.5942381553628395	0.7832732915092144
0.2733815622800102	0.8155852418804073	0.5389393747369986	0.7757179924594204
0.3297889558621123	0.8007164198934114	0.4978648428545569	0.7672136609926843
0.29938900898491805	0.7855271546101068	0.4993740361540029	0.7590985537230923
0.13114310312587651	0.7658989474551425	0.4438313798453726	0.7496421380140557
0.09033072200883585	0.7458358861214756	0.3869132460690907	0.7388697844093826
0.39888539855193605	0.7356331824751865	0.4397674979906401	0.7300741513785596
