-1.0	-1.0	-1.0	-1.0
-1.0	-1.0	-1.0	-1.0
-1.0	-1.0	-1.0	-1.0
-1.0	-1.0	-1.0	-1.0
-0.9740896441223086	-0.9890991865983608	-0.732255585355786	-0.8873565489742812
-0.931486492753685	-0.9677935282455443	-0.6160880589503597	-0.7870391907085097
-0.8703383956842601	-0.935661015433405	-0.42275884306054834	-0.6669301482681178
-0.05768952696236063	-0.6745764154415317	1.136067735046503	-0.13076815058554847
-0.6513164072216231	-0.6682786552305864	0.17058543623787492	-0.049175223747701224
-0.6171614509491242	-0.6555771547484086	0.5484889343769903	0.09933132484037754
-0.6686036776095325	-0.6585676528180375	-0.2621297723099568	0.01635114165812368
-0.8631949959006213	-0.7022188048401807	-0.3232620947122469	-0.05609522393554578
-0.8052977555262517	-0.7227532401183643	-0.19649788195115592	-0.08406492863735204
0.2225871482454156	-0.5461204446206535	0.0836157731912257	-0.05273451248086736
-0.28893833051416196	-0.5008766461391998	0.3887828498547954	0.024937762803741936
-0.31146998937259485	-0.46939725211240335	0.7638037717482624	0.14773748482501947
2.3530892983260965	-0.024868098775823633	0.5681460167706363	0.21395004593856837
-0.06047102230864021	-0.030196224329748556	0.5936080967773192	0.27076781382550785
-0.5627513210468809	-0.10611550246749324	0.28459777848263723	0.272739362811518
-0.4989289615258816	-0.1595774620761894	0.22053146649960276	0.2656338455727174
-0.5320644555766911	-0.20807600370579482	0.23300371508926543	0.26138553541410614
-0.20446615650223365	-0.2076254099442596	0.2867471547049736	0.2645506759263032
-0.10445118528133002	-0.19526339922067248	0.31233610022308955	0.2702762932809555
0.27273570588017115	-0.14134075731726903	0.32955208880351905	0.2771061121669294
0.24834431870053808	-0.09810011742667546	0.5029006766955542	0.30216116409794047
-0.5566188209168017	-0.14716526678824338	0.15972469330298678	0.28691954165331923
-0.6634645191016767	-0.20051230710463985	0.001566693364084104	0.25743540032148005
-0.27300359963560594	-0.20775334952678082	0.09298560257390132	0.24100876183532738
-0.4224904722447902	-0.22851248025040038	0.048250695085565676	0.22237438804009857
-0.6013495772570625	-0.26343109363093	-0.11564790776469969	0.19071640757576103
-0.2865552844279723	-0.26553136286052215	-0.006701595057394538	0.17278621664271454
-0.4000297510613311	-0.27738810794641255	0.21076002205792488	0.1761340077873812
-0.22456056776545308	-0.27286392346542465	0.11780774801606153	0.17113887563104702
-0.6150534375128677	-0.3013563853483586	-0.02815981117286559	0.15454433354556896
-0.43001116952668816	-0.31177961232626994	0.19582659510087175	0.15788916032815115
0.6227203135750476	-0.23805825650676082	0.3452383914053805	0.17266891246713456
-0.26146636096015774	-0.23985745187568397	0.4019163488048363	0.19029100618035022
0.29831686736118845	-0.19952165426196533	0.3740251146750524	0.2040620138319471
0.5353684546120943	-0.14578449760889423	0.253145635584064	0.20765118828793971
-0.09411118566663224	-0.1420959577908405	0.6291297599361709	0.2377376350068081
0.7151119802300643	-0.08232688724463377	0.7833720191106555	0.2757822416902247
3.0490708973877947	0.1310524190302511	1.0613037514755495	0.32930913389145067
0.7562703918560931	0.17271015863543848	0.7006992694702305	0.35405456978530525
0.08085607780945914	0.16672309238881744	0.6703968883661853	0.3746745857946363
-0.13901227818948192	0.14721835923183457	0.7906395749803137	0.40121160972501824
2.405255545194668	0.2882743377362067	0.8049006118482667	0.4264295782765066
1.9515657376022655	0.39005847361197366	0.9175043423360458	0.45648064325603754
0.14996383371693134	0.37565979466049026	0.9016114308472207	0.48317598059174705
0.06728871161775207	0.35752897705951847	0.5096683030200222	0.4847340287194142
0.11156802150822953	0.3433453046367354	0.4664654988255257	0.4836805833951987
0.5508206672931271	0.3550842465450321	0.5667545524564621	0.4883809987771244
-0.2751373207786487	0.3200867498670943	0.345061565952538	0.48042223861080546
-0.1747644238794227	0.2931060374939174	0.2041627860806574	0.46535986983817
-0.2841064205619117	0.2621964626004947	0.23445185753274234	0.4529950653718662
-0.03414861385355139	0.246605329792146	0.18244884919567905	0.4387612248072783
0.036015860420556045	0.23571695972699125	0.031210306200726956	0.417689038135749
-0.08099762042697656	0.21961869066926742	0.1583217015116376	0.4045056440871473
-0.4674258810239865	0.18527875986763265	0.14049484817748192	0.3913098222680822
-0.2139292082958385	0.16565238846696495	0.13701420763380856	0.3788077789401365
-0.3089616986280951	0.14269502086030106	0.06634993602861616	0.36369401525351197
-0.42105604160605337	0.1158586259190566	0.03411588148810063	0.34800498686680204
-0.21810976005014915	0.10020908405198181	-0.05294665967715706	0.32921665445577886
0.4923351079008267	0.11830162443432068	0.05084299002699311	0.31637281455868504
-0.04060766023111528	0.11108066955459983	0.03223099820988029	0.30346123068575803
-0.4758575113221031	0.08480789638288178	-0.06172459649337236	0.28711473394101206
-0.22027699314915206	0.07135233097342941	0.07427176069254582	0.2777274910288081
-0.08241970120003095	0.06466851324833511	0.149994225529001	0.2721754628435187
-0.419694957819467	0.04391592244012088	0.0767264907106131	0.2638013844149405
-0.4142357089458485	0.024562847320763748	0.051025799947360895	0.25481349762513705
-0.16189522436635706	0.016795902243792016	0.1525903740137713	0.2505554009064892
-0.2740132336156904	0.004848022993976908	0.1237694893372161	0.24534641018816372
-0.004816113115633569	0.004456515174112052	0.21545878843445987	0.24413528474679702
-0.32553085032218676	-0.00873953586283338	0.20524382564285415	0.24258015018080936
-0.05428937704067738	-0.010537029150339272	0.08942216085893162	0.23653604276968654
-0.12190629776816098	-0.014874810715978515	0.11936726021240984	0.2319724205591449
0.09102488962601507	-0.010802846761983953	0.13208244747032194	0.22813130129805148
-0.06095122127218244	-0.012706659820463151	0.11255106916906588	0.2237433416146195
-0.23738906067808896	-0.0211302554118723	0.051331403294700095	0.21727944683986444
-0.35425666201882877	-0.033465516467269696	-0.030386562635162928	0.20810863284452097
-0.07811150173619963	-0.03509862288116217	0.03621997918782238	0.2018213398892792
-0.12419851389007885	-0.038318591114558154	0.08456778684652999	0.1975839459574682
-0.25054981985020575	-0.045896855173374385	0.017730786295544476	0.19116171342749189
0.15666925314801317	-0.03874908743451777	0.01336757176546488	0.18488787007914942
0.4128067828297943	-0.023000660151115904	0.2063815665907276	0.18563729923910377
-0.0043399991555318485	-0.02235753089448944	0.18725082432278262	0.1856926768176259
0.008432488238341529	-0.021308066133910786	0.19589667065843197	0.1860404904745958
0.06330202103908689	-0.018456736641372817	0.13147179528092745	0.18420132595098093
0.004778615073354642	-0.01768257340894308	0.154955492916645	0.18322642962247837
0.055120059247654174	-0.015282930466004596	0.11097375880105087	0.18084495261015854
0.14931246155566358	-0.009916862421662564	0.1402967805895341	0.17952282760316818
0.06983255312367387	-0.007344915144434916	0.19532958410507772	0.18003247831791902
0.008393997413951748	-0.006842861070947337	0.12295777052818058	0.17821110314879696
-0.3160281858273182	-0.01660485471494033	0.13914856869791792	0.17697774465180927
0.2708300848732912	-0.007624251886253264	0.210081150126749	0.17801191345760592
0.5041351415302044	0.00820028774897219	0.3242753282288704	0.18253447789847654
0.05408970512661471	0.00960485250188281	0.23045431987987652	0.18400119281361071
-0.0413495413135615	0.00806100699259149	0.1573409356593347	0.1831933996423858
-0.23205674881207317	0.0008586267510182211	0.06004740005990028	0.17949955647828664
-0.22565436019139706	-0.005868392845303716	0.08165298722130432	0.17659366412661215
0.18737323791775395	-0.00018576384914970046	0.24662460083461557	0.17865304279571892
