75.89474305424783	66.1372682145076	15.767059273331576	13.639421511663706
3.4404391752538936	22.11094216744583	6.2429297928311	8.445532766255326
12.989190080402022	16.847130716913103	3.7927064349674247	5.7605660722115175
6.029513033017673	11.576512786135469	5.144838853881556	5.460568411625722
3.0244185681425595	7.978539489889247	3.773294819173084	4.750711168326661
3.0737479592863917	6.164705122772179	2.8888091348873632	4.062163460446377
2.230239750773647	4.867448808866703	1.572734917202827	3.2413589386876627
3.3221800702259463	4.407927419590437	2.826358783928172	3.1179486767251774
0.4912702706092409	3.3474737487518578	1.699831422239828	2.7339865199069253
0.905489593869826	2.740693425513452	1.6291566910706567	2.4594601517949735
0.8580071555350592	2.308487542427106	2.1889944596153197	2.3973695577350917
0.9958125543802092	2.0284674864979984	1.7419877494743026	2.257563476860289
0.06841873205225713	1.6380046808548676	1.4236186077478834	2.0914328306953807
0.22112269896444592	1.3732664752099648	1.132558819511392	1.9122715418869047
0.09928979630372359	1.1491465179537577	0.8390799103696513	1.7234738544611758
1.145166189725741	1.1484850165174483	0.5504322446237353	1.5285135679766118
-0.057104657415298576	0.9586099746943006	0.3784467974840604	1.347383087103823
-0.018892728981569684	0.8123219159537947	0.6768756650816956	1.2470384646832517
-0.36406493279794083	0.6446201189837344	0.6135186373442187	1.1567259542299047
-0.18553391471515812	0.5316359176554921	0.7583367764232867	1.1025048195043161
1.0152461706507978	0.5946030428880071	1.255272463063232	1.1223955171631261
7.553532249115291	1.4630335352754749	1.6719731262937576	1.1909796461421331
0.5275584992303743	1.3509490439945293	1.509282944868596	1.2291175647623946
1.2774782947683572	1.3424841117277873	1.6495440369643548	1.277559193231514
2.6595193395901395	1.4886261020265894	1.7097888786680575	1.3255209834354078
8.69081288752951	2.2593204950497943	1.8569569850562422	1.3823894580126255
1.135749878582696	2.143227080722563	1.923590393810835	1.4383103677875755
4.083971678991937	2.337085356148518	1.697745442857998	1.4642250457146395
1.7613528726926937	2.2814280438642887	1.6242073575185088	1.4796909367160263
2.662123185223195	2.317082795722	1.6749768104543965	1.4979808584775989
2.9184193023252636	2.371698421223167	1.454680128676483	1.4940484040397917
0.2667544419109109	2.186135110236336	1.1935185004177091	1.4675549103248424
0.1038646285200644	2.007807649796832	0.6351814704018859	1.3962697712070407
-0.0716384791835396	1.8346620614317133	0.7248130851725609	1.3403609227229576
-0.017357689688003552	1.6846155730873629	0.39332744560136335	1.263634559325613
0.3873387240158994	1.5822757840698762	0.6748150533302457	1.2171839912146711
1.071141624965664	1.5429860792048555	0.7604087885658983	1.1820727241344509
0.8135860284308838	1.4883188064897221	0.7592501205591657	1.1503830056725053
0.2047768156941645	1.3944628294437047	0.8448122747907909	1.1280388453094803
1.7024910369636035	1.4164511675452394	0.9359802835283453	1.1143292077533724
0.20911510522612153	1.332269788063695	0.8821627894287793	1.098141639099227
0.7862190841465897	1.2950607729597157	0.7873513969793053	1.0769637161678505
0.5019607845239551	1.2422172895564052	0.7654535889527749	1.0562080948970696
2.096229066534924	1.2978835826817776	0.5203165001487597	1.021277794892983
0.40322369524239443	1.240807951695401	0.48294029822594786	0.986934191116352
-0.09221028605109638	1.15753683942693	0.5664267001043282	0.9606660838640018
0.07701588764861977	1.0914151231148463	0.5421525314292401	0.9350555080083198
2.4739098305917566	1.1743258255196944	0.574660856374767	0.9134423881663833
0.40065859019910754	1.1288372058987406	0.43085674232157944	0.8850683110598658
0.5456699831555607	1.0952083812502669	0.4757318868558633	0.8614636780987046
0.10430596125520974	1.0391440570811592	0.4712731046623069	0.8393871730103235
0.13484043659933254	0.9889262980964759	0.4205614538379632	0.8161290602860625
0.19712610577653544	0.9457550925508542	0.5340562375142941	0.8007498193610194
0.2118549804853942	0.9064549359050926	0.37825297135975844	0.7781253649732609
0.2268469724733957	0.8706998858692074	0.44695023753221585	0.7607017601683677
0.48831895641784984	0.8509290472447923	0.5078876343784677	0.7476301237430998
1.316065513367787	0.8745710797263402	0.5677491039514051	0.7384868023422344
0.03137741735403421	0.8324264013468372	0.4220048464328259	0.7226682426493987
0.30657028294896316	0.8065735476294964	0.4454926731292468	0.7090412988581225
0.5183658638468995	0.7926327467432084	0.44862197946245597	0.6964446391591343
1.018956407915967	0.803406499721381	0.4106325756135938	0.6828390745473707
-0.1415320969766739	0.7591269909152263	0.37261939618537787	0.6683024368568795
0.038753653495811724	0.7258896404811046	0.40670357716266925	0.6562326268188452
0.5102657307492107	0.7160913695354647	0.28725077336920846	0.6394657300749438
0.5699595655436183	0.7095501109324949	0.27287498200373794	0.6230561664750565
0.21843870952122124	0.6878897701073223	0.37973036708144736	0.6123242996531402
0.20912086132598606	0.6670797647068298	0.38698406653340967	0.6025297446816258
0.516910222972552	0.6606458952256187	0.4185599833832925	0.5946476952311308
0.1880588289631282	0.640683118421572	0.44639220856751116	0.588385303398895
0.5511324612068065	0.636953112883978	0.5584446747552727	0.5871383758474651
0.5371653080382301	0.6328535503992214	0.6378758572601293	0.5892231526377572
1.5585964361361935	0.6703744318090001	0.7224091613098944	0.5946215465569513
0.7658693213145302	0.6741933413669754	0.7223236763122518	0.5997284143023152
0.397774724546895	0.6632849223777035	0.668074364413602	0.6024257338048411
2.076488303846341	0.7183314728334824	0.6346126967640167	0.6036795752606607
0.56685266372029	0.7125065090790912	0.6666473275681457	0.606100550568776
0.14154478020816552	0.6908293703247916	0.588737273053852	0.6054410919146966
0.6988495803775583	0.6911300169760259	0.5002942432138058	0.6014989647374089
1.2351360583331945	0.7112737040367769	0.5881765599063717	0.601005592614152
0.3827088657003592	0.6992558019172579	0.5377558660173829	0.5986921732324202
0.2689215093620627	0.68370476773318	0.4644733457060708	0.5938417189816196
0.6375623470698633	0.6820568485348801	0.36515536524018266	0.5856758396065953
0.7085400327664502	0.6829910700798718	0.4662054745900006	0.5814598948858436
0.36861478551893234	0.6720266661258543	0.5500921917361796	0.5803658076317801
1.0083170049582892	0.6836202854276252	0.4941772841846568	0.5773942414531317
0.6995094027073467	0.6841614640656619	0.4713130619180286	0.5737782348846459
0.7879719733925878	0.6876596978858045	0.44132721544311604	0.5693142403913722
0.41538597211830264	0.6785854096243149	0.4165326596866137	0.5642222431875525
0.2740702586765791	0.6652521553383117	0.4584312364821965	0.5607351155066433
0.004533289277421915	0.643711029773059	0.41670287532951944	0.5560392544315118
2.204206082984289	0.6940398800958829	0.4632138863982269	0.5530453145798973
0.8239172767299254	0.6981841065205598	0.44718500633502445	0.5496673892066852
0.32849296311754705	0.686511712626541	0.44359417715927774	0.5463182578283163
0.09209190040145465	0.6679394649818371	0.49085161421393564	0.5445853068137865
0.9611441860414243	0.6770057536000438	0.37725757203741117	0.539410921236058
0.6971421762606587	0.6776218052439693	0.5084305782514398	0.5384624746557185
1.758394403523936	0.710366704898374	0.38663940281499887	0.5338624706132682
0.1948087535915568	0.6949024829209294	0.3586308216002281	0.5286063031458281
0.11856271308004507	0.6777863157471624	0.28009500106930507	0.5212259941160473
0.14284467780358745	0.6620553661667223	0.24036295863033508	0.5129667228576757
