-1.0	-1.0	-1.0	-1.0
-1.0	-1.0	-1.0	-1.0
-1.0	-1.0	-1.0	-1.0
-1.0	-1.0	-1.0	-1.0
-1.0	-1.0	-1.0	-1.0
-1.0	-1.0	-1.0	-1.0
-0.9612240263788114	-0.9872149458196745	-0.722067432720835	-0.9083612196084386
-1.0	-0.991016872329922	-1.0	-0.9356120942330897
-0.7887683608512508	-0.9362571447730965	-0.6531577909094063	-0.8591362796118944
-0.9244870121076187	-0.9333325206234766	-0.4319445699996133	-0.7529883653930116
-0.8873556001346041	-0.9227776622835536	-0.407878661957665	-0.6737620001190863
-0.6924044987536293	-0.8736343877451069	0.002580154292841641	-0.5294844774762746
-0.8561844371428978	-0.8701581710879057	-0.3122246393278154	-0.4862039803704036
-0.8092746087281746	-0.8587823111923147	-0.18011744074451008	-0.42901290530469516
-0.44918155070992427	-0.7867248658005919	0.8918678689203974	-0.19664203379941902
1.5517249196599354	-0.3980727614049323	2.799999845541329	0.3014021239463245
1.127744364830646	-0.15776353654949427	3.862957037512241	0.8623307523644497
1.7978594013472793	0.13490504398071068	4.084777435052216	1.3445857077074037
5.943210442809317	0.9629181081802598	2.9997188437470506	1.5805362142454507
2.989737913761718	1.238767883990835	3.514776558791411	1.8437858354872119
2.3074030671461725	1.3779064479078689	4.054698438002292	2.131651375147499
5.913069692790566	1.9438661539097528	3.2748847541568527	2.2743199621143027
3.0083634276398517	2.0714100197073657	3.7141708196276007	2.4468371485540374
2.3570572926539803	2.1043224677699	3.5725580715243384	2.576542452935668
4.620849942437601	2.3835630475002327	3.944759093248556	2.728363787454964
1.520437545840108	2.2912019455777792	4.025504813602109	2.8671691932392913
7.287765405672287	2.8074787437773656	4.600186983730253	3.0462363391419682
2.744571055563178	2.801195430193726	4.310827218051779	3.1725550739740953
4.883652635697157	3.002511642973724	4.065182554973176	3.2588477150486543
3.4647261467215857	3.045800968786663	3.6543067787214474	3.2958849579660248
4.5672493978930016	3.1839833244454585	3.7746676812440683	3.3393692534835058
2.3359257983914836	3.1092218542297454	3.232980313042443	3.329990229702636
1.4289604234063145	2.9653231302998355	3.1239137630670646	3.3123422796657715
8.799655413968418	3.4511220169988013	2.769766159623254	3.267165098563079
0.8795431663578919	3.242778502283043	2.660041475125158	3.2179778137673933
1.0551528287068344	3.0702000242653398	2.8156082331289305	3.186235512399594
1.1994527614110342	2.926399374048775	2.5702552926278357	3.138886603025541
1.0806374444453386	2.78806244842062	2.7048035860656734	3.106353416393417
3.414918077295548	2.8338998024232236	2.891737106490094	3.0906601303147854
1.268616690803142	2.7221643492518397	2.7306832665799856	3.064963469148103
1.2480026198112775	2.6193782466783855	2.7626506061729996	3.043884458119318
1.7503698171882163	2.560162753017104	2.5529586162052786	3.0104323376065576
1.5776819666515642	2.494701245322339	2.2671446992321185	2.9609080974570476
1.3626994911966248	2.420915507830297	2.5102630053578787	2.9315345666571053
1.7340087274685123	2.377093629703502	2.37286196414872	2.895893578285578
2.8220895236428243	2.4048916093034776	2.875272035108226	2.8946052727916856
2.6235599122858155	2.418272786805188	2.6929955009871622	2.8822678044092185
3.357248306009237	2.4745852563899495	3.2027303256683046	2.9014871545415057
1.5614674800689183	2.4208977579365616	3.5790377772952837	2.9413255666164884
3.398000036766998	2.4772441826088616	3.5533645968008836	2.9766200962371734
12.533668804722854	3.0462299849639987	3.585369934933909	3.011063201620331
4.969319771740473	3.153023419237871	4.3688915255881104	3.0864664531789696
3.5736463625356665	3.175958245827819	4.822511248786362	3.1811224625893217
9.250449851219956	3.501249482370473	5.112766998885187	3.28456321979362
5.754279416746204	3.619783061161699	5.220611644361918	3.3864201063833548
4.704457967148278	3.6758658174402044	4.4862126734241246	3.4432845133912178
4.813441598470287	3.733686687922198	3.898392248877398	3.466416484334517
5.186594958974198	3.8063061236945828	3.4205544114485606	3.464124228954872
3.8278697980855636	3.8073667628002292	3.27323277464994	3.45473984539404
2.107366984958247	3.7251362497348675	2.6872806230217536	3.417616810670082
2.0333721724756932	3.644602986590301	2.91688734816907	3.3937806851924446
2.667229355366472	3.5988030461953198	2.8166910788534585	3.366737955622191
1.9068637461215787	3.5207383296166945	2.78306275251013	3.3398077012626484
2.9541939038737572	3.49499481649109	2.7157186604816426	3.3114493011543287
2.5302893028027773	3.451812302770729	2.5190190321788224	3.2759782699054245
2.7457159237623285	3.4206707259483764	2.7404846867192463	3.252361059481191
4.970370580019622	3.4880295381758994	2.5443928164535135	3.221588775005248
3.239945924825774	3.477400682104954	2.6390105025369257	3.196628453058354
1.884752476903465	3.4101250541740296	2.7527372649421276	3.1778786083990385
3.157302141575295	3.399594046334462	2.7670506971288096	3.160765807201912
2.54981114680311	3.3646813193944256	2.6071677624157843	3.1380218319632514
2.222959068336052	3.31840720546752	2.690515787474094	3.1198842612304096
5.40215060396065	3.4017360549387794	2.3990413915897895	3.0910581332882936
1.6566758112566973	3.332869220376079	2.348015637902526	3.0617346840470807
4.7893208978654425	3.3896009303362877	2.3975763345156764	3.035865205989653
3.514727463175774	3.3944121365093753	2.424677434332922	3.0123635069896153
3.4009464466458974	3.394660590126085	2.214056720803661	2.9820555075199384
2.3673639629868273	3.3561458364461236	2.226948077092527	2.953745480473296
2.3279208948984365	3.3180724109755975	2.3921212448631	2.9329496251993032
1.9043153521398004	3.2663611761819817	2.1945561525014337	2.9059412760512178
2.0698681867043565	3.223123482544395	2.1119411659683296	2.877248307889169
2.5802890738317936	3.20016989569383	2.0254287569717055	2.846832609421198
1.4321520580131146	3.1377820482017116	2.194285278397585	2.8238057811515254
3.318683256947325	3.144090548918019	2.3543334427080715	2.8074317306934065
2.293409759694392	3.114762670895879	2.2097690054476895	2.7868268213528826
2.2436362982419915	3.085070741702949	2.1527845332005966	2.7652156814837814
3.017239252468989	3.082784635472449	2.0852316153977486	2.742299350776286
2.089368405362502	3.049676683432466	2.3105043092528974	2.72790839754396
2.2067034332865276	3.0218913448394016	2.2624147595153787	2.7125650359669593
3.1256309330860272	3.0252725616089746	2.1869029557834394	2.6954263981328346
3.0232467694573355	3.0252065073675327	2.228235338169689	2.6803579593018525
2.8444851609628	3.0194400853272754	1.9863665617022295	2.6582135448799735
1.8689336441431816	2.9831146594411635	1.897713727911973	2.634201881957718
3.0812566814857574	2.9861811361845563	1.9087689405895705	2.611536214487002
2.1557475232481584	2.96050162487318	1.7776357492427732	2.585749562050275
1.4772621895802218	2.9151040452297092	1.6512598625295554	2.5571475167666793
1.3979764757700046	2.8691384887702345	1.6351239393015833	2.529212343844545
0.950430079586956	2.811586782254182	1.5463183623116863	2.499730285643346
1.4687182539535764	2.7717062910111325	1.4811214917936	2.4694796701125
1.9205936908810726	2.7466772305883502	1.6045055083820485	2.444043031520966
