-1.0	-1.0	-1.0	-1.0
-1.0	-1.0	-1.0	-1.0
-0.882774873227081	-0.9323539037262403	0.11877326846216874	-0.35439912661809836
-0.969416593146097	-0.9504117845184277	-0.6602726026351016	-0.5034284197226786
-0.9006761964149472	-0.9294873988956651	-0.5441738027823667	-0.5205705111103234
-1.0	-0.9555635637352806	-1.0	-0.6978676492879596
-0.9025430318058777	-0.9380818542918647	-0.5086328110028153	-0.6354739373440594
-0.9912810351939058	-0.9539018417675926	-0.904300382473882	-0.7154156100532921
-0.9275169490340446	-0.9467580081408479	-0.5401037629820566	-0.6679491035483736
-0.7275604713813612	-0.8922921469432066	-0.18401757479049108	-0.547702546951129
-0.9515206708380184	-0.9058891634669184	-0.5812666759058518	-0.5554078415418691
-0.9492235013314538	-0.9151332618141852	-0.9113749995277662	-0.6313428541659811
-0.7030637662466351	-0.8728867322594664	-0.2400353320094969	-0.5533901810366463
-0.4945350204833091	-0.8021933638268988	0.08712663272525112	-0.43371241846754294
-0.5837576546646233	-0.7637659103351409	0.15334572539864233	-0.33043650073286135
-0.3285950806411183	-0.691440361563954	0.39961895244543677	-0.20910107725572102
-0.35731821085956805	-0.6388176209240589	0.5158570453474587	-0.09492342204622095
1.9037194870185759	-0.25831428148731017	1.9965209914782838	0.2180716488959471
2.7794457267703288	0.17473848160874383	1.7519578288807298	0.4367372238940621
1.1002705306421787	0.3007031605447974	1.20984837364646	0.5419573854384863
0.3822053719523555	0.31131490742282253	0.8892362892363075	0.5871738304926575
-0.13350221064395307	0.25580477277162217	0.9305052774196423	0.6300197061403225
0.2742529774698217	0.2580152707267189	0.895313095789197	0.6618061897334553
-0.04221531197443584	0.22342297713670223	0.7207363630429042	0.6685962180938347
0.6813379646933102	0.2742342997956533	0.567169689495669	0.6573417647847386
-0.14493539176794967	0.22938000371382827	0.4610494888576573	0.6363373691826961
1.7886817373186044	0.3904971153763086	0.5584553593152941	0.6282905692401679
0.11523501148858539	0.36300154967649956	0.7754165598362273	0.6429866989562274
0.6875171308065104	0.3943730644536305	0.9439542669478214	0.6720817534813686
-0.35888488208137614	0.32382548806941247	0.6695569382670792	0.6718450781603664
-0.17195696247754022	0.27879713160344655	0.6910537057917419	0.6735899218115962
-0.1022294938897762	0.24520745124580623	0.6805345747568614	0.6742022829048886
0.8224057900603556	0.2946393841788184	1.0698529156339012	0.7080863285684795
0.797867567262101	0.3365409468250218	1.2895395650970833	0.7565013562078577
0.9458157143748189	0.38590314654244406	1.608101278392287	0.8254962423395664
1.4226030177987288	0.46768730527218993	1.6233428693894454	0.8884376672621499
4.570815515769435	0.7830880181627933	1.9981910276996655	0.9737428171938507
0.8413277658552649	0.7874532795869715	1.7088364963002198	1.0288374872605988
6.281495227415619	1.1891914532376084	1.6934718978847454	1.0774370795965669
0.5572552733004665	1.1440817487271628	1.4860344716107425	1.1066042778741112
0.67592142098296	1.1114393454550546	1.4401837057475757	1.129863235992627
1.1358399776175414	1.113102148685147	1.3344135088247104	1.1438017851235935
0.9419166918761404	1.10169636248383	1.341962358968487	1.1570051924186213
0.6662319444017994	1.0733120982919488	1.378004601445502	1.1714105074668142
0.8406190608270245	1.058467040391312	1.4589078991031252	1.1897515758956372
0.5088639685378813	1.0241346408608614	1.5531663987338593	1.2124539798122869
0.965114792752763	1.0205232007670548	1.557486299650137	1.233568322798961
1.707745610859018	1.0617372686668025	1.1435443222264197	1.2281697555760207
0.7090455061814438	1.0410004283630059	1.3550443086639299	1.23562972693823
0.6432377908215408	1.018062965116795	1.2926367064056312	1.2389172629320093
0.7874226670992275	1.0050138596898366	1.3639994030625022	1.2459947465276215
0.7676578018920357	0.9918330768541683	1.44593994547541	1.257098264640799
0.37347522482266227	0.9581185139421904	1.0863948673602253	1.247791319564267
0.5496344049687536	0.9362445517326472	1.094609350777512	1.2395889440023167
0.3092298062262613	0.903256324485856	0.9680494822785104	1.2253025631831491
1.0605095184648317	0.9113870613823376	1.1141123202072372	1.2195535355951042
0.5854863320441255	0.894822009950685	1.0957749625967557	1.2132621308024758
0.5441558922831375	0.8772948861045746	1.1382552141523825	1.2095129937718583
1.296372929741577	0.8978982732292684	1.1316474750722185	1.2056850524368614
1.5649490313553898	0.9301636953566486	1.3138204551270523	1.2109154149958932
0.8331849767920643	0.925547197132528	1.3620669924123026	1.218110719766297
0.6528806961359712	0.9127698278955862	1.31729422534737	1.2227580562223936
1.0154748271198404	0.9175085432593637	1.3928276382951505	1.2306049186706605
0.9385547393286766	0.9184651784667426	1.097460990241367	1.224555104668016
0.4623296231165932	0.8980473409814007	1.0808109355702773	1.218120693580199
0.44231807386106814	0.8779477213867757	1.1081123538250068	1.2132690175540883
0.6769467582042057	0.8692110495688496	1.2166386022098186	1.2134154407429638
0.46794693589247505	0.8520189146315025	1.1479654821806218	1.2106112776211897
0.9116950019926706	0.854540067948933	1.0593153722001056	1.204220618376965
0.9070801928564085	0.8567286469185245	1.1059986093555687	1.2001291476384974
0.5750561999703456	0.8451564120648747	1.066498335157144	1.1946392802122197
0.781234298303674	0.8425656793986178	1.0494917775307808	1.188756489102448
0.7718476205101135	0.8397379527796724	0.9761277302822728	1.1802538164693592
0.789211499989245	0.8377443237831936	1.0146747641291167	1.173719817876771
1.5595140956732387	0.8658584483596659	1.0724134767714086	1.169773897737497
0.6897466266456136	0.859086471849998	1.048232865760434	1.165100274986199
0.6874937767009928	0.8525718386983214	1.0996651080055182	1.1626159869668071
0.8465002079521593	0.8523440811646863	1.1230700614206173	1.16113321642973
0.596132236841427	0.842856982469057	1.2049966555027969	1.1627575056275563
0.6926264369228792	0.8373619114424242	1.1516368671412733	1.1623506636658556
1.5579541498347145	0.8634010814233963	1.1534855436970632	1.1620298050681264
1.2265280606649145	0.8763670378056141	1.1719159497356255	1.1623827487097098
1.2911383702830954	0.8910024259230587	1.2863790437092848	1.1667576724000575
0.8532716248581997	0.8896862648961019	1.2141266942067874	1.1684094411888006
0.9217170983819882	0.8907904475428587	1.200596554009549	1.1695189969134274
0.8515244062697704	0.8894517246237077	1.1815484421953504	1.1699285624755644
0.5817878145708624	0.8790829481160196	1.1084110724121858	1.1678551557482555
0.934005544877569	0.880912933108654	1.1753023641106402	1.1681028866778345
0.6486313532617651	0.8732566137943829	1.0905894043124986	1.1655477853508014
0.587237024937086	0.8639313238445985	1.0870064755697921	1.1629867018644715
1.1436114264757786	0.8729513260051214	1.2297269383399598	1.1651389499367668
1.061395455539321	0.8789643431110543	1.2304227382474475	1.167222037328103
0.7068220996336361	0.8735290591796865	1.205198863749187	1.1684208311371989
0.5719945118071512	0.8641077853094719	1.0663313126154068	1.165231099976987
0.5045972089055484	0.8529906508971652	1.0932765049337134	1.1630058022519099
0.7748504246649879	0.8505989790409376	1.1141805858250104	1.161511365436227
1.2613118435937283	0.863042636413679	1.2293967580358003	1.1635680894527818
0.8044123730135568	0.8612839323597206	1.30520377153838	1.167816324724209
1.0750024906113578	0.867630925761405	1.3775237363695934	1.174044191063035
1.137382415687799	0.8755633563569687	1.2961122330436012	1.177633693270053
