-1.0	-1.0	-1.0	-1.0
-1.0	-1.0	-1.0	-1.0
-1.0	-1.0	-1.0	-1.0
-1.0	-1.0	-1.0	-1.0
-1.0	-1.0	-1.0	-1.0
-0.9385696738472666	-0.9772825466961393	-0.5520595310865208	-0.8343478323694591
-0.9896377079785683	-0.9813562399296099	-0.8877478829467227	-0.8519546709212317
-0.965708995822876	-0.9767031837250053	-0.737650555666896	-0.8179638014589146
-0.8067408191363936	-0.9306850628720833	-0.5797492927540424	-0.7534660864800551
-0.6921344340861031	-0.8714103867068528	0.08978232958282817	-0.543937077725372
-0.7210375015374495	-0.8368894943669729	-0.1390683564931211	-0.45099193808381044
-0.7983753322161552	-0.8286736632648831	-0.39261218243919815	-0.4385384126455062
-0.4203439265056732	-0.7473299392817919	-0.06249052203384997	-0.36362556294420956
-0.5451770752956675	-0.7095585187788989	-0.337726665357034	-0.35878642973970953
-0.7876456982121794	-0.7232957144027576	-0.15686402652503817	-0.32326390954946194
0.17163606081849037	-0.5745574236141577	-0.37214559859119645	-0.3313880664620583
-0.45265358767457164	-0.5553581211346332	-0.23504858086435887	-0.31621503495167647
-0.7780957745515509	-0.5886919205333541	-0.20444042292455789	-0.2994874082751988
-0.8036547965500577	-0.6193363105055769	-0.21727140716080606	-0.28776696986126327
-0.8347855680854462	-0.6486589856379041	-0.21637310257576337	-0.2780502988397091
-0.6979071233475876	-0.6550711663471056	-0.10941103383241635	-0.25609299773167027
-0.6321922434394008	-0.6522159813944963	-0.08667870844213799	-0.2349510854971102
-0.3752538531851912	-0.6190315499577208	0.15844188046308805	-0.18781639538245687
0.09495026507913673	-0.5367669451128292	0.48797551555188123	-0.10995197140143087
0.4114390632057736	-0.43155164877820607	0.6269088694692722	-0.028187962490788143
0.7480797298530508	-0.30532114378449704	1.4446783369784733	0.12942120038038452
2.434882093828575	-0.022186407573789535	1.3623464962696739	0.2568148118516569
0.8160977830343858	0.0615487007506188	1.1839520422789733	0.34942534764289657
0.589556646916306	0.11259257302695014	0.9074156758745096	0.4033677153869706
0.39108753247436767	0.1386754320489041	0.9342812473092401	0.45309121146401976
0.11364451877973769	0.1364021902252237	0.7432249781266009	0.4794422728219321
0.590328500631109	0.17641850206328935	0.679633624241031	0.4970903418690904
-0.031527600441068504	0.15860996195732668	0.6147637466183931	0.5071682474788279
-0.221708727567123	0.1269427808128618	0.5331899829062818	0.5093352814085765
0.6598802465577589	0.17012048202958585	0.5435919239620957	0.5121109135215351
-0.08869239337130141	0.1497033050486245	0.7075270105839224	0.5275273338080044
0.6092999253198472	0.18503173520732985	0.8159754631445955	0.5496999097428403
1.4470485485161233	0.27961845743631697	1.0777310593836154	0.5892753634570269
1.0563052083827915	0.3364118577447168	1.0510643396927941	0.6230426117639793
1.6469052278862608	0.4299592040467888	1.2215033870234633	0.6657626532503171
0.2708871279566816	0.41886783370269876	0.9501816055886159	0.6855936692286886
0.2695638347730578	0.40869410296839814	0.7753052186792808	0.6917069595129959
0.2805154758739761	0.4001536172234459	0.9257341845653504	0.7072998618880018
0.9421745397144561	0.43548385957052815	0.7793678349571145	0.7119976727779957
0.19926255578040908	0.42041383853525494	0.8428537449585363	0.7203457905021979
0.7439190765159123	0.4406227468208683	0.8699773960462931	0.729693134357813
0.43693603226482103	0.44039741334498617	0.8426463736190151	0.7366055841824402
0.8821223159570943	0.46688837784874604	1.0180370215466357	0.753483532348932
2.9105089189331377	0.6105649774677577	0.9244066571922802	0.7635334873342836
0.6976368965290018	0.6155862884048247	0.8763028363978234	0.7700366973595991
0.6341718795999631	0.6166380363287463	0.7969911884135013	0.7715619697101705
3.227964339135351	0.7616513911858749	0.5521394561342616	0.7593773007248097
-0.129301409328755	0.7130739652673221	0.5500318504695947	0.747963272376736
0.156201862539584	0.6832536232303059	0.5939712566666671	0.739717265057974
0.07975218131920903	0.6515026535485289	0.5597007082323042	0.7302463078160484
-0.07816696773255083	0.6137753547068816	0.5724948216188064	0.7220898093873906
0.6598140690128358	0.6161154664465389	0.6697301564776739	0.7194284533637989
0.3442681575637443	0.6025277716205508	0.5557354122513309	0.711246504325953
0.221171317813027	0.5837789508337443	0.4412280090202876	0.6979713852481071
0.5495790964730758	0.5821246617631772	0.4130322843697847	0.6841886849688641
0.022603266930255606	0.5554897517297943	0.5702311152870752	0.6787641110267322
0.23337939100673877	0.540395821713987	0.5155279109342812	0.6711150135955686
1.5751122466262029	0.5881365507417313	0.5845080114658026	0.6671188582485057
0.6562670977852925	0.5912323004431843	0.5510002233362674	0.6618422459795792
0.08114936591281707	0.568399729697995	0.4951422258006217	0.6543803981522485
0.20246611876367382	0.5522605167770755	0.5393847463924946	0.6493087415417154
0.7654974649182786	0.5615293190306878	0.6429718020060553	0.6490335942681325
1.8422673401834557	0.6164024620001587	0.5507889693133399	0.644824257503593
0.30907375309585783	0.6034204043450364	0.4684315804780683	0.6373731817562676
0.16754706373743766	0.585263968707924	0.46406103519139474	0.6301538308879626
0.2988164135468656	0.5734954160102552	0.38620130561941224	0.6201311937037872
-0.0067175885373531585	0.5499795655373159	0.40370136769691545	0.6113595343828933
-0.13612445939961393	0.5225424211526786	0.33644283210370385	0.6003656820370007
0.034269431646982706	0.5032733289619962	0.3567721914141764	0.5907525747685529
0.356198974777727	0.49754478388504086	0.34330970364340674	0.5811145270526088
-0.17405211196345627	0.47172027016787244	0.20986846282481175	0.5668391394089483
-0.13427333438679478	0.44871322901567723	0.20418001454642787	0.5530704328205815
-0.2684486878822717	0.4218259343924271	0.15106576196926813	0.5379988052609432
-0.3279279370526378	0.39406365970348056	0.14134903326235437	0.523311512124875
0.5088731033116722	0.3982629918700551	0.19143121196053614	0.5111722142730826
-0.045910604090400375	0.3822118197504205	0.20628306314564937	0.5001542477554015
-0.0831513037918572	0.36559507484021236	0.23775850934015397	0.49078468901751093
0.35625343994742575	0.3652651530552189	0.2119284837792883	0.4809445421715861
0.41439315508218666	0.36697835471664875	0.2517744269655038	0.47295172414336006
-0.042793367989318654	0.35285113835032056	0.22179819887694885	0.46429295838651585
0.018710213983016866	0.34146204561662086	0.2089708064611948	0.4555902827901144
-0.17762217074179354	0.32396815064941387	0.21213191530684328	0.44738522300676364
0.761326560447444	0.33854362373566493	0.21484243109203116	0.4396351185221148
0.4174608600863967	0.341144743077874	0.2725220223428695	0.434126916345392
0.23430301496042993	0.33766132518335934	0.2848079086427291	0.4292586281981441
0.485978985163793	0.3424445514930077	0.21751409716552716	0.4224291739182089
0.006767875309868776	0.3317333289399289	0.16910463434202927	0.414345709593519
-0.3524406189437498	0.3101316959891791	0.09855072207954829	0.4043749466876836
-0.029600758441722386	0.2995168948760307	0.10310993051939854	0.39496203021388165
-0.17810550006734727	0.2847477205769273	0.10306451559438701	0.3859359307144763
-0.09769378528131767	0.27304227879264853	0.07896796011077512	0.3765404866290347
-0.05237821146558019	0.26318259508514985	0.10229909708490403	0.3682313960285126
1.1457237273007208	0.28965424774436843	0.10159140642337317	0.36023348594036064
0.19157346579923984	0.28674146816761525	0.1634401807604413	0.35438913823384777
0.3162470621498259	0.28760913129369214	0.23706106007249006	0.3509388726980338
