4.173851094046274	3.5173208944466783	22.05928906670612	19.13320569507402
8.659264695130574	7.128044261210956	16.076013401998804	16.98641570827305
4.155520987009896	5.412715595170784	14.379656697616559	15.482155336231902
1.0457740376324947	3.285030887441324	5.00453850436281	10.377194727636025
0.4791676235840703	2.104569167585458	3.475852316818628	7.473713846106325
3.212811929267116	2.514406471288269	2.5297957408610845	5.645410198915568
3.0720690728635462	2.6982761735325265	3.5835964848897603	4.96559656374061
0.9343158498273005	2.1737220090075287	4.450229835065827	4.812339251398445
7.205241940136711	3.5360290787813025	2.0105461143744816	4.053740068285548
0.845883022340443	2.8675858697278134	3.5608501747491816	3.931267498081369
6.48656105236285	3.698388263519525	3.317213366434075	3.7902993494343855
2.236803011374699	3.3866022984575546	4.830522519065039	4.012199569429067
1.7691303697608078	3.0643842434033512	3.9250878847965556	3.9948456709374476
2.0810057338082966	2.880644791415097	4.434397941762955	4.076975202302548
2.135148987244305	2.7494955151673137	3.473353673859074	3.9707843932633002
2.9309527219576545	2.779653778075275	2.5482279385234237	3.7343545046627273
3.0792333238095475	2.826836170577822	2.110198309319367	3.478557193956739
1.272618874267677	2.594240063790701	2.8170957906687053	3.3795666246277882
-0.1459123287598133	2.203613163637415	2.006424149628775	3.1838162871587965
0.2444123128581137	1.9369657388714736	1.5909180035191914	2.9670226955322057
2.334748372708312	1.9887582797005297	2.003461209435661	2.8415652252982437
0.581728905304169	1.8131701329718797	2.0114600012705517	2.737973449255219
3.1355164086503127	1.9716088170828714	2.5741942725592755	2.7183508484839254
1.448395845569105	1.9113248642561604	2.651407636376048	2.7106381392252636
2.1403068067582254	1.9367339038223843	2.601081536064194	2.6984822952785064
1.9328891377406228	1.9363228853724501	2.1600803891927414	2.64086933315955
2.879988041699224	2.033828520389582	2.708683707159653	2.6478768281945917
1.0597212980408335	1.9365266216743158	2.1849046056102006	2.6016315709026046
2.6229286421096187	2.0028827230687125	2.1448385964182544	2.5574724290810322
0.7898475710878312	1.8892740672714794	2.2201934356136737	2.525883989254746
1.308519388791971	1.8365279958671032	2.142570993323989	2.491070122435416
0.9776342851229258	1.7608117863581012	2.2229498405233152	2.4674343330898845
1.7667915200738213	1.7613242620162035	2.9071208257139594	2.5050899940341327
3.2400066942763113	1.8844473682791874	2.9814522857627135	2.544754609652542
1.5086997053071705	1.8540052770770177	2.9656876844364715	2.5788579885801277
1.40865701990198	1.818872456006904	2.669665676168763	2.5860217189339587
2.7071286555877	1.8871516240565969	3.0770345055042663	2.623765581229853
2.887306699334472	1.9621125128612706	2.289226008319489	2.598692826691183
1.4983775837965636	1.9282026578648859	2.456542275139915	2.5882979353310587
3.1283760549343853	2.0138755981560923	2.819388359972816	2.604794371264174
2.73815745379006	2.0643764448151125	3.2781258963755713	2.651742745192566
3.4167282491548336	2.1565284864616645	3.3054327596749937	2.6962866469089044
3.3798964522452515	2.238040219950793	3.03064167645202	2.718564321713659
4.009596016895411	2.353513440526788	2.8928390176572845	2.7299238127696235
1.3831816105382693	2.291610344926256	2.638114070136621	2.724067283197142
4.475249016043239	2.4280189910434253	2.5022568355521306	2.7102116104855125
1.3974870061629252	2.364956435228916	2.603887276583551	2.70370543335387
1.6711042840104353	2.3233452711959823	2.821635045137336	2.7107780119530114
4.660283163912835	2.4607497221722774	3.21357613718207	2.74034146157342
8.082905931318276	2.7849606172609915	3.2513506389091873	2.769810022729646
2.8529603460094677	2.7888086521568107	3.8684858240849893	2.8319730345063063
2.622489493119079	2.7795733462546157	3.5168023884788697	2.8700039880148775
3.259275027795704	2.8057283045169696	2.9974237315622836	2.8769514375876306
3.6026526817149795	2.8484046808926564	3.5674808680259433	2.913930348851426
1.8537155469118178	2.796073089547336	2.86934209389414	2.91158473720326
3.933659551153937	2.854890711923502	2.8061696655149895	2.9061336358565297
1.6951621960798264	2.7959429095110826	2.588434491474575	2.889985073878056
1.7816906491139841	2.745248724303841	2.677767019633652	2.8793783237329778
1.52015995760715	2.68501923037321	2.535983052459043	2.8624955615890832
2.321372828476828	2.667429563496041	2.944801932443051	2.866476932652723
15.643760404224953	3.2851436350110355	2.5474783253642705	2.8512913276452143
1.6031003506544925	3.2063234922864634	2.455804088398967	2.8327589585422737
2.3764258790769293	3.168032964216331	2.4458001524194444	2.8149052900623306
2.2302607869311113	3.1254201541498405	2.5166202452818323	2.801351080076856
1.823141925581854	3.067127232566901	2.365618274832192	2.781847037662727
1.940481419553309	3.0174369638960323	2.4130429027437574	2.7655810669289735
1.85719121438868	2.9670063329444343	2.178134879296367	2.7400475834401155
2.7691801858158835	2.9585310979359853	2.4982736360329687	2.7296893596612155
2.0885413987130304	2.921781313197446	2.381432281874244	2.7149785170881717
3.3689711626330814	2.940409565602258	2.598646256179695	2.7101329864230546
1.9382800013078003	2.899236895533935	2.458748316338638	2.6998046006362673
1.013499196663897	2.822808093124634	2.0607709587947483	2.673904728881921
1.6458879266591127	2.77574378441649	1.985619009027864	2.6463808636528667
1.5634497314893823	2.7279022631555323	1.9133883408008283	2.6174544262434036
1.1821927536420986	2.6676948859465197	1.846290850306362	2.5874168284685566
3.1239211205194017	2.685237859235237	1.986538732140139	2.564311736011078
1.593497331515561	2.6437888530411215	2.1640134508119733	2.549113745827854
1.58226026919086	2.6039905460788377	2.0772918443306008	2.5314242563226577
1.7662018534243247	2.572968628765075	2.0046706549843942	2.5119195472101983
1.9037311583566212	2.5484898246345784	1.8148779424812287	2.4864237464348062
0.8786290260774519	2.4881464589689757	1.7298364706927751	2.4590828893720547
1.4669339538699533	2.451682235841335	1.6080228318769914	2.428694210661581
1.0642448092360817	2.402723759642889	1.5185936729907077	2.396579222473942
1.52152078884339	2.371990273051057	1.4745964042395712	2.364423485725442
1.0901691287913886	2.327798084717609	1.659333738575377	2.340114346847036
1.5294478913972562	2.30058669821185	1.7566066790263255	2.3202256188469432
1.2357125134386688	2.2646990541424445	1.9323941142331469	2.3071550476297142
2.160766765384828	2.2612346475063902	1.7238901794951427	2.2877161115250213
0.971987369502036	2.2187401451540207	1.591922213685208	2.264782221675272
1.417091487159181	2.1926044235276803	1.5915171959029855	2.242832130595184
1.2289795270770525	2.1615254192107027	1.5644841129845504	2.220953865054128
1.3756722066130243	2.1364494932733127	1.7720577246893345	2.206629888336826
1.263290160176397	2.1088806923632277	1.5806351121185562	2.1868648197202014
0.9633871972666661	2.073090343628073	1.6254649276534865	2.1693241104370466
1.6397378946964936	2.059690116789795	1.6633838149552238	2.153679294506572
1.6299033519198982	2.046535474154317	1.7694118458373342	2.1419178485508947
1.1364650776220078	2.0189622632493505	1.8390108473758917	2.132740368735257
1.6345420061801446	2.0074314464516245	1.6833765433537722	2.11926157062526
1.5468418312698686	1.9937527559655797	1.599440054714662	2.1038238075781335
1.06816287454647	1.9665340211760585	1.4967124963178016	2.085970559631594
