-1.0	-1.0	-1.0	-1.0
-1.0	-1.0	-1.0	-1.0
-1.0	-1.0	-1.0	-1.0
-1.0	-1.0	-1.0	-1.0
-1.0	-1.0	-1.0	-1.0
-0.9479309416931518	-0.9807444189771297	-0.4729714192391653	-0.8051003442696427
-1.0	-0.9870932922132429	-1.0	-0.8693618800043716
-0.638693728686966	-0.8834888562190142	-0.07399056210554056	-0.6328403794156378
-0.9500036909682322	-0.9014980637362401	-0.7527750020176122	-0.6653132453228912
-0.7668105946449774	-0.8680311458575645	0.012258479511591869	-0.49695134645239014
-0.6896396223448745	-0.8270780608595143	0.8570521568092124	-0.18611467886660005
1.5887427835895545	-0.3117345388789299	1.2868084245754283	0.12808966409341482
-0.5054511748747168	-0.3503249984841559	1.0835129126644958	0.31842024088407683
-0.794489872238295	-0.4333152838232943	0.06255082435508696	0.27061222960523224
-0.06564078910411664	-0.36863365157960515	0.6740019951994458	0.3415767964237517
-0.40373450355726903	-0.37446748702709476	-0.09713391255992787	0.2686627038193288
-0.906785807108754	-0.4583052187164388	-0.48918316326626077	0.14930542359395238
-0.6727364873028535	-0.4903959502683578	-0.3469601732893042	0.0750367570074828
-0.6197171926310288	-0.50883152506785	-0.0006969187236001151	0.06424049522826714
-0.6481493102632205	-0.5277927115962053	-0.36170349663104195	0.006269434704998078
-0.3297244519229904	-0.5020038245844546	0.20903731613908194	0.03267019664645332
0.16590392519419517	-0.4186531979485222	-0.07262495257656065	0.019530107086344062
-0.37905851746719676	-0.4139089797856347	0.659858800897787	0.09625195282389165
-0.5513179038450114	-0.42974113669494685	0.19196120169696473	0.10727952927615325
-0.26653890381918743	-0.4116317227882096	0.375440988360088	0.137035567643345
-0.692893140266438	-0.4417289212649962	0.2418012748975067	0.14824662679785217
-0.17878043596834292	-0.4145594375300823	0.8332501723159214	0.21902545150812514
-0.59981257803578	-0.4330640757845148	0.5692611246218673	0.2540100647943402
-0.6683276032846228	-0.45580754318728	0.07926765156351201	0.23711728134524757
-0.04075390032382231	-0.4169350889771759	0.7789685246475886	0.2878651423979499
0.1468885171152372	-0.36572678553132454	0.8932388875143451	0.3428472314932616
0.19232958219705032	-0.3165305728916572	1.244381524974342	0.4223232657902114
-0.23582121227214425	-0.3096183764380783	1.2120796767286666	0.4899592163248345
1.9401253781921204	-0.12229291072182169	2.269559429672631	0.6381380307339817
0.6010659865968082	-0.06368774165143676	1.73306679690296	0.7268471225429904
0.7135908288570834	-0.0023691008081875298	1.8204456149182064	0.8131199627684742
1.8611768755413713	0.1408788006873265	1.91065268995106	0.897485860827713
0.7978291637467152	0.19011675013063667	2.621586284304026	1.0267056745464864
1.5296873863324496	0.28806962644389356	3.186066684299152	1.1846037454649943
3.66385758811081	0.5290451779895986	2.572851446245418	1.2837017966149435
2.738370610590423	0.6830910631798994	2.259918572899925	1.3517690740425516
1.918899311670931	0.7673011273050885	2.2322086495836237	1.4117636193647694
2.463085400445791	0.8802896379450331	2.9010110402302787	1.5109907882276392
2.347786652662854	0.9759439438026951	2.908436551040221	1.602079044867827
3.4357123644716783	1.1328682864964685	3.1383537562391473	1.700087971963406
2.6346316489766286	1.2266812595784642	3.2519895048286838	1.797033074308719
3.245715296102321	1.35023554310964	2.8964213286431297	1.864310164411985
2.723888713256231	1.432615522704146	2.623328780430858	1.9098296463492286
1.1426266784522348	1.4155654741665478	2.533217689940864	1.9464829910282102
2.827248154555576	1.4969728935634183	2.0613720363027768	1.9531087671345362
1.1885938049019003	1.479525490317057	2.3063495132917544	1.9730954880085387
0.5528156987217518	1.4280636154402426	1.962479023721872	1.9725064621568391
0.9404907965957201	1.401480171986432	2.1028928865774996	1.9796163862716192
2.0446600789006415	1.4359229781732088	2.2085205926224565	1.9918747232732565
1.635705744400994	1.4464337542279782	2.1883903042467305	2.002213602764626
0.6013845279366046	1.4027408821720466	1.7892139615065714	1.9912006673908684
1.6587265655342258	1.4157523953162046	1.7945588052806416	1.9812056834226563
2.0736492538234734	1.448635081484415	1.7979194963313945	1.9720443132400955
1.2258760625366873	1.437683446251393	1.9384912196335042	1.9703946074047298
1.0201180602336528	1.417485665614762	1.7443710674435322	1.9594618665187267
1.4949320637462455	1.4211721350263518	2.016693696862729	1.9621860094092787
0.5194520207287847	1.3789179292065201	1.9667533179963423	1.9624004513054176
2.1673690667726793	1.4152962288611906	2.2957569925387555	1.9777810298196048
0.9828617204653376	1.3956465000764102	1.8878281288149088	1.9736939657421115
0.5868121111102984	1.3594409253642707	2.113238684431753	1.9799402147481824
1.8807082324201918	1.3824318821783979	2.2277331923594366	1.9908697783208775
1.1845569579066537	1.3738313614991178	2.4863775103785715	2.0124077515697527
1.167657113778636	1.3649977111346394	2.604691063046746	2.0377839433791434
3.019757810730166	1.4348984877110258	2.418328790092683	2.0538594591184185
1.1567105444207466	1.4233105830433765	2.2680506093789408	2.062781837107522
9.41029018848716	1.751457513147614	2.40922770318957	2.0770162726725268
2.51028789737169	1.782213244614292	2.779815672932336	2.1055010972868575
2.163145459338288	1.7974466360467414	2.94274665933892	2.1389823576058573
1.869867771179865	1.800305045346554	2.4586896342841347	2.1515996974330722
1.5614692884731842	1.7910022637220577	2.3166675951212308	2.158029619129712
2.7683179124524795	1.8285819462930588	2.4905240966547133	2.1708144914852716
1.0963223927119086	1.800780779044942	2.6543600851069686	2.1891718976279226
2.7074524224741756	1.8347729859338502	2.4674429592706733	2.199604563217721
1.6156940755954508	1.8266606199529591	2.476359041127977	2.209852146317214
2.330521366591874	1.8450905949909977	2.4388642389244306	2.2182289421008723
1.8510587797504052	1.8453056326382398	2.6312467834800044	2.2331532053009724
1.6203933437375828	1.8372746278691166	2.9842489137023227	2.2599720022844294
4.143329556444297	1.9186464887274366	3.165398230971417	2.291920614295014
3.8228381844253407	1.9850574030346153	3.29614615447073	2.3269439790791737
4.237763563124022	2.062720308178976	3.5512990258487003	2.3691538782810277
8.009876848857598	2.2654210063357354	3.641080306786196	2.412505071379702
2.675385600862143	2.279236895141025	3.3339517993002206	2.4435584289327332
2.8087156765193217	2.296881891357008	3.3337196012583687	2.473223700757376
4.101495911338342	2.356363111545674	3.106119418187655	2.494084308254764
2.2115924522995574	2.3516428170791692	3.054149181850505	2.5123433113311644
2.366885863681389	2.352134405994893	3.062224924929615	2.530078075792502
4.008471573113773	2.4049861937590546	3.246850416873362	2.552949318607537
3.0406621123214475	2.4250556880595484	3.0746225715992015	2.5694193744915585
2.2988283404007945	2.4211114879948767	3.11912736021047	2.5865943050104487
3.0383653662254178	2.440198142502374	3.2762052213911375	2.607918393769403
2.515951869414454	2.4425169514763447	3.0462659363119036	2.621335120440694
3.3338343841193687	2.469521918814347	2.956648291793365	2.6314943586761843
5.284603579467954	2.5539594126253404	2.897496524534708	2.6394726358484832
3.5906316525611857	2.584746527449038	2.6500365560947357	2.6397863565070945
3.1840219584386267	2.602369234006155	2.6641705742643453	2.6405032901511323
