-1.0	-1.0	-1.0	-1.0
-1.0	-1.0	-1.0	-1.0
-1.0	-1.0	-1.0	-1.0
-1.0	-1.0	-1.0	-1.0
-1.0	-1.0	-1.0	-1.0
-1.0	-1.0	-1.0	-1.0
-0.9892608099881074	-0.996459117716554	-0.8878600595602919	-0.9630256725200012
-1.0	-0.9975120795603775	-1.0	-0.9740208293540725
-0.9940907370432832	-0.9965857349638082	-0.9300282354195637	-0.962109627202034
-0.9720100480403023	-0.9904792087661796	-0.7708014975229402	-0.9145736987553208
-0.9532972605376264	-0.981943398913419	-0.856654871603508	-0.9012773528373406
-0.889480139100422	-0.9622191194481319	-0.555027700613309	-0.827415315379087
-0.8497231315646699	-0.9398087081092812	-0.5837455468664379	-0.7788736782218867
-0.8404139485868257	-0.9212372054090346	-0.5188283847191608	-0.7302852757731386
-0.8446518976541018	-0.9077642141741649	-0.4735666368645116	-0.6851229847178018
-0.8888559498437354	-0.9046216637571082	-0.5586178429831979	-0.6640978077324263
-0.7151479800864764	-0.8747804246141933	-0.40104278479050415	-0.6226678528044385
-0.7964295807343107	-0.8630548077260931	-0.39006517735797697	-0.5878576354083983
-0.7884000294426841	-0.8524122916805034	-0.46761088206544266	-0.5707157097829813
-0.3733560026937335	-0.7872127331520656	0.023718529661060028	-0.4898132332645708
-0.18728873491142606	-0.7091011994203931	0.2729529459745703	-0.39049922408940974
-0.527875634555719	-0.6864853952632322	0.12488723106330069	-0.3261822686579354
0.40946788475302487	-0.5551727770593942	0.11144957588054405	-0.2737469413448842
-0.7057110807291073	-0.5725176373618368	0.15967007242252285	-0.22380867469701837
-0.520675749887954	-0.5667650918783462	0.24572610040343146	-0.17170791468379754
0.009662161880170883	-0.5050824302546021	0.7212784885091765	-0.07615067032525069
0.5036111225107391	-0.4008580532104088	0.4645305553381769	-0.020284116828726773
-0.08631914730153645	-0.36943925937966826	0.40256703640408875	0.021953810148927166
-0.02715303107132694	-0.3363496773460365	0.3818587515407197	0.0567466336054776
0.29019034487831497	-0.27767023316213435	0.7078153236999585	0.11772331583244178
0.9150228894981864	-0.16934592770814438	1.0030231638464842	0.19812923340176125
0.681435312772035	-0.09434440529039778	1.0015585276854782	0.26895642029083033
1.0239943956640278	0.0014309644364043361	0.9402967800968534	0.32645045080967816
0.6506571084534942	0.055489141056830116	0.9358468749496229	0.37719222385615825
-0.0023986708252005107	0.05079930883405259	0.8584958873049084	0.4161866280380577
0.8258604492074504	0.1119428210387321	0.715326004943015	0.439785382911146
-0.05761081766909948	0.09890970850964886	0.5485609470171136	0.4481470215929595
-0.13333853887658254	0.08150317906601745	0.524707140768405	0.45388538067529893
0.4050051373266439	0.10515855585070755	0.6757272269955001	0.4701071156052694
0.12817544456752983	0.10680160417558682	0.47051396206759977	0.4701361886536046
0.25693287892406946	0.11726946494770996	0.5622609690748888	0.47655953422849984
0.5728150332906867	0.14831150285944195	0.4720981743764945	0.4762558118204676
0.25533886498023795	0.1554426851611468	0.4888585633125333	0.4770955843331963
-0.2504941121502151	0.12898300550176156	0.41631875689355	0.47313410218548446
0.5421056993400855	0.15533891532284927	0.7309130219833229	0.4895797016970185
0.08593320472212262	0.15100340327871442	0.8241849929671397	0.5104821237010477
0.1659521406733182	0.1519183054661184	0.7201439383974002	0.5233124252595598
0.5559169284316621	0.1761467028989776	0.7172510649135879	0.5349432345812082
0.4870912628327859	0.19442933611434254	0.9586584522324144	0.5598564433270126
0.41711474944597127	0.20727100427043	0.824772377115385	0.5751334501707399
0.3994357060840037	0.21814358500101982	0.7904223813021543	0.5873143976232469
0.48922188913503706	0.2331974013135012	0.7159845941797733	0.5944600313674104
0.18722020683093454	0.23069072255365364	0.9245408878821535	0.6124572868021971
0.9148341619799216	0.26732673471576085	0.9483757418536332	0.630445826445357
1.105998701177215	0.31145024217695916	1.1480953066878912	0.6576799649010263
1.6905391538834755	0.38275556179399706	1.2453071626802328	0.6880630506687995
0.6152388383195175	0.39457235021202863	1.188972490068695	0.7135235926488486
1.1545379530515851	0.43255696399214516	1.2665070132662075	0.7411628004842816
0.49107453593573025	0.43543372856403195	1.1015519787603698	0.7588804676524634
1.1647712738716134	0.47071197923834074	1.1312733431004478	0.7768930870157897
0.5340763899559053	0.4737285504454596	1.231615658529626	0.7985396695708373
0.6343481644767659	0.48125527206165386	1.1802432690038542	0.8164263814201742
1.3707894533877165	0.5222976943179185	1.0713009696850473	0.8281861012866196
1.16879493236807	0.5516748823887232	0.9938843443541747	0.8357155504531182
0.4315925226049897	0.5462996419135147	1.0574586646134723	0.8456412776551405
0.8288195150490114	0.5587599487067814	1.1206319763009116	0.8577694944909315
0.3764489534183817	0.5508359003190244	0.9901644143236403	0.8635244510584783
0.7302388927425834	0.5585227176970775	0.9743251567804687	0.868272044831333
1.3456377652168912	0.5917721397699074	1.0818001363382321	0.8772920889283136
1.122293256788542	0.6138714157034815	1.2817996260909226	0.8941422421552288
0.7401238373521539	0.6190584834246735	1.1639344557106273	0.9052266343944129
2.059923955615923	0.6774569250466913	1.1046568575638815	0.9133096758383072
0.7425744148080335	0.6800613694965316	1.1227955368407234	0.921687469055221
1.313587553730311	0.7050631474536149	1.131233360714285	0.9299573423972305
0.8791572089646496	0.7118445862701999	1.1429275098204714	0.9382530933559998
0.5497652377552773	0.7056121106288162	1.1240793008067422	0.9453983152999457
1.0626325242707946	0.7191663289905166	1.0696285151675164	0.9501144901698004
0.7797690637076311	0.7214385941686798	0.9781788722270597	0.951166871890794
0.5956091387371094	0.7167792867542693	0.9056947541115297	0.9494830791102096
0.4619610781059811	0.7074588425371937	0.9026195463576576	0.9477690529833864
0.5777594922135274	0.7027715615835588	0.8505173747414425	0.9442542546780923
0.8193049198253051	0.706932078550959	0.9194462161425696	0.9433679300716289
1.2903083467456202	0.7275172467838862	0.8673855881283385	0.940686605420425
1.1136391780939165	0.7409837025533703	0.9689026652098849	0.9416705903833407
1.0217069819502567	0.750661701777271	0.945645613858118	0.941807513676794
0.2657789581361547	0.7341346752221585	0.9144760064063575	0.9408755268711864
0.5629210508983362	0.7283644294739717	1.0165400028167935	0.9434253152100893
1.1701583302170366	0.7430875984856373	0.9510234951189449	0.9436781699653964
0.8552797783961161	0.7467855267042252	0.9337523969578065	0.9433510077407599
0.777117658837297	0.7477744290447363	0.9345582334205991	0.9430643399827858
0.8310659251888013	0.7504606166039385	0.953025134766252	0.9433854543513427
1.7124482050944931	0.7811563837148021	1.0324158470728353	0.9462260925393802
0.9550947152559552	0.7866479380099545	0.9956992955624475	0.947787876875192
0.5524374691380856	0.7793300323474672	1.0501319528325546	0.9509853780070485
0.9317416407825483	0.7840429507267201	1.0254753212898748	0.9532887716594276
0.33717321183451276	0.770365606581014	0.9157144338833045	0.9521386904799305
0.42535704512298644	0.7599125182332642	0.8679649501745423	0.949588313232794
1.152312861002832	0.7716823772696773	0.8955073788835328	0.9479660127965592
0.15134780015166438	0.7532595516401956	0.8998218346852722	0.9465360430905103
0.4815017770909167	0.7452679360461096	0.8615757550439749	0.9440375569594763
