-1.0	-1.0	-1.0	-1.0
-1.0	-1.0	-1.0	-1.0
-0.8002576799215191	-0.8847364066258224	-0.04122772951611664	-0.44672948086279296
-0.7637296802227477	-0.8257788448686917	0.3586601514432959	-0.05432312977716369
0.2095679840469793	-0.3901954805305462	0.6927577938545904	0.25998314692854163
-0.3539332657783678	-0.3767854461947392	0.7737241732733491	0.4499688658184142
3.260858192547211	0.8226039797758706	0.7545598456903382	0.5503974279168717
-0.6178488818562533	0.39425254958672795	0.20285940342542053	0.4470490163376655
-0.35644215620941744	0.19099840128377377	0.26995599878114973	0.3991002783379638
-0.6041139377357125	-0.006569854256000207	0.004101873910968168	0.30095166522113814
-0.44754165702428395	-0.10780323763266686	0.4353938275891489	0.3318151953161259
-0.6428733452411358	-0.22194452014715516	0.2658380000767202	0.31774093415847027
-0.5611690668941074	-0.2895216969995372	0.4979404089743198	0.35363867521129144
-0.018328152376456797	-0.23885024747225692	0.9385866739165407	0.4629338953429991
0.4105141928094771	-0.12461320442298163	1.8498861713572339	0.7069283645724742
1.806139545131916	0.19627908804245742	1.457058904962551	0.8316004619080333
1.4481576394460007	0.3934442163375613	1.649839769151633	0.9604693545130749
6.52599059377681	1.3112106062811284	1.3828948587666527	1.0236875240796177
0.41305810775244645	1.183173054237031	1.1345216755176373	1.0394877756965522
0.04473184637988625	1.0282310869250582	1.1670412442270663	1.0568478146017446
0.5885520783684852	0.9709839170515675	1.5013859691329539	1.1147276458464974
-0.09323109826640086	0.8381768334215052	1.0025089767330893	1.100723570906743
1.780658712552345	0.9511013352819264	1.3090954761268478	1.125690104429864
2.1602470279505717	1.0904191243441703	1.7579463572067446	1.1985389712594796
0.009981285649537819	0.9705314070981252	1.046539168933926	1.181672848228564
0.16669547869410772	0.8845144837574872	0.9063521585229533	1.1522114169066815
0.2776361445074633	0.8218083887050021	0.8698052449107334	1.1230318045109766
-0.24069948781742	0.7156759707087716	0.6629292578204786	1.0770726644892643
2.0199223779974527	0.8417601604177436	0.7842859164395612	1.0487681648494136
0.9809358519165323	0.8547947427912543	0.9715875943696164	1.0415395796058444
-0.22228496537360165	0.7569710441244051	0.8085196371274868	1.020375954685763
0.5572436875465463	0.739363860741616	0.833998771250452	1.003945662871943
-0.20866471394699349	0.6581738855948296	0.5955684623219082	0.9689719537028889
1.055757204596567	0.6912790305878724	0.7873588556465467	0.9538501065421197
1.4055883054106166	0.7491510642404668	0.66925414180082	0.9307929088997347
0.07858442169582025	0.6962512003623154	0.8229198084354101	0.9222831792906583
0.632510823146543	0.6913518389305695	0.6706775133929517	0.9029429682394889
0.16961189590093562	0.652248371879008	0.5021815158217913	0.8729067401432586
0.03132989498940897	0.6068451862204316	0.5109094793319107	0.8464365550706643
0.16057006860878498	0.5749885467978657	0.5411072963501573	0.8246411189545493
0.36666309986684276	0.5604630415385079	0.5965844317663014	0.8087398510406769
-0.11204383002527996	0.5146372242641117	0.6583566892207819	0.7984925913059397
0.10632516284228277	0.48743188864216314	0.5432225762696934	0.7814843370903635
0.18039349938696092	0.4674187237380447	0.5566973642433193	0.7668325253638841
0.5661773935651557	0.4737192889037227	0.5368901820380803	0.7521632145075905
0.6967854275293601	0.48765408972774904	0.5942919476445829	0.742301525289907
-0.12025631632924005	0.45045353036968905	0.46817661327994187	0.7255268354764162
0.11413654337050883	0.4302841804457973	0.4655483337915802	0.7099356276472331
-0.1084596419966013	0.39860821853297135	0.3196141280688236	0.6869864611616359
-0.3524261684474712	0.3552987750403487	0.29585282247864786	0.6644312813089817
-0.012259278776527549	0.3345028162507653	0.19074701477918787	0.6376308244632776
0.3417034005648134	0.3349028030525525	0.22202569607224287	0.6145515060280644
0.15635438543773805	0.3251680944409583	0.29168417483882814	0.5969481196469024
0.5531893595860442	0.3373788187913276	0.3327829169804746	0.582802197968455
-0.1791744681336882	0.3102023195642396	0.2376006140673954	0.5646406992696691
-0.23371335553538286	0.2820792614106562	0.15074306366905632	0.5432401205191968
-0.007748478476407583	0.26734765464584953	0.1266519725202715	0.5220654355996446
-0.0371718641052422	0.2521270499180117	0.19037156975753056	0.5054865808401472
0.1666038167733943	0.24792249672556177	0.1898777339673774	0.48997029296210326
-0.1553446202807055	0.22841614420541312	0.17144889090063153	0.4745631155690273
-0.2850126033270648	0.20397531468505226	0.17976758522538394	0.4605299553014337
-0.37196943330191623	0.17698665953052317	0.09971617012223444	0.4436222916291006
-0.07165790082539636	0.16551449335985113	0.20786178401211086	0.43274461613031834
0.0325548301302494	0.15947273862161704	0.1735661403705755	0.42096741787242076
0.3023245260012162	0.16586734179311957	0.15648207891815247	0.4091285422999509
-0.3081130623417926	0.14496265182997692	0.06103310474430823	0.39377597029205713
-0.03772669760926817	0.13702211608106163	0.09158449359111742	0.3806412179072862
-0.2525413423856987	0.12033130769647182	0.10387293640167528	0.3687831383062665
-0.26003271202261846	0.10426403217492908	-0.014626641234121052	0.3525872002050783
-0.22828951278812237	0.09041145698491593	-0.004904449534321675	0.337695836840489
0.33349494889218523	0.10039851195763827	0.1046739878700862	0.3281221270318868
-0.23773223242575448	0.08669413205674203	0.00504731391421176	0.31502797950949035
-0.27415205804656173	0.07226400922628518	-0.01844238904494222	0.30169262255930485
0.062166335105326764	0.07186561983225714	0.02893289593317938	0.29092858901204255
-0.10845720368859613	0.06484175443021667	0.04636055208535095	0.28140227375860083
0.24544823124999238	0.07178638749958877	0.05304876355921739	0.2726214843224133
0.3942167404353327	0.08402745445213422	0.18375717463539876	0.2692474973079042
0.1184111163642172	0.08531652392406897	0.2277505485715634	0.26769170325523484
0.16198407441543017	0.08815525845679861	0.12307250077165333	0.26233650736029057
-0.253158572199505	0.0756709824391757	0.07516035001194554	0.25549015808620057
0.019144986322151336	0.07362805501012515	0.09131350822789819	0.24955708088340756
-0.23049768491795997	0.06276865911803231	0.004459174670582433	0.24080533132345838
0.09552716084906776	0.06392434367003341	0.05842542232491432	0.23436951914408
0.17185264210994466	0.06768834752958841	0.03463257922871432	0.22740327674692296
-0.04544418704351505	0.06378787232668026	0.04256349300445228	0.2210306319881883
0.05897015216676804	0.0636236100699219	-0.002060875435662246	0.2134267265081673
-0.000751878486619395	0.06145391994059968	0.029619446107533642	0.2072320420654412
-0.31308681090977986	0.048971615473703434	-9.502303159303338e-5	0.2003224077580752
-0.2708281055730499	0.03843072134920722	0.03607323593604472	0.19490853177368872
0.3108155956416021	0.0473110924737179	0.06701772274212758	0.19073892341623755
-0.2732310510694357	0.036972845409138255	0.07270554790449757	0.1869319435926231
-0.28024152132971636	0.026850832257335533	0.018137369146100424	0.1815458545106734
0.1824182450543661	0.031762512758587214	0.06085640802529668	0.1777352247884929
-0.09760327802839597	0.027720333895957516	0.012346378436926653	0.17256749973830776
-0.12444707777252206	0.023015037129687554	0.09032937514975514	0.17002460407105557
0.030757566885328602	0.023252036893974815	0.01678082452170737	0.16533430634815516
-0.27385204497086735	0.014250362838024166	-0.028979005463821372	0.159446950999653
-0.05082436568022608	0.01229827755175017	0.003290503794327604	0.15476286515234627
-0.19909482118408306	0.006020428886991613	-0.028793092741161264	0.1493117481263233
-0.15130877797469566	0.0013939112771037543	-0.06528589365393622	0.14300114644039952
