-1.0	-1.0	-1.0	-1.0
-1.0	-1.0	-1.0	-1.0
-1.0	-1.0	-1.0	-1.0
-0.8773361861908889	-0.9402350629230342	0.18198413257053692	-0.4241071990556099
-0.899131632182006	-0.9229423301505219	-0.20704180946822548	-0.33278503520200886
-0.714974435879937	-0.846034050538611	0.13700248551904104	-0.15905370689012255
-0.7239158961948317	-0.8057697409833171	0.28217807804867356	-0.013572527408538537
-0.5645178267866531	-0.7340280459588975	0.997755700045964	0.287168700282314
1.1411181894314675	-0.22632349073149205	2.4668346548529136	0.877323282266353
0.008599664609993729	-0.16795011517455527	1.4022110350639627	1.0077466604766276
1.2646348854196683	0.16092628835437672	2.2779414411132914	1.2993432470989204
1.0447447365269285	0.3494627377177115	1.158415128452973	1.2692805144322037
2.1548441746066334	0.7091143043285884	4.81697281726233	1.9760192958174567
1.8231423180278639	0.9172657582829864	2.0946447385750955	1.998184054009354
0.6471475804814901	0.8697460106695203	2.210187626423045	2.0354796799198396
0.6989728490598277	0.8413633761090642	2.0102778318710595	2.031291081129868
0.3917712130227269	0.7705545019753679	2.0699364952207664	2.037377263958505
3.460661581754784	1.1731424676028546	4.0014389461403255	2.331308924892062
5.739414482463521	1.82409539176737	4.0726574145846035	2.5795500761742383
1.2705754884183666	1.7487612246949649	2.213115372332825	2.529678203125186
0.52426217144724	1.5893288624548805	2.286526169989868	2.4980194623053893
1.7883082381505915	1.6141605648279316	1.9057812275527475	2.4241123607653625
1.6185911964825244	1.6146915837736406	2.187924454771759	2.3958135341435396
1.4172722943999525	1.5919453210379668	2.8170918384927304	2.4443533442109686
6.369833000041256	2.122111730173005	2.968833681622942	2.502551609963416
0.40504671071302534	1.9383719143041764	2.7094447903955605	2.5246912613815247
1.6779902691425779	1.9114682708085518	1.8067871820808952	2.450513702421703
0.328982321127137	1.7533960073238646	1.316395445707796	2.3372281572515856
0.395261524997524	1.6221022975973058	2.076799566395527	2.3120523977172036
1.1985984167021138	1.5824387071218333	2.2155460708956087	2.3030143878290725
2.2635312983169977	1.6442974638366135	2.5495794150305686	2.325408004666359
0.8726260649668984	1.5762704202440232	2.311738125068804	2.3242035829805654
0.5591655483309723	1.4891648479284414	1.988066782516409	2.2954169063896503
0.8238780950348827	1.4337696052258764	2.121458499549358	2.280932300028176
1.2826996546427032	1.4215308930004729	2.426721670727142	2.2927448203034024
1.2402190216087	1.4072279366011538	2.024279724204418	2.2715666396991088
0.9575808038824085	1.3726645696291544	2.53430789994903	2.2917633817196803
1.5108138211155815	1.38301935903741	2.8577393242324707	2.33418356990013
2.4457036088933095	1.4607256746665818	2.835058301709299	2.370808904802196
1.7308138467122625	1.480005293310159	1.8243129736634862	2.331797938241404
0.9659555671022113	1.4441632180494879	2.1521988860787635	2.319275475773692
1.7258612702092964	1.46335864507637	3.007530384657419	2.366174450073042
1.3190625114203196	1.4537442613742302	2.0986107589428236	2.3483468446605094
0.5603212007659415	1.3955095438866065	1.9974947781593677	2.3254781464623346
1.8112366492291647	1.4220312859482842	1.6690850481198778	2.283602703819613
2.299202255449595	1.4768266824380856	1.789898085073621	2.2527619528049523
0.4112210185902134	1.4116178836865139	1.5239610978645928	2.2081639020164316
0.13989891485396178	1.3353511891696987	1.1747808314798056	2.146190612959215
1.544787652491089	1.3476653710268427	1.2355432778990818	2.092647933666573
0.8876990702839151	1.321141064623586	1.2803679432128714	2.04580700849175
0.38667623647437965	1.2682699670102457	1.5293292331005999	2.0165853975295547
0.13754737390736937	1.2054786838906781	1.1887699759643455	1.9706153102315906
0.7098274166962497	1.1784545965231814	1.5798559240945171	1.9493104313619152
3.241550464420178	1.2889341060706574	1.6160646390555446	1.9314654469372603
1.5517161767761398	1.3027590961842108	1.2954751677251384	1.8980049997340904
0.09755429297095652	1.2404443585022036	1.4719788482470215	1.8759772888767334
0.3409471958052894	1.194723796866894	1.4232609245788113	1.8529658612080757
0.8558883610047143	1.1777881190716455	1.3340784370224363	1.8270308149078303
0.47142385337559944	1.1430611069303485	1.6175739439103802	1.8167334067828693
1.6024746380622825	1.1652828555895276	1.5449706820789086	1.8035877140852783
0.3803396730559443	1.127917093802425	1.118336982495518	1.7709676697561902
0.20652466104338862	1.084740976652495	1.4217825387565295	1.754605214835546
1.1092844261289097	1.0858731817530858	1.3042358841743287	1.7338252927983206
2.2536046868164896	1.1389355472008456	1.430577447753413	1.7200456335793026
0.41137033717252414	1.1063680486325973	1.6325668623775687	1.7161302161949847
0.7523754284749458	1.0907552079239768	1.6631587589213548	1.7137937191558046
1.2768950801337056	1.0988460884723752	1.5954320172156695	1.7086492584184572
0.3171188975326755	1.0653531950565527	1.40706126758716	1.6957281061672242
0.3035669994472934	1.03317392104231	1.5531586893114313	1.689705619090879
0.6371583333132653	1.0166778143355422	1.753166996131137	1.6923492298864793
1.198491963585539	1.0241481330696582	2.026032929043092	1.7060592879698415
1.6525966781646968	1.0496191192635411	1.8605138431318653	1.712319309464914
0.9158385483610558	1.0442693918936294	1.8948988199770427	1.7196208171596101
2.556972949428797	1.1039670845932172	2.2525392068095558	1.74065241305391
4.056340171654891	1.2189663286775643	2.44218301677886	1.7679780515244023
2.477553560564206	1.267361314725068	2.2125901951510567	1.7850738943477729
2.132392915672449	1.3002026331998748	2.1262058616305666	1.798024999114884
1.3905850576654606	1.3035912090035024	1.9804884976615753	1.8048658184076154
1.0595247668541625	1.2945536392167312	2.196213150846028	1.8193566483266421
2.6664437871012083	1.344733474797564	2.4711189189891947	1.8431962475993884
1.5679349192633762	1.3527989430889593	2.5209236777042063	1.8676866455870682
1.8707602486460817	1.3712934666066325	2.2126904172892985	1.8800054400698207
1.6220637805088765	1.3801417678816117	2.2296895934253933	1.892343951920989
1.1936417946626565	1.3736369754595557	2.126663901198391	1.9005157095395946
1.8922055214289726	1.3915149121962318	1.9516022657320504	1.9022768919158217
2.6098062521246375	1.433038299361439	2.1418351768552193	1.9104412425710064
0.9291671320636814	1.4160570047338212	1.7268205224159017	1.9042526530470618
0.8367988936774933	1.3967521692215614	1.6871142863877417	1.897016104717344
0.8326673019646837	1.3781592873816328	1.7358921479107905	1.8917049575751625
1.2069065500843075	1.3725758039698435	1.7288119819018277	1.8863939724892327
0.8444836408364271	1.3555438992562676	1.603179803794967	1.8772599399553784
0.36870566853175113	1.324054661128268	1.5444025412865647	1.8666384175495776
0.8368637189631751	1.308672493822073	1.5703258640455369	1.8572829037236236
1.2198133781879403	1.3058962069223568	1.5675714722217982	1.848231113446086
1.2386237298728688	1.30381562678527	1.7628670786889202	1.8455910161205495
1.2518745752202505	1.3022257629038605	1.527060931165658	1.835841666455904
0.5324523583402168	1.2789034043075707	1.3536151851688771	1.8212314236648908
2.6222764507733984	1.3191973542337316	1.7563611773055987	1.819285306316488
1.014745973233818	1.310155737681022	1.7280480624510477	1.8165757260493778
1.020382177472901	1.3016345548608887	1.7887298846807473	1.8157571010353428
