-1.0	-1.0	-1.0	-1.0
-1.0	-1.0	-1.0	-1.0
-0.5938050411900733	-0.7656005444520783	1.0001897435017062	0.1542324115566529
-0.6020785319169857	-0.6859284685487426	0.6196775787933224	0.3810091080236513
4.69366320944609	1.5773330473319276	4.5687929384175385	2.1428621291309615
0.6771903433380599	1.2444524709076052	3.5767380867322363	2.673121536569503
1.1438249090227401	1.2112739254912324	1.5622529976337387	2.3068503673559224
1.2947914233323075	1.236109614947214	1.5094040501910397	2.069711426151882
2.249485651647335	1.5104858015941636	2.974072817842151	2.314571332663615
7.346316719208364	2.960563428438657	4.311703366062108	2.8108153197470602
14.785171177444777	5.675121873156735	5.0202258721615625	3.3180263482071224
1.6598420874025792	4.818581260145733	3.9910946138199215	3.4616051464074795
1.3694548764447299	4.13147794101179	2.2835176270431243	3.226917269151155
1.418149305480168	3.6245039876994056	2.3767782162037845	3.0680722553259336
1.2406679395838447	3.205136152918864	2.4366638602355435	2.9569939585343676
0.6403976389663137	2.778874777068878	1.957258304164664	2.790837037670142
1.6928935287347184	2.6078375049755462	1.6426982018727019	2.610010227809707
0.10509988584485708	2.233290272966336	1.3649381956870545	2.4236788211070395
4.76795962020455	2.5946246383680043	1.2047961562978058	2.2499191176039623
0.2417184597590316	2.274393823298099	1.3882041847632154	2.132639549235385
0.7705605736198846	2.0785915262171284	0.8586036629908036	1.966757373720951
1.5289455320700176	2.009999566825741	1.4151922511431345	1.8979259064684468
0.18336231641553868	1.7911397825477895	0.9747676935082741	1.7873171355034416
1.9971893248761625	1.814881549022008	1.0853443917760193	1.7064369129495018
0.9038735362062045	1.713794147413712	0.7535400542903847	1.6007014274422815
0.7848535979314493	1.6143902749342809	0.9179145795206456	1.5276380348310026
-0.3263206678122882	1.413864667115622	0.6499098507285512	1.4369464215839347
0.22073059962452812	1.294684174808029	0.6989926065964565	1.3632331708059149
1.0625055262362642	1.272238888809818	0.5620673980147068	1.285782631622228
0.1053217269743707	1.1629494062631163	0.6567991184542648	1.2268740686746082
-0.08745155321220421	1.0493841610963055	0.636602430732202	1.1732637959628254
-0.19332596512787148	0.9398319794774352	0.3183937603064777	1.0979020824038113
1.1516501075984147	0.95797235451958	0.32557806875967366	1.0317596136274827
-0.127038231459221	0.8676287142503083	0.33666964444744063	0.9738828718633821
0.31782262681342766	0.8230846455539449	0.43624366484972077	0.9303245415412571
-0.2135963966025336	0.7413025331346048	0.39897313471387297	0.8884071952235273
-0.06992837683711306	0.6789449375424188	0.5898658114270008	0.8654592427396466
-0.07105295967818381	0.6227336541197235	0.5418349268814255	0.8412041037724993
0.268018723291243	0.5967960592660237	0.6978715766772219	0.8307233763947475
0.1629337246017224	0.5658255266623988	0.574772229777379	0.8124527736404092
0.21785873674405343	0.5415636029766357	0.6437975958867397	0.8006933800171492
-0.13845045176987159	0.4952262571991397	0.6291522913589473	0.7890044283823183
0.765765800059298	0.5132520607753752	0.6141049771944822	0.7773510645690207
0.6940855843417715	0.5250393034040268	0.8742473799588233	0.7836671431590976
0.3475928751591222	0.5137189174729786	0.8027739598786878	0.7848861130853966
0.5618952462320708	0.516728930097901	0.9095831027875698	0.7926763503739327
0.6448897991602209	0.5245716726379559	0.8465420524300458	0.7959726509631004
0.784442470270917	0.5401565705496556	0.9644837335982461	0.8060785869872515
0.5406613957160742	0.5401864855768876	0.7931493411409367	0.8053186657329869
0.3858371373904088	0.5312859711241338	0.5948127107702179	0.7931798383704691
0.7809115466521162	0.5454099861939328	0.7127114544523494	0.7886273941951936
0.5376223239579916	0.5449776287407013	0.5761227497677044	0.7768266730305442
0.09350398092662271	0.5203620616928626	0.6867243505892446	0.7719142806760959
0.9451082923733105	0.5431075356652735	0.693596524458377	0.7677206041696107
0.5833492714075936	0.5452247335775255	0.8505252556723679	0.7720770924967515
1.229161370005718	0.5805876072403056	0.8930838570368562	0.7783338639338304
1.400325594528601	0.6222535813630841	0.8828405170020972	0.7836455741301653
0.2914602167518472	0.6057197190551931	0.7803800051889451	0.7834821925375048
-0.008377475556113345	0.5755286791604943	0.747904266010796	0.781732924294583
0.6865219915252851	0.5808976350628277	0.8283829556971607	0.7839895675583144
0.47121775298954605	0.5756767013349899	0.6797977424789605	0.7790299089170363
0.3153329034658434	0.5634769112329259	0.6391903715690661	0.7724768911063877
1.3676894477776211	0.600582642859292	0.5807986039878721	0.7636329957027161
0.3150768678549345	0.5876092025352679	0.5063337172029223	0.7519412833514032
-0.07103538844070911	0.558126686542139	0.5185069927777024	0.7414923439153451
0.020231867653509372	0.5344031745325271	0.4255156334149297	0.727556488076363
0.2992610076886211	0.5241824853402048	0.4117292767140772	0.7138287622280217
0.05615603206640962	0.5041298693610679	0.4862266912648665	0.7040771216021255
0.06476102846159026	0.48557023582817527	0.43435425722222365	0.6926836749469327
0.154271482546684	0.4717699815615952	0.3972850703662769	0.6803788776517701
0.49923755059456854	0.4728987033936227	0.41346394533339303	0.6694128941146729
0.08598026386168245	0.45721686018882157	0.44553560915393553	0.6603390880702935
0.3150473324561833	0.4515316363368256	0.558748814452305	0.6562766388980239
1.0989386794201104	0.47708113459023194	0.4769667001450666	0.6492006422811958
0.33132821079191244	0.47140403955263244	0.46494052516159323	0.6420236552534468
0.35856419971286324	0.46706506486411303	0.4791760814934458	0.6357617675714775
0.18251902017923483	0.4562618962941065	0.41923553226115806	0.6275409823602733
0.3541283227044747	0.4524326414590021	0.476559537469049	0.6218803456986843
1.1847814612429808	0.4795502741289708	0.3657398578474613	0.6123956948878715
0.012893068176602629	0.46248128452343695	0.2867262842718672	0.6004836417202568
0.39022367602710983	0.45986991498757224	0.28896292914873234	0.5892261287098959
-0.017897754143632705	0.4428103561084893	0.26398150067881687	0.5776126080818402
0.013859282469512735	0.4276738890467928	0.22025824720993215	0.565002497936888
0.15954359046938849	0.41832222004722097	0.2633443608593231	0.5544814760573831
-0.08804649060124203	0.40086467664640857	0.24753983221227283	0.5438992604604962
0.13679853910993156	0.391864118141392	0.22825656489181778	0.5331407558662542
0.08867663359482547	0.3816463276915729	0.214382000119544	0.522398193058395
0.00303629999295274	0.3690282883123428	0.28686329839552793	0.5145483404185476
-0.08798445341096517	0.35396471384929673	0.24536662639001738	0.5056757579455577
0.3323477550111551	0.3532598610713402	0.20840688131900165	0.495983969863125
0.5216164557172069	0.3586896413355922	0.27052920267393366	0.4887125425910508
0.026195000239239707	0.34807980249934833	0.29250256774986316	0.4824513459109947
0.5179929860375418	0.3534447020434319	0.2848528762715501	0.47621268920157145
0.09382519087122265	0.3453329379674699	0.29948098673761914	0.47069068683153903
-0.03108685363159369	0.3336929353586875	0.22164730229202667	0.46298941416719464
-0.16288623749660247	0.3184940920076198	0.16804465685436698	0.45396195100127135
0.02413359208324728	0.3095754744147261	0.11594330798159636	0.44372057418155064
0.18888142900409277	0.3059554018164212	0.16370115000249452	0.435321543432009
0.4132779434638276	0.3091426608722676	0.19680940630343646	0.4282381951060812
0.1322738618111201	0.3039413036330889	0.14528573516663856	0.41991723983612217
