-1.0	-1.0	-1.0	-1.0
-1.0	-1.0	-1.0	-1.0
-1.0	-1.0	-1.0	-1.0
-1.0	-1.0	-1.0	-1.0
-1.0	-1.0	-1.0	-1.0
-0.7537708385293832	-0.9089423740245928	0.049557665256168004	-0.6118647005426998
-0.6388768043987113	-0.8198974788140239	0.7753527086229546	-0.1544771420254566
-0.34484467464458435	-0.6786297743595914	0.152569762535824	-0.06316984649827162
-0.6123749828372763	-0.6606910074097283	-0.19994842125066148	-0.10020336666750018
-0.6688571068648093	-0.6627201196909764	-0.19365018514007015	-0.12342291384357673
-0.487550325900999	-0.6225066991843379	-0.3696163877012485	-0.17994131998243923
-0.6876049125080419	-0.6363934663744051	0.17410206659507899	-0.10441670061762498
-0.20303705187277143	-0.5500641356211653	0.2203633324783536	-0.03971693047039171
-0.6176628356226889	-0.5626947077935252	0.29606967882603086	0.023023206795526496
-0.4153429587412104	-0.5367723821428123	0.3427435181273588	0.07926885053334987
1.197658646777271	-0.24850884313096833	0.49154192317325474	0.14778886545964665
-0.2207460100867744	-0.24413634590577415	0.48957831660309137	0.20161911840491054
1.4561887755327323	0.010325698407222417	0.6256297165175186	0.2650743641262514
0.013230468438972798	0.010739771574101775	0.94617697914488	0.3621700383322408
0.19984544766087975	0.036476914615567235	0.734581963547474	0.4128551100059277
0.20827412140695478	0.058845303590299824	0.4566893298715571	0.41856244264286935
-0.09816947137460863	0.039250928544092734	0.8578255842192672	0.4733797313515631
2.511371428217727	0.335449830502744	0.8442564917195983	0.5178166114696978
0.31507111125438736	0.3331018998354516	0.9379399345364037	0.5662230760254972
0.20461191943560375	0.3188447070913911	0.6948405704120051	0.5804952355402182
0.20915135367244386	0.30710691198012285	0.8468236383311791	0.6089949881034351
0.38305595256080993	0.3149547300593383	0.48683565317999844	0.596373092911672
-0.2068237255367823	0.26283497501909814	0.5557112247684823	0.5923112846593743
-0.03870686047068961	0.23368424558150447	0.5991963781285234	0.5929768798094108
0.8967097378739906	0.29578080274142704	0.6576717498439855	0.5990359012375293
0.06968932728612698	0.2752464633822773	0.817832163775231	0.6189076176379118
-0.14774174459736444	0.23795757744625434	0.7446231649162016	0.6299902645120523
0.8092518285589159	0.28688373096766684	0.6668645003754559	0.6331482100157864
0.7820125902848742	0.3281108979596221	1.0207160218748164	0.6654192907092331
0.22594929228290073	0.3198340011137186	0.9482771119529596	0.688335853034922
2.348935742387779	0.47990673112451576	1.1815345553292893	0.7272435235111239
0.4663076033950484	0.478861392587981	1.4033179454083289	0.7792121085977739
1.0959332947268687	0.5251100995674804	1.7421666883595366	0.8513842538414822
7.81476463514703	1.0581489480385584	1.9833996136172312	0.9341602470310715
1.3865065978194364	1.0815884029608203	2.1740022797347596	1.0226646402905413
4.2275486063145244	1.3009407674152693	1.9938281847698307	1.0903791657210298
0.9423717803803886	1.2765073663041133	1.6511746243038852	1.1285930553546
0.7263998420222992	1.2398542422622523	1.4983490055465944	1.1532295395324792
2.5265953427865995	1.3237268054223144	2.053784533627047	1.211929723335388
3.515401329350799	1.4635476816508444	2.1846578665480783	1.2739863471559225
1.5863599569040345	1.4712197657736157	1.8843692765262614	1.3121161183728804
0.8993575800049995	1.4362251885120823	1.6729119681145566	1.3341950091760268
1.7944819245972727	1.457710498350954	1.4620560841285926	1.3418631503074843
1.1182749177360547	1.437753167855779	1.3522410935366511	1.3424736092885792
1.2939452286587034	1.429460513388464	1.3954102640399304	1.3455265316323666
1.8022332528572909	1.450552062528558	1.3830937181509717	1.3476523712025474
0.2745390215827408	1.385245727095449	1.1073140872935126	1.3343061310391264
1.7679637715449177	1.4061131396738604	1.1479706961032892	1.324146890119962
1.461212482413515	1.409063898537001	1.233005176952319	1.3192664123697901
1.0934369304324076	1.3924579191229487	1.1514823409549373	1.3104386076815793
1.7030818361194786	1.4085182534265188	1.103922054049164	1.2997604711205355
1.397859592690002	1.4079760282688034	1.0078137202702462	1.2849207931725664
0.5166648952395383	1.3634261438595758	0.8518950605069526	1.2632769092149507
0.4633895420475016	1.3191773421039943	0.9002950455650052	1.2454313669017374
0.531206084421348	1.281062894883216	0.798437402030368	1.2238102400248811
0.48429395742621395	1.2431343091070062	0.7345484418542831	1.2005200174068111
0.1822755386790793	1.1934228984168311	0.6752177010108691	1.1759047621449068
0.8593284750459331	1.1780082725585492	0.7319945226379896	1.1554233037407737
0.6352434899823938	1.153344969985548	0.6947794946360053	1.134491624122075
0.6220966885923713	1.1295651980515151	0.8225744073457251	1.1205297078572571
-0.023827380993420966	1.0786954556624204	0.5843103745882408	1.096880246799921
0.31828201178990434	1.0456437867157091	0.5193882497531253	1.0717794154455955
-0.018018324730602497	1.000071281350877	0.4136389698579015	1.0435815326764208
0.36920983440028565	0.9734227817247956	0.30292117405799246	1.0122949178087826
0.19047373847963356	0.9408088964686634	0.25166118295712714	0.9806105914472376
-0.11490361356834844	0.8974350880066004	0.35852668501583906	0.9550524478019184
0.25490528567746673	0.8713935250949569	0.3319097689940229	0.9297966538265316
-0.0734943334903484	0.8336078574537846	0.3990126169698014	0.9085710025707816
-0.16437391821805603	0.7942238443236134	0.3015058630409915	0.884614117053343
0.17178263041134456	0.7699790036789598	0.2701942896893281	0.8606817341963446
-0.03295878748998393	0.7391041774179274	0.30193016418991303	0.8391964032328805
0.17458919886402935	0.7176719220110939	0.3371738143589038	0.8201367077592219
-0.009928881308631676	0.6903932087097218	0.3322494171480608	0.8018451546155525
0.18338379414167405	0.6716193503805674	0.3491795486168121	0.7850835684066351
0.18667955770413625	0.6538815840300618	0.3158731450669392	0.7679211331608906
0.08535450995283433	0.6333366878232238	0.38189928679556706	0.7539712907480802
-0.008455116289761033	0.6104202732815867	0.4075264072702194	0.7416005979037397
0.31417995509350116	0.5999666667488255	0.3780130743319363	0.7287705226992232
0.179471247865427	0.5853009987444622	0.3978594242086704	0.7172291817094156
0.40513055722632085	0.5790891114832843	0.3234522261396131	0.7036530902647415
-0.2353898490797527	0.5513281859809145	0.3287646245814031	0.6908750139993793
-0.28424505691457724	0.5231682419795778	0.26364864861896664	0.6764767090459423
-0.10732021380451784	0.5021558328529323	0.2203243717080945	0.6612742759765633
-0.07991374280044727	0.48297041137082175	0.31279923870823345	0.6497882823965009
0.1573856399432818	0.4723555421880039	0.323393302560363	0.6391469998601225
0.09871200990037043	0.46030480612319535	0.3711342705330507	0.6305030791604356
-0.0017549376741654577	0.44556091257377295	0.3097561612636843	0.6202683327455527
0.07197348831243722	0.4337656255533544	0.4373473131962744	0.6144930225176783
0.21017438122438836	0.4267796285732972	0.3840180213824733	0.607291943846819
0.6250374973407249	0.43291036742913236	0.350298419378551	0.5993451993749459
0.062318665506950977	0.421567684951059	0.3445956690827563	0.5915480885591438
0.14344158760732828	0.4131410379514697	0.35055712236963243	0.5842465515131658
0.5638297058700883	0.41766101731673166	0.3847010443429073	0.5782612683352524
0.00011334411937502509	0.4052607009816982	0.3710770938083998	0.5721083436120726
0.8253755006419956	0.41761511033047305	0.3715023513947944	0.5662092242261176
