-1.0	-1.0	-1.0	-1.0
-1.0	-1.0	-1.0	-1.0
0.2660027272407772	-0.26943868836708573	0.46115637276583166	-0.15682305162555976
-0.87366151696605	-0.5638314004239416	-0.11260854993005087	-0.1352805797501312
-0.5953955935323074	-0.5771108363631604	-0.1070130333898589	-0.1233880341592698
-0.6496832881180388	-0.6039488015964359	0.38713389111007146	0.06540715595542546
-0.7526625372829466	-0.6529820800748999	-0.2780401124632291	-0.047832846002459406
0.02680591635742724	-0.45083172612794986	0.7498171434934962	0.18936640819975015
0.5233355267399251	-0.187071424005271	1.2023482433670907	0.463635888325276
-0.5244514296428022	-0.2709030270802828	0.5985513495403527	0.4971595984994537
0.43881156551471134	-0.10797489964541906	0.6064605574517021	0.5222515478547607
-0.052253164135270036	-0.09608823468040795	0.7072708144284772	0.5617200663379087
-0.6527495350698953	-0.20698122047207002	0.21586212718435793	0.4928212835786039
0.3225005650968247	-0.10804978058596237	0.35528668829660637	0.4671235720058413
0.006673185552293237	-0.08786759465184979	0.6381101561316407	0.49720370776987965
-0.3542793401161648	-0.13214551264325247	0.578684125740476	0.5107455502405531
-0.409709451760388	-0.17586058794086568	0.2558189909325421	0.4705957541204826
0.20903790523475863	-0.11825850533259719	0.42791951069036926	0.4642091670262978
-0.07688237749048477	-0.1123600994316557	0.7018664449263643	0.49808872736759247
0.25488739060513854	-0.06237781993063085	0.8092202523940539	0.5404335554591202
-0.09442837273650839	-0.06655071839291582	0.8407617978234909	0.5795372595808956
-0.09838468542906675	-0.07052334757260026	0.8328663971977495	0.6111511785368124
-0.18935231207750458	-0.08476069659872199	0.7950314259529929	0.6331834239972154
0.07497553297810144	-0.06635580659165174	1.2624217884469546	0.7056842448606624
1.7950116800215596	0.14018593930852496	1.0258908076089357	0.7412152855485514
0.7778837902818019	0.20842540280024813	1.0435585036368389	0.7735691558440134
0.4933084115683595	0.2378615704788607	1.2688690519431622	0.8247470355152633
2.0376895831610957	0.4176434978826924	1.4079388511076227	0.8830010236347638
2.9878683022416874	0.6661134533446593	1.41920582543263	0.9348374751332107
0.3101694432077968	0.6327770280478153	1.5650020785183583	0.993856561644819
1.0696411955836367	0.6724542483342204	1.3500380543325128	1.0262059173376161
0.5165803057732206	0.6587132672327471	1.091951486913107	1.032002100582602
0.6591457349585714	0.6587504164105202	1.0375616334019941	1.0324783618005084
0.6329928763102162	0.6566058078599741	0.9896740725175286	1.0289143726585137
1.1006810968995122	0.6925843223191313	0.8073308020291157	1.0109625649464515
0.4786827249647936	0.6757102124099232	0.7436791801905713	0.989877293717291
1.2898849286034113	0.7229209059570041	0.9256699813123672	0.9849419867016547
0.1720629096970634	0.681635104819218	0.6283795805905401	0.9582184750884033
0.5405001014965944	0.6713148951455841	0.9098094409143078	0.9546786202535684
0.23993457042530708	0.6405213882987975	0.8028864555005595	0.9438430323990379
0.2893904939048746	0.6160388725839867	0.6355535582268672	0.9223476608037311
0.023929405513867685	0.5756915071939166	0.8202673054256941	0.9153918762668714
0.3564552492811861	0.561083968090754	0.8309047606594631	0.9097625267998855
0.8348581743579928	0.5789292835762021	0.8730576853757865	0.9073702461351676
0.16461192130584856	0.5524973662470498	0.837595456427799	0.9029188064454841
2.121826379673834	0.6505306696341104	0.9186125454131908	0.9038992543273756
0.9756748966014372	0.6704278908463013	1.0775668180478286	0.914526971294658
0.7478581748143018	0.6750713762761986	1.1737926311711449	0.930075350507324
2.02745570789474	0.7545870866358768	1.1293764940107271	0.9417938369813676
0.3667379161214255	0.7322214017419877	1.0867455003065722	0.9501530044004372
0.6199919972809762	0.7258716934491007	0.9979756129346709	0.952858939235107
0.8649339566015872	0.7335943295064093	1.0688519732752324	0.9593005157683552
0.594244396286278	0.7259968219284738	1.2153679580615058	0.9732624953196956
0.6794197106206279	0.7235026657296935	1.4657386285828577	0.999634704778555
2.466117632759994	0.8151833447819357	1.495343174914011	1.0257142668234573
1.8330038356044946	0.8678091359841615	1.6475991590167127	1.0578683745120165
1.5273120647954088	0.9013311765283658	1.6028955616807705	1.0855717635419282
1.2750145756899527	0.9200085404123153	1.5491058884087883	1.1087400410048667
0.7029468616690542	0.9093371649088908	1.384829927600061	1.1223135789044498
1.0520834339465615	0.91624206849121	1.2559198823750166	1.1287763943491478
1.1707781701199926	0.9283586815701617	1.3280792921273847	1.138263719585471
0.9315276437106386	0.9285072867153723	1.373619394210015	1.1492925714006956
1.5340465288835672	0.9564468202284155	1.3275393146917773	1.157517125722367
0.881232690702386	0.9530291597715617	1.4257940833313572	1.169707894286932
1.1876244457124172	0.9635303635916506	1.3142937819999636	1.1761800526097823
0.8796651493827199	0.9598318082990294	1.2431723460469786	1.179135061814149
0.9980334829692883	0.9614923069919201	1.2607276215412497	1.1826815795829453
0.9925582668999775	0.9628235939860907	1.390208483879726	1.1915733895599865
0.9273183844390318	0.9613242350297093	1.4241431642691396	1.2013981166820842
1.2823370369821072	0.9746962048850456	1.425146790461953	1.210718519247064
1.1628390250277283	0.9824264504919722	1.34626768879652	1.2162879912926958
1.7451209818509414	1.0133388035203188	1.507789525307503	1.228102873521832
2.5446479424479564	1.0745758819090585	1.6035335102314634	1.2431165295880713
1.8158983719496535	1.1038315657018725	1.751213108532542	1.2631682276745422
1.9393643522076753	1.1363774570722898	1.6041193451280744	1.276449363353557
2.1856959974853187	1.1767255935228946	1.7377680463753586	1.2941876498355702
1.569795586525096	1.1916488548830348	1.7203610838579464	1.310367711381402
1.8309782149122	1.2156184070952696	1.648558854695784	1.3230471868186937
1.6954544248213899	1.2333859450970492	1.7042097660602114	1.3371609865087657
1.5611302288346307	1.245374004425746	1.782144572922892	1.3534373361477634
2.149118030821209	1.2780318435940599	1.7709170036066784	1.3685232749824303
1.5692611084457733	1.2884300387038938	1.5737175126889094	1.3758494544109316
1.866349835034411	1.3088223051500125	1.719705383374663	1.387982429245067
3.1671752251844065	1.3736348783578047	1.540244862180618	1.3932927170282459
1.2743375694453194	1.370211068087832	1.460122538608994	1.3955962119514882
4.4949530535145845	1.4767141954013718	1.4931747440315708	1.398921800250159
0.8706043750050652	1.4562874489437587	1.2921495084868888	1.3953232728235898
0.9435975602110367	1.439200723158618	1.2996527224558103	1.3921343935441794
1.1191552249768977	1.4286517312977773	1.2847392674443099	1.3885944959265122
0.8913777097960813	1.4111352149664511	1.1410575244669086	1.3805241286175711
0.6259600572078001	1.3858114841927023	1.0528645510715453	1.369956144934267
0.9795858667436219	1.372849471662077	1.0664158643729795	1.3602707316046305
0.6811017570931641	1.3510086888058392	1.0374942418607023	1.3500795418792189
1.0037763153372636	1.3401595455029551	0.969748569426963	1.3381962533509197
0.471641807487136	1.3133031195370228	1.0225838424014912	1.3284370631010756
1.195927457378847	1.3097106845776563	0.9609490758432744	1.3171894490884668
0.7343737050079377	1.292279068187399	0.957159870824611	1.3062811647261006
0.916725529800215	1.2810144720578451	0.9811180992340778	1.2965280315134273
0.6740187168865881	1.2629879267621833	0.9071851414910088	1.2849653522001594
0.6131674287013562	1.243878537304132	0.7878008974121409	1.270345092910007
