-1.0	-1.0	-1.0	-1.0
-1.0	-1.0	-1.0	-1.0
-1.0	-1.0	-1.0	-1.0
-0.7710018527422036	-0.8884262484675545	1.047824358345148	-0.002247621318637427
-0.0127253126895569	-0.5200078008930709	2.4345620838605084	1.022949071377159
10.053801671549929	3.3902760061477846	3.432258672397621	1.9139317696547349
6.719031944517036	4.48781993135233	7.145184560912112	3.638759345403753
1.647163225249563	3.6430858662991774	3.614899006275359	3.6316635558469326
5.487955987047392	4.142592352495661	4.54436990999044	3.878782389787233
1.9077708552757588	3.5872875958452406	3.9186165375966207	3.888680490711433
4.579955876611594	3.8151732901639033	3.8903647580087695	3.8890672757281903
0.6406690948535088	3.1379872858258624	3.941512196752357	3.9002548451676624
0.5276236306056719	2.6179745831994374	2.321189304160444	3.5856877919788914
0.2723216535579549	2.1796995252175573	3.0708194425874416	3.4894872953478266
5.293441534114168	2.7274726982374524	2.389192159057907	3.2959214279154763
1.1227039671741341	2.460758764447822	1.4543081444230506	2.98984372475942
0.47771507858754836	2.1484380516115613	1.6593821584128223	2.7803015420696866
0.7410818352695212	1.937820328975954	2.7833735718741517	2.780761600855612
1.091742566139707	1.8172064361318552	2.185845232506179	2.6959525049592274
0.5844958169008425	1.649434023716167	2.3798622790648607	2.6529318050542527
0.8104033527268204	1.5401903745422598	2.0729593757409472	2.577418086135414
0.5671484080160587	1.4187610477539692	2.012364662131487	2.506903072027335
0.7908450951392838	1.3435271731327112	1.2319675382739192	2.3541461673065722
0.6565547501382074	1.2643749116255556	1.366839939188102	2.2403897492239544
0.05357970392368139	1.130022567636959	0.9278872181437161	2.0947518768551987
0.1757016412139074	1.027902550788807	1.6182976368800865	2.0437676258947644
-0.33542684265133627	0.8870354365847064	1.4037915745721161	1.977642192723057
1.6077752850431501	0.9590288774747029	1.9584695287843452	1.9757268437991424
4.046036767477406	1.2574571582444745	1.9054482541054831	1.9689330149256432
0.49717904432052107	1.1862522136525508	2.324653654348115	2.0022486402307083
1.4197164683806411	1.2074562376716553	1.6747209915821566	1.9725016682945862
0.23829768893237513	1.122019174045103	2.1854140985614467	1.9912712093805274
2.7529957896036703	1.261697865293065	2.370585199897965	2.023756354337166
1.6168095327081016	1.2912664716899407	3.1613688435087033	2.1184801969524
2.8551064757042677	1.4179658899949965	2.515715211641781	2.150663739267203
2.2060495085351057	1.480137253009306	2.5297112844525667	2.180566926696926
2.238363515554641	1.5384209261918103	2.2399989865711722	2.1851355894519138
1.0499020875230465	1.5018075689048525	2.426432761767594	2.2032212605724366
1.2734536384414343	1.4851098700535852	2.4025526935438486	2.217797107757462
1.9897728628325004	1.521134024934398	2.1729444952068286	2.214594925218784
1.0378007330475851	1.4874335629962028	2.0825932253890542	2.2053910471011893
2.409416409992309	1.5502597939104419	2.297998475573058	2.2117020515681034
1.8197442568707292	1.568215158572872	1.772590153878082	2.1824443336371933
1.693229864410958	1.5763640752984323	1.8921815284246506	2.1635247083705527
0.8738083081846246	1.531543719223325	2.049191794995091	2.1562307486098757
0.84377392315488	1.4885801147659734	1.6101347176862486	2.1221173063805794
0.7196909319381626	1.4415288464209612	1.788610441512576	2.101709229292616
0.702083881315456	1.397183338244158	1.8614550289255756	2.0873009200610917
1.5827629374759868	1.4080950320347618	2.250369494163287	2.0968891221064867
1.9540598787650558	1.439579188462972	1.8524550813786607	2.0827937551986464
1.4898740137716713	1.4424250960579519	2.2077913539578375	2.0898663612852495
0.848903684281973	1.4094660327636048	2.094357342241028	2.090116481801317
0.6342720984425265	1.3672002593914767	1.9213650402934843	2.0809159817919154
1.1837407012283223	1.3573764461002589	1.8785012291276293	2.0700772626894692
4.00356023344973	1.4965948170003451	2.447622110394242	2.0899400246608555
2.0405475536894975	1.5247196007407728	2.99463901272151	2.1367170287001422
3.8716677734755915	1.6440112955028972	2.9897209142414054	2.1800735176307824
3.2622610971681	1.7248945522302037	3.239344399032351	2.233017838757086
2.029968390732608	1.7398931473739272	3.5940782381332905	2.299932172547622
2.084053257556318	1.7565403156531585	3.4663452264506827	2.356352194932083
5.921944207037888	1.9548268972743137	3.488122083986915	2.4102280402813085
4.523598153494243	2.0751986177800066	3.6079216992601983	2.466351407033897
5.268865005570717	2.2225520328193684	3.6972579083208377	2.523144571087893
3.997081632671252	2.30318823711877	3.447220855584229	2.565135691065525
3.4951190405870634	2.356542910876438	3.23451896955174	2.595099748026902
2.9735923759539173	2.3837575768985344	3.2074378309858345	2.622106617486055
3.5224131049397416	2.433249898320964	3.09748358950106	2.64276909778868
2.0684401733036877	2.4176196216289845	2.8807191070094706	2.6529640639137573
1.7367975781286482	2.3888607989439454	3.0814839894265704	2.6710660107347968
1.9362699707724276	2.370008361389765	3.496528275887967	2.7054515344488794
5.124107491336467	2.483160099413393	3.588413042461517	2.7417277385645082
2.5886315107769793	2.487434996986288	3.4587410514538277	2.7707884476155664
5.010555082531584	2.588334784583963	3.721376871133085	2.808802876149875
5.723869255643647	2.712076186328321	3.9119007601194857	2.852336265580316
6.103481831216726	2.84417800229269	3.3205326864991713	2.8705741768666324
2.56385153738139	2.833398831297546	3.601326502618015	2.898673278531615
4.586519924143654	2.8999579740915338	3.6991652459276407	2.929065085623325
6.481446457497133	3.0342318813210243	3.692208478530662	2.9576758714191334
7.054563057211283	3.183098363539874	3.3996010299218007	2.9740393538923593
1.8924296396679856	3.13588933145671	3.284526491437167	2.985396053362437
5.147829868269227	3.2085923924540083	3.274503673494685	2.9958422651281147
2.515411949761934	3.183840563696955	3.171514465307461	3.0021140348227506
4.035677931331848	3.2138983524186484	2.970245608700451	3.000988982163449
2.4720625390742494	3.1880257706774815	2.9529601193475323	2.999313906770936
1.497103262351652	3.1297294288046507	2.537889144100473	2.98340504332495
1.5391400274289238	3.0755152427312673	2.5320119999569837	2.9680190371842654
3.7878466775803084	3.099521229021522	2.795821397825886	2.962215455707803
3.8007919014027927	3.1228920762954164	2.7906155314594634	2.9564963711311214
2.083237113355656	3.0886241161833183	2.505414285648146	2.941628139963971
4.435201871907015	3.132524454433068	2.5534916217287424	2.9289729551017376
1.5457738452764995	3.081347992951896	2.4487763962411213	2.913484927378593
1.84735381649139	3.0419721502202925	2.4479176102975573	2.898628768294803
1.2263045512189392	2.9846456370792938	2.319552092027616	2.8803453943428208
1.9959152081590652	2.9537533707726014	2.2613799743212715	2.86100622354196
2.659081383906368	2.9446409669781706	2.2599406100530066	2.8424194447695337
3.062798673347382	2.948256956594587	2.251110259594273	2.8243209198790282
2.245730203327169	2.9269718614405216	2.472884119069454	2.8136730909562213
1.5611877474940035	2.8860052443969346	2.301448312791732	2.7983089340681255
2.130422620229241	2.8635661750133083	2.3051119523905705	2.7836622151862063
2.0324054511546916	2.839123758973798	2.4819016986444584	2.7747877620194714
