-1.0	-1.0	-1.0	-1.0
0.13212862766586975	-0.20500816782736786	2.4511225896909803	1.4234121491012477
-0.9330719952729609	-0.6251457372004745	-0.4079460648965325	0.36660590057079223
-0.4188100708411091	-0.5246137436183171	0.7978350495634976	0.5767117416707344
-0.5581359430317292	-0.53871693822736	1.4122284875463684	0.9282241882435054
2.2569545046875685	0.4951460321019703	2.4588325605449435	1.4942559621808216
-0.1847351238063285	0.2709783029819024	1.6003109173457348	1.5292238794660302
0.6092192166183232	0.3715617542970546	0.8231893648557513	1.3192682689937785
0.5295498409372097	0.4143376759290258	0.784762958694994	1.1745482859416154
-0.5290679335871201	0.17992172570068932	0.7272698187510098	1.0634091113947446
-0.2942302164404328	0.07107125273697323	1.2713318144446508	1.111141529655478
-0.05798498996170498	0.043540845162850506	1.5326147916916035	1.2010500434636704
11.225348918394038	2.271077281888778	1.8152093117916377	1.3233970838956841
0.4476567012779795	1.9303789046734607	1.4406942881493339	1.3453134699942146
1.115557207366015	1.7870341207845541	1.3803627844326667	1.3514791717907015
1.3586097683594374	1.715829721504491	0.9661589123789263	1.2874386989387285
0.7124580225498511	1.5578030433361483	1.0833016896970569	1.2552878495942759
0.6353384220618439	1.4197517077948754	0.6714725067927514	1.1679170672261252
-0.5257146708105583	1.1424124786660599	0.4081113012179136	1.0596015828193743
-0.2421434725139232	0.9539741812843661	0.36144888380781226	0.9645827687684967
-0.185535754352794	0.8056076160620531	0.5076065431326855	0.9050836783909149
-0.4282618561215096	0.6516287792275746	0.2317433898161696	0.8210553130395308
-0.4940663752084111	0.5143566075771864	0.34175788460699374	0.7636282275500073
-0.4781604087524213	0.39999949257710243	0.14896064416228505	0.6928067134738887
-0.38834621483911624	0.3125230190666757	0.7602401304882198	0.700289590335857
1.1092042515448228	0.3977747022434548	0.5463752237089174	0.6838197115644824
0.9840611810934663	0.4583536978854066	0.8629285954638257	0.7023266707228066
0.25507554613576455	0.43804847049830475	0.4815968920515079	0.6802782128030056
0.1537946037880875	0.41056888110740863	0.5262445050413658	0.6653872579263516
-0.39472955557485	0.33514753990832524	0.44361791956763885	0.6446173208618258
-0.16154727171037686	0.2900362216897512	0.6788722397917057	0.6477285129276944
0.08672575942504879	0.27211317408102476	0.8759487846006673	0.6678474455009449
-0.25937309124055263	0.22659640499684497	0.7525797167919628	0.6751044418720058
6.547454720746485	0.7529056416506563	0.812807526506564	0.6865705986493369
0.6369752211976913	0.7435133861734378	0.8402717948576377	0.6990233411196545
0.07090711299949559	0.6904524562747798	0.7463617417832138	0.702757740161827
0.06345347244381183	0.6422563789861409	0.7119014072877736	0.7034608678133418
0.401967669264895	0.624247341255123	0.787558812728433	0.7097642435580489
0.8530214331202581	0.64097612024074	1.079266226195017	0.736783441819489
0.38010857014327404	0.6223545445331586	1.058433833849438	0.7597440204344701
1.0245914686255593	0.6504005763068812	0.7729340103239617	0.7606637394821987
0.1501819133930713	0.6163149106020818	0.7433315469755404	0.7594829621602026
0.4486517562221035	0.6051437856435478	0.7572210883889599	0.7593323861733012
0.21706150491116438	0.5798478732918033	0.8978525297176219	0.7683614029606798
0.4375914715618092	0.5707724003862495	0.8508263931922553	0.7736222833733759
0.3038473629821803	0.5540983315092896	0.887513684431023	0.7807372476747074
0.3148206397034514	0.539456114064613	0.9780734251612127	0.7928134466496424
0.34652289078945087	0.5278857356906426	0.788143421398301	0.7925335080822058
4.575957414899034	0.7658986301162205	0.8484573100835466	0.7958219590721283
0.4318212633570151	0.7466337581075984	0.9803628303535699	0.8064640427494476
1.4113389513909826	0.7842425023553388	1.2142092598944205	0.8295341813636474
2.243412923058362	0.865273468547578	1.1999298846223598	0.850103139347262
0.7530257998366208	0.8591537702113101	1.0979509597120205	0.8636170370835303
1.3023311424104986	0.8828864333441271	1.0612287363231636	0.8741995896408568
0.21317928614349846	0.8476523231772146	0.6182372989979732	0.8607330697901956
0.22910686418008952	0.8156705547511949	0.6465627245575674	0.8496593234215761
0.5609410588444903	0.8027227808364148	0.7763142378871442	0.8459310699908402
0.41176271409963494	0.7831815391357702	0.5702480846074658	0.8321515914012858
0.10160796004032258	0.7496731965142096	0.6215987859244021	0.8218001021755263
0.09606054804531983	0.7180576860072914	0.7589795963546837	0.8187616586195616
1.5725879402542224	0.7587360190611561	0.7294319272887941	0.8145092324464491
0.1580355022885116	0.7305873679390349	0.6914548736037345	0.8087430067846866
0.3382165839529554	0.7124838146786019	0.7551309464718439	0.8062695592418703
0.6946125952138937	0.7116716279406248	0.748791859701404	0.8036576316777417
0.43598461877816286	0.69933118282691	0.8617948065451748	0.8062600199831218
0.8100234279381389	0.7042136837776558	0.851044814672018	0.8082357100863224
0.16060394766289998	0.6805853018167798	0.8626896826092361	0.8106025622464923
0.5352779445007285	0.6743597683681082	0.8759842279243415	0.8134040366221014
0.2257501383671079	0.6554096323209162	0.8877597367676457	0.8165448703797666
1.0256473014107743	0.6708320798088305	1.0029835433142287	0.8243111051030778
1.0969132468621003	0.6883379523812712	0.9889971472430517	0.8310775519928393
1.1553692467108316	0.7072666647150694	1.137055397598603	0.8434787729117648
1.5487274330019756	0.7409166885986438	1.0589180364089454	0.8520942981051554
0.9821239215136288	0.7504359311743931	1.101906780684541	0.8619531540122907
0.5564020605132876	0.7428779718415774	1.0105498435610905	0.8677411399102848
0.8105748842943683	0.7454807536644481	0.9345083594160812	0.8703081511895026
0.4325340613624311	0.7335994872294318	0.9325798558490892	0.8726723026657079
0.4679535840175	0.7236402410842884	0.8657847326649282	0.8724142829406465
0.47299454713044686	0.7143590872012808	0.9086047402102699	0.8737542372669913
0.6629769122706073	0.7124796138657354	0.8467567173324277	0.8727666790025355
1.0481230005726654	0.7246083057799306	0.76856721926942	0.869000981714332
0.4288660151499355	0.7140479600445762	0.7496965928947426	0.8647405347566646
0.5120259322083467	0.7069190882912382	0.7670073614351025	0.8612916295837814
0.6808306961192749	0.7060090399045282	0.8179806764211837	0.8597809052657763
1.5854487816256788	0.7363275835022771	0.7907835163616965	0.8574016703523379
0.6254273437924425	0.732547360308891	0.6838722299411968	0.8514867820095939
1.2377814570960015	0.7495740774071691	0.7923287315012693	0.8494928824704344
0.6500210723194484	0.7462559442468826	0.8354947438252216	0.8490259802556837
0.3118791326470922	0.7319384451339743	0.8882002832118168	0.8503169824039425
0.8590690852588705	0.7360831846054439	0.9533810662185662	0.8536770899043218
0.8162610297023498	0.7386687557211895	0.9705665122331233	0.8574466562681358
1.1852990193596775	0.7529201016753932	0.9702371337503282	0.8610455207531862
0.7730663561609636	0.7535563029375929	0.7989758766339758	0.859085903029746
0.509812073569839	0.7459404273651753	0.6468367211219401	0.8524540510349767
0.9306227558523898	0.7516512046318358	0.7848076089639364	0.8503622228413767
0.48017772107776535	0.7433422745329104	0.7030677489358914	0.8458540374569963
0.8722584506661295	0.7472479644034045	0.7471051551999963	0.8428619791782002
0.6131042681654817	0.7432242625772931	0.7087844889717017	0.8388402590659705
0.4619684717399102	0.7348712648540103	0.6894535946115528	0.8344034750163523
0.39827801352350223	0.7249730021560903	0.6378234206369693	0.8286225574706012
