-1.0	-1.0	-1.0	-1.0
-1.0	-1.0	-1.0	-1.0
-1.0	-1.0	-1.0	-1.0
-0.9532880471242683	-0.9772407477987459	-0.6364486276895422	-0.8228685194871309
-0.9267675342152754	-0.9560060289432181	-0.2683125332779457	-0.5895598127248607
-0.8206809632201721	-0.9059616765316605	-0.3005679993439876	-0.4826882305662107
-0.8366042278936731	-0.8830934341273597	0.1831065314399507	-0.2631651753871137
0.447974388612455	-0.48727044029630795	-0.3855357615085573	-0.29955497125243336
-0.8493454439895349	-0.5853039908365762	-0.5078526465053628	-0.3559526180332926
-0.9689233425316005	-0.6806251133914807	-0.7313216150974383	-0.4492237167253512
-0.43355050673491713	-0.6239045547204629	0.1762563716386758	-0.30563314635538996
-0.7388102766911202	-0.6484162688341557	-0.2412807721430308	-0.2919054752197542
-0.756410803097141	-0.6699299606859026	-0.18674144850670749	-0.27095571189222634
-0.8732850734726896	-0.7079259758943732	-0.3654389311401587	-0.2886094155232527
-0.6855454419391583	-0.7039888083327439	0.07994763087294188	-0.22377250217768452
-0.7744247243536733	-0.7156953037822382	-0.04687521352054602	-0.1943720468899185
-0.4766568740584386	-0.6780478395908034	0.2832005948059124	-0.11915653572822038
0.4147365420057929	-0.5145071543371001	0.42999515682747713	-0.036973189355625435
-0.5060779406226158	-0.5133055226931138	0.24818762570061836	0.0036783618417397523
-0.6278908785553373	-0.5289005944525825	0.2177029402505799	0.03280715234393483
-0.38879003663635936	-0.5106578546563981	0.49222244527406245	0.09262412215042004
0.5232898386046816	-0.3816277931557067	0.9340216665507983	0.19762520359861657
0.15558774914729723	-0.3172606755064049	0.6655603085712694	0.25369155026445056
0.12064177633843243	-0.26680569660795983	0.82904637257161	0.3199837946510098
-0.09046994722305979	-0.24723902868228953	0.8710162443736444	0.3811277039332639
0.5102573315722547	-0.16618064651946007	0.7325400803105571	0.4187318005420213
1.0952112974006045	-0.03584552639728644	1.13863691048754	0.49311729007790284
0.43967426287974476	0.011653321152160556	0.9547267060097904	0.5392266084462274
0.16051531472901348	0.026044059426310495	0.7904022962060575	0.5635081953140717
0.1549457699160499	0.038116410491110475	1.185439900403371	0.6217558887323325
1.152478528488797	0.13932641032327497	1.198491348123933	0.6741369914793238
0.41572775738941736	0.1636929508473528	1.4376543557233954	0.7414457885663486
1.9251771070714416	0.3145483002057172	1.4331988008032148	0.8006883609253714
0.7428801731389114	0.35021350307560284	1.4064582537652592	0.8511280016296008
1.272779660793638	0.42495833618887713	1.673228644939154	0.9177334221846927
1.3481444114153223	0.4977875959603646	2.0579606967792317	1.007684886679681
3.7639356047961083	0.7488510287139702	2.1345655914196295	1.0943065779344483
2.3600831543513534	0.8696111554228503	2.0790343290057254	1.1681110151910885
0.2668018990592842	0.8255322260423603	1.4923295300912236	1.1918188537656644
0.49827895945586786	0.802171819853462	1.2124520889213382	1.1932918078045596
0.7915000891898729	0.8014277723906651	1.1760887651894167	1.192092372885329
0.8950322180508485	0.8078060602071127	1.226943799641664	1.1944671022216835
0.3106023789716599	0.7746777879497495	1.3061754864941868	1.2019099896728522
0.9343526148917167	0.7850860144088414	1.484797093793338	1.2203495134485252
4.5782818623558565	1.02707807130579	1.527372526798	1.2399366851171876
0.3577411440110758	0.985265849117785	1.303164247370145	1.2438864842432533
0.3897811810906824	0.9488256148958483	1.3124960882499908	1.2480851106643756
0.6202610713973222	0.9291211733170066	1.2970234888070444	1.2510200628476613
0.391340043388972	0.8975018175980742	1.3717677834046995	1.258119960651149
1.479665935507425	0.9310734846121214	1.3340851343215263	1.2625009030471483
0.2635964549375793	0.8933083483714668	1.3115035387696863	1.2652737299250112
1.2361580518436481	0.9123476903777152	1.420885223408625	1.2739153530162834
1.0367538880685907	0.9191310576187084	1.559443369836775	1.2894836714019018
1.4913668385303596	0.9497745215555704	1.4689034380694856	1.2990918066814676
0.8477611733730692	0.9444076072492757	1.4289475192617371	1.3059238352151867
1.2993642037893975	0.9627604955480538	1.3739753991740988	1.3094424085523473
0.7708346911569168	0.9530051925092362	1.5031644062654466	1.3192891290077569
1.3577471528603167	0.9732350966451537	1.7111372095690047	1.3388745780338631
1.0706568848477942	0.9780246555705281	1.7507822046081318	1.3591252527610624
3.4955297815290542	1.0997977981593259	1.8431292865348725	1.3825367376094673
3.182594126630172	1.1989451428991176	1.9064817933513116	1.407477879350718
2.0182755670559214	1.2373386012782692	2.146771624992896	1.4421208269068595
1.8549952093818827	1.2658364975320637	2.201252595958816	1.4771462409499052
2.0139458298429784	1.2998315199957933	2.7147423733196185	1.5333839110809717
2.160570780057357	1.3383609318424479	2.75445713169926	1.5880428934012483
3.6657403562479765	1.4410094470122017	2.682700100141998	1.6363226130243809
4.259492600083494	1.56351728532224	2.8904671497000174	1.690835268318653
2.976492553875226	1.6240566038586453	2.793544777856888	1.738081231245825
2.1665536578503835	1.6469730015484676	2.617561848202201	1.7752324718347023
3.191346972810317	1.7113045569826908	2.570946065790628	1.80837829846064
1.5378926314108559	1.7041798925682197	2.4558049547582703	1.8349777378480807
1.5914472091287792	1.6996106932045039	2.1690822032529846	1.8485188031732247
1.7507866481201022	1.7016570639066897	2.241467885529017	1.8642325798294745
2.1391287631904716	1.7189220699293632	2.0921635360695245	1.8732283026252725
1.8592359784939974	1.72438812334822	2.3480902211770265	1.8917255967517153
2.7832303054519247	1.7651027192052093	2.323321449568316	1.908321185893831
2.9451049274229217	1.8099021088737235	2.4346341976910266	1.9283028382328369
2.730785195300811	1.8444267597362756	2.59224553439255	1.9531944796018643
2.824972899697711	1.8807347621925952	2.562351297214769	1.9757504765605227
6.007557258041562	2.031681337670882	2.6840471887322743	2.0016574911012643
2.07629982334476	2.033293317149872	2.522681178749946	2.020485088746192
2.2010502888589727	2.0392830959796013	2.5817764355972916	2.0405265962063552
3.0655999933367495	2.075497920033028	2.4688306170505103	2.055639634625381
2.9600809567695934	2.1063485197340253	2.444408330917128	2.0691980668532364
3.373446174475519	2.150031857965818	2.412050479180784	2.081017587816265
3.3688073716750697	2.191572010724983	2.425893216081454	2.0927718572597485
2.027901093749733	2.1860556070684147	2.3335031705923615	2.100884225146929
2.9827739337387174	2.212606983431771	2.390352724727355	2.1105306899965752
2.4413748373349926	2.2201466972700246	2.517984736526353	2.123960007642193
2.3109869848523314	2.2231083759391983	2.3482053875925986	2.131271027273018
2.3969616318623745	2.2287153678865073	2.1654851927488936	2.1323743831922934
2.7970864396772255	2.246851292436726	2.1859205183938606	2.134082787706259
1.9431592622203882	2.237262541050036	2.051061652727794	2.1314613193231406
2.6146767771848474	2.2490543240923	2.0333915809631304	2.1283969319082905
1.9733707948767818	2.240529207945794	2.1403287819614865	2.1287655525276192
1.7418719165795369	2.2252665736902113	2.098706405315347	2.127845235822909
2.4274264155006335	2.231391162637685	2.288500583754286	2.1327123449603924
2.7023180491911174	2.245516290441345	2.326132061181132	2.138513691834621
2.1707479356597883	2.243295329628252	2.059414870435397	2.136164141825844
1.8317607652735832	2.2311928393206184	1.9959035247830732	2.1320389582672377
