-1.0	-1.0	-1.0	-1.0
-1.0	-1.0	-1.0	-1.0
-0.822461916572646	-0.8975496173612618	0.6841929848433863	-0.02811716560358768
0.4202180824723365	-0.25549953284597426	6.159923841398149	2.986854539751272
0.47567409009050343	0.05211434009051197	2.4309873409144895	2.752994165257891
0.5942797589441347	0.2526115469109136	3.919604618275004	3.1844160514825655
0.13127612571657465	0.21260529287165575	2.698502126423115	3.0242023759204155
-0.12133098597997727	0.11330170855864541	1.0169161072189867	2.427290078807181
-0.24722116423349583	0.015688414411111573	1.7692975892956162	2.2491354459591104
0.24522213081529265	0.07272253893725145	2.212671291354283	2.2400747749295973
-0.5710392915067022	-0.0750650362525529	1.048663769351542	1.966564018452602
-0.5391322978426946	-0.1740599803057532	1.1346455568591134	1.7890989559893997
1.4052211326914281	0.14054985614213544	1.6313039880072635	1.7576644704675224
3.3570303932341785	0.7415352142300431	3.364140006770712	2.0578272931445687
-0.2030853375373909	0.575356191042335	1.257108308921436	1.9169635647555952
0.8735778595369665	0.624920783196037	2.1413065171546863	1.9542494297925925
0.027403649741765568	0.530814472181639	2.337793770789591	2.0146557580023274
1.509127905002722	0.6772237491550237	2.474645423856838	2.0834952244126352
2.0977675711654102	0.879731574443203	3.609182853278468	2.3009919220565753
5.78833810246708	1.5477934552182107	4.908590972265739	2.6558864431956755
1.7979109947059677	1.58035962406275	4.597792432451455	2.908727478313728
1.0388069752015339	1.5127776282512468	3.245893313584837	2.9508041218056635
6.5689413965350125	2.1185862528354416	2.8168503582943516	2.9347547533992415
2.3756001266718423	2.1481996220199213	3.450590928236265	2.994189583613709
3.0258239672951683	2.245583153305544	3.5579189213832105	3.0567426825773403
0.8902018723503957	2.100546781502947	2.8044622088343276	3.02974758475263
1.3312438288691015	2.0210580864958567	2.3949317190974266	2.9641550172177498
1.486291579410394	1.9676408659310205	2.5978655285238657	2.9275666325537824
1.1921245546586734	1.8926702188365994	2.238238898615494	2.8609281535496667
1.7300382106917596	1.8774385022160547	2.366076523796511	2.8145818726602756
1.1473775273154523	1.8111322726167947	2.4924509953886944	2.785325197314562
1.90752339130067	1.819629736488979	2.3995085919160957	2.7513131891069573
1.2517381690208196	1.7709951732104758	2.515898269102256	2.7311523230861305
3.190727673266318	1.8892103863952756	2.5957430691985324	2.7198780938543536
1.8079395650258965	1.8826261906432231	2.3795267224187104	2.692303786246627
1.5083077410551171	1.8530971874057087	1.7581452752861177	2.6186098854064355
0.7308391487720394	1.7668314887368917	1.9693800663379988	2.5687051215386103
1.0658856543046538	1.7142969469426	1.9016898849283268	2.518713791344011
0.30777015082565895	1.6114481555337963	1.6630025102729111	2.4561422216881414
1.8367046034283154	1.627527723318262	2.0932583377826464	2.4302383113057977
1.319588172108754	1.6060567940927988	2.103627163399317	2.407465559613935
4.005209181685194	1.7695391608264877	2.0864985739081967	2.38559401106023
0.7563612490356959	1.7020321977345443	2.2883286592141334	2.379113490249622
1.5054964291366306	1.689221977386103	1.973523406665584	2.3526767863362172
0.5861804819458591	1.618852264956823	1.7030852116602846	2.3112355487494027
0.34029377510194947	1.538983215045418	1.597757184759947	2.26666622375552
2.455734945963271	1.5950832345050094	2.137403478636784	2.2587560665147057
1.6155612056988184	1.5963117209859687	2.1247871192262386	2.2507222315039024
1.6683521036218418	1.600548014805784	1.8975672091791447	2.2299586327185414
0.24591588473363846	1.5224313410759254	1.8003542023904258	2.2051852634916567
1.4784879784049076	1.5199454979269613	1.8895144497371161	2.1873253778141746
1.6677489524244606	1.5281536712036954	2.1517525632715477	2.185350340380872
1.3241219177096455	1.5170292270802102	2.15909235847749	2.1839186709169085
4.14487269572517	1.6577519556439495	1.7067664714502326	2.1583679318336
1.2164302652894547	1.6345331055625851	1.9152295797896155	2.145575613357183
0.8936955193158378	1.5962285775654208	1.4989501655573712	2.112142350345656
0.11088415613144731	1.5207303687304727	1.078045930534111	2.0595805392103306
0.7994830123500056	1.4846807919441325	1.0015238655331777	2.006696513565409
0.3722503972807518	1.429989979759922	1.241568535760806	1.969080045400394
1.1269445229136479	1.4153315400316728	1.384893555681117	1.9408226462760725
0.5658657600407873	1.3748942872164984	1.3135017668119624	1.9109602353105872
0.2977964549259855	1.324421645913251	1.384427940649355	1.886286934872818
1.3793762341790532	1.3269576041929212	1.6103154241059205	1.8735542578260356
0.7070777787476901	1.298790120287773	1.6755977752812514	1.8645592568297231
0.968852253440543	1.2840213317283649	1.3900926229542487	1.8433210058148553
1.41145214670772	1.289641521207081	1.706015084776964	1.8372650773201267
1.0395363378967302	1.2787707565377566	1.5072599303216188	1.8229214585603342
0.8947942792098562	1.2623193012840308	1.6170914585205143	1.8141026969989684
0.7774906514451188	1.2418392135769083	1.615838547729188	1.8057275874659808
0.7161526855277811	1.219941846530722	1.5127429582877592	1.7935236350382793
0.9894160635064875	1.2104709664933675	1.5246653599342825	1.7824779367009906
1.198867477807311	1.2100007931712802	2.03562059514656	1.7927379615233954
1.332256342658936	1.2148898009371676	2.10050236391921	1.805045438915775
2.06054487996179	1.2482630708517224	2.0140638562046496	1.8132946034690058
1.8583748576143706	1.2720281370828412	2.47701941952129	1.8391480447782906
2.523407706975339	1.3201465584758552	2.1190774328158954	1.849912002781724
1.317072115267988	1.3200298608123404	2.08779748369101	1.858943524848597
1.2787375665118068	1.3184816712274303	1.8029000716833203	1.856842275016359
1.7191935275137578	1.3333191012621568	1.9079872972957195	1.8587357140657321
1.6950345971210656	1.3465498970110659	2.3067278587841282	1.875122325955091
5.431914352385578	1.4941794305355915	2.5216933795099656	1.8984862721652087
2.2779351535892234	1.5221638018732397	2.5473172006317517	1.9216528739274614
2.163098416108978	1.5447797926477183	2.5856770694703655	1.9450835617567637
2.569304873237137	1.5805107627653148	2.606634785777545	1.9681552928310033
0.9701737223232767	1.5594684798512537	2.0942151472601975	1.9725004945328877
0.9888228380524307	1.540018412241713	2.0649513481306783	1.975651321342771
1.7744394494523044	1.5479184628384441	2.022583003870775	1.9772327453156944
3.96157983383673	1.6283572895925773	2.1040118366540708	1.9814573915377225
2.0803863072057567	1.6432564169168753	2.2462321521153137	1.990184488882739
1.028691161083509	1.6232199180993128	2.113698875411726	1.994211165682863
1.9679158938566816	1.6343368467906578	2.4426770477921087	2.0086748501599017
2.70716985327143	1.6685695630802502	2.6957548421002513	2.030598567396422
5.271342862243803	1.7823207500542844	2.4307714172914365	2.043233329492481
1.9237266887557731	1.7867386920565203	2.1831506186707292	2.0476047414010523
1.3224715262907867	1.7723821777053117	2.3596012522808536	2.0572520371496132
1.649785950079516	1.7686298220892196	2.386775804760999	2.0673376708530258
2.026066842705705	1.7764296537716708	2.467068082258616	2.0794486923270856
5.489938176074456	1.887815481166665	2.7135037504856463	2.098466770271949
2.318407126114076	1.9006028044984236	2.896630905444383	2.1221702027868385
2.092480968066485	1.906245461392682	2.900109270855356	2.145047145702672
