-1.0	-1.0	-1.0	-1.0
-1.0	-1.0	-1.0	-1.0
-1.0	-1.0	-1.0	-1.0
-0.9793839180343519	-0.9899553191970908	-0.7921690204093084	-0.8987394474651913
-1.0	-0.9941812422925501	-1.0	-0.9413410309313265
-0.9098745422791068	-0.9630039199048966	-0.7001172899920719	-0.8521344837914928
-0.6786825225322548	-0.8692585783786715	-0.6242529063328086	-0.7769982496948511
-1.0	-0.9081375123150244	-1.0	-0.8433128897705603
-0.922062216133371	-0.9119077020891354	-0.7655455608471752	-0.8222570445590545
-0.9095273669238244	-0.9113162399412039	-0.7696074446425976	-0.8091747557068004
-0.7633704816922045	-0.87735252488924	-0.2955506301232126	-0.69126273544984
-0.549614602699188	-0.8074394436663737	-0.34939537923177644	-0.6183355830351978
-0.7046347726026982	-0.7869596728287072	-0.39561089299484875	-0.5739664805638617
-0.8767483284920297	-0.8037362809615266	-0.3954020332251772	-0.5406023934081658
-0.8173069515587161	-0.8061236564836751	-0.135679225857661	-0.46936775572872524
-0.46720607249931323	-0.7497953264290709	0.27655678334715095	-0.34539459676493367
-0.33955654683016834	-0.6851845888463093	0.05190579062867262	-0.28282161062244804
-0.6907859689071167	-0.6860228669561772	-0.10819926691660064	-0.25668851779414925
-0.5136694495438973	-0.6614527490625961	-0.19725623287925886	-0.2482160659628615
-0.5311235176421435	-0.6437150146313624	0.02905273698091526	-0.21047994512551504
-0.3216644263720255	-0.6017832978122769	0.23830893818553545	-0.15204660293476957
0.5457199182299313	-0.45858227736114676	0.4155288530518362	-0.08121680675668941
-0.47427900484708496	-0.46046295326914044	0.25929537199595964	-0.04041800674718665
-0.01252035495442394	-0.4088510937264206	0.2787504885955936	-0.0036433510303385264
-0.4774115781593088	-0.41645863886731127	0.17395228172033494	0.016063228026601095
-0.4354938393683224	-0.4184954100881926	0.1534971205714748	0.030770083280611482
-0.15875962250101605	-0.3916578462344429	0.09921283538124737	0.03784214764514826
-0.1802837513979787	-0.3705440298880196	0.24799977218586045	0.05883443765186458
-0.10925582035376247	-0.3452846016975213	0.4572906529821761	0.09735427493570303
-0.4330437816281024	-0.35350383520556206	0.14447465216332178	0.10176737038364436
-0.1999708679588419	-0.33955939148285763	0.410703481383071	0.12982608723045908
0.35898873479889937	-0.2779782372456505	0.2931339769496428	0.14422263660572443
-0.12287407051889587	-0.2646948818140743	0.41366281326652987	0.16729788882051122
0.3786130170649573	-0.21112959992100122	0.27234129631340775	0.17604441569304607
0.10221229550825806	-0.1857431043552964	0.7840245950518885	0.2253020014635827
1.1037671012074561	-0.08401550665347612	0.8373033749736707	0.27358193797890573
0.0010256586224748343	-0.0774783551037539	0.6320462520737986	0.30113674153755166
0.4161230880786355	-0.04048354093650541	0.6371201792499128	0.326318309832202
0.26521275430388425	-0.018130357632548666	0.5199575337553319	0.340477559279599
0.4140312427139168	0.012718946357396899	0.575166767875686	0.3572306198116504
-0.11269183402165328	0.0039746565280627255	0.47063324514484295	0.36513758657357753
0.9580740418330687	0.06898893234366588	0.531444713657355	0.37647017907525404
-0.12035090922860303	0.05637339337317426	0.41029481094311104	0.378723865397923
-0.03888277649343286	0.05016449756237229	0.454763159908087	0.38368036589479426
-0.08770113263094692	0.04136920881364281	0.35055019193315284	0.3815668071477647
0.07618001893438064	0.043543885746564426	0.3107593256140262	0.37714372303608257
-0.18128278409567755	0.02978575209119283	0.2561662165750016	0.3697405654843464
-0.4003426869569938	0.003990353151776649	0.1255460393120218	0.35509588951928084
0.37444452180274457	0.02577166585621926	0.3714548662764503	0.35605769356533346
0.08825297279621225	0.029374839265781327	0.3043772651408019	0.35307758201698025
0.4255873926933431	0.05179248169492179	0.29901647007286525	0.35001908883913413
0.0985839031042326	0.054391311053541	0.2530869084767089	0.3446366996894388
-0.13938266498645224	0.043826208000383726	0.3282561231684584	0.34374366188032157
0.1284846012009675	0.0483598391843727	0.2585400400112845	0.3391811888230096
0.07615403877195637	0.049822116621903945	0.3637600501660041	0.34047430142721513
0.06780041604927844	0.050751677013348706	0.3504816951102263	0.3409917290093547
0.7522134219781547	0.0864061626692989	0.31932612826498996	0.3398905297816879
-0.182526102261796	0.0729642828697239	0.3304140280093928	0.3394167408744788
0.039067605579745424	0.07129776778286967	0.30645301499302025	0.3377960804348117
-0.07223307459763395	0.06435509913092186	0.21609713733323344	0.33190943658168703
-0.13168851558645667	0.055022901853042594	0.15219322772386912	0.3233545128466928
-0.2835392397896339	0.03915784092659802	0.1460476746794377	0.31504577763847097
-0.2773359382363312	0.024555051152374885	0.015526778253930118	0.30122618616539354
-0.39380682578335524	0.005544496092847018	0.046505672143482	0.28965157818909626
-0.5187692486249336	-0.017925066667639933	0.05930640042438884	0.27934088755827435
-0.18806559663345634	-0.025428884109597094	0.09198178612807073	0.271077707753689
-0.33340701775235415	-0.03881534013782906	0.052424971034573664	0.2615738534185845
-0.2135325369684532	-0.046301098247177985	0.1159807669082571	0.25533591834406044
-0.1321516461816632	-0.04992743114798137	0.22729735255689065	0.25415172975451594
0.24420064915470263	-0.037675216858398586	0.1816337996313473	0.2511311648239183
0.0013364206346377916	-0.03607241501051284	0.2832935430887915	0.2524525680491876
-0.22275819858740886	-0.04363873113310457	0.202121997631443	0.25041275426914766
0.12327718490250916	-0.03696365379452948	0.1586395618138816	0.24674291604290133
-0.13483636667268173	-0.04082596046255993	0.10863380770822251	0.24129276287085388
-0.09429912235696036	-0.042908824084778474	0.10552498796887821	0.23600440240244636
0.020084211887408276	-0.04048665773743709	0.12902618809976807	0.2318907832192103
-0.25294914024315196	-0.04855299666228341	0.05203785634170921	0.22506246714782585
0.15398833856847727	-0.04095945184541172	0.10666793403091579	0.22062371287646343
0.03148323830988087	-0.03827692488142864	0.14681971349667688	0.2178909402096596
0.18039254434771745	-0.03027880417521356	0.16828530086494986	0.21607631952180273
0.18506628705161243	-0.02249729015284463	0.1206322350838851	0.21262698124816093
-0.06829202904461718	-0.02413264454983355	0.18902778490705763	0.21178410302398576
0.02228299631728592	-0.022494988970116814	0.15098366111408246	0.20963844191495107
-0.1024342352978933	-0.025283057583580293	0.11201587293235016	0.20623362466862427
-0.29448314251654695	-0.03456405240994931	0.07455256087565454	0.20169361520614815
0.08654691297358674	-0.030436329265128292	0.09522896512479617	0.19806464653850764
-0.23677621549639483	-0.037390300005442745	0.1351902812326633	0.19594559155707025
-0.1417785929200509	-0.04086926558623816	0.031116064012456368	0.19045230526690538
-0.22277925078655858	-0.046865158593330625	0.028867355362109715	0.18512633373585619
-0.0649038147300286	-0.047453420228987575	0.041497555934274066	0.18044350163699563
-0.20585684443922758	-0.0525623523159805	0.12632010371652758	0.1786977710827542
-0.14937642227319492	-0.055651627238759604	0.107058746819513	0.1764117972180379
-0.1088888843114103	-0.05733247350372461	0.15340901585397448	0.17568555821260468
-0.1698262319006798	-0.06084740908543207	0.1139298161209914	0.17375585665182824
-0.12524148007471947	-0.0628387228714703	0.11399075768501543	0.17190765570205446
-0.04412683130503281	-0.062265959008231064	0.1215533339750039	0.17036652332610225
-0.1942291659321912	-0.06626430659281524	0.10805126701392997	0.1684783036816364
-0.13023023431360592	-0.06818293277032694	0.07953796440397176	0.16581057827464774
-0.18185315977454575	-0.0715588155900524	0.12139869003314852	0.16449149427031262
-0.0023730916726473206	-0.06952453377067791	0.20298625243778434	0.16562319545329784
