-1.0	-1.0	-1.0	-1.0
-1.0	-1.0	-1.0	-1.0
-0.9699401991254457	-0.9826536487631802	-0.6903280461176438	-0.8213002640086426
-0.6269960606830955	-0.8093681991022312	0.12842224424436455	-0.35857121875656117
-0.7330940686862748	-0.7772787180058153	-0.24297478845993925	-0.30993835596941854
-0.48027680578921417	-0.6674448664465652	-0.09543443996570888	-0.23061297389584534
-0.1788381908484108	-0.5063435424269283	-0.38796178332383735	-0.2824934816476302
-0.7479520554262795	-0.5781913702547653	0.006592248816348345	-0.1965274429381354
-0.4405511224896128	-0.5409246735166924	-0.19378267768193413	-0.19578436568445978
-0.8421400965866563	-0.6157701953494199	-0.47878305104330066	-0.2661034141878421
0.14535451032290259	-0.44103990125898385	0.18801317506692872	-0.16185257154831423
-0.4917906327737278	-0.4518661217479689	-0.043289296481561435	-0.13656074182079392
-0.7387432279814146	-0.5090151613779055	-0.1585790223838459	-0.14094708911526133
-0.45932233988030047	-0.49973026865177594	0.20364881636938215	-0.07656081647402224
-0.20354815897877732	-0.4476256381407949	0.14926948237087134	-0.036832640342152834
-0.44799312363102506	-0.4476867614155666	0.14109454139755973	-0.007261119343269118
-0.31485852198828923	-0.42676691328038807	0.37773585898813233	0.05337416789254701
0.07195755420596162	-0.3521303688562316	0.3113886416119176	0.09198725034635591
-0.26648291605253194	-0.33992071322898043	0.5940847684168846	0.16356468464846396
0.11649509603932295	-0.2778025756874216	0.40594388118844815	0.1965523906521145
0.9734116393547074	-0.11489154670421542	0.41938837212979485	0.2255662717879925
-0.040136505024932934	-0.10556249300363263	0.8721422595237167	0.30625497054536654
0.7789415973772162	0.00041514220729887974	1.1401516209523979	0.40616907039992434
0.8293314081124803	0.09592268322376474	1.58924076315849	0.5424823137526484
2.5739692351514862	0.37089250652581773	1.2249981640961338	0.6182159671011906
0.01447554105158022	0.3327532813664855	0.8471826845373502	0.6427178159795626
0.18415887241761442	0.31739981215474034	0.9538736078795969	0.6748685974955497
0.32151893955780086	0.31781134130218724	0.8381287013187275	0.6911765123686788
1.8765972776386857	0.4685026086469708	1.0861566309796866	0.7293600729405236
0.23042845566250336	0.44620557803140337	1.1125733266377265	0.7652507544789267
0.7455911090337759	0.4733967567902211	1.1740458130266567	0.8023788584164147
1.1385546181319635	0.5320346740213364	1.351263518749585	0.8507666324859022
1.6164213506012244	0.6249027945635282	1.527719038657061	0.9087417085827436
1.4516950847870165	0.6937458020089382	1.1350297972007644	0.9275835702718629
1.9289773703053763	0.7938220405741401	0.9129118210000102	0.9263951735401041
0.7674342418543592	0.7917405031343412	0.9132995659107668	0.9253622499237151
0.36571875077010807	0.7589931991137633	0.9655228509837179	0.9284496021986586
0.2842149737204185	0.7234094016601953	0.7508169619603251	0.9151365287235467
0.2991764812127986	0.6923883366129884	0.7543605360121846	0.9033801117437068
0.2298621035226276	0.6593715447740076	0.9005369674464716	0.9031770338788054
0.5290887763819043	0.650287648351149	1.0374451025118945	0.9125389745196859
0.8823972820890755	0.6661041011343705	1.0256153648721735	0.920244282131544
0.6208832624227294	0.663091207200255	1.0329959438613834	0.9277569740336853
0.9337052261546626	0.680730478582414	0.9717580222587496	0.9306251944132837
0.48878845996927556	0.6684855716873148	1.08449392644527	0.9404418024248835
1.705577002054807	0.733271133962051	1.14142945404961	0.9529973979210022
0.4926159390662399	0.7185446317338078	1.0760574386990802	0.9605283060286574
0.4216028106462335	0.7007371007818861	1.0566336161278516	0.9662925796245019
0.581042979102192	0.6936996021518773	1.1890830672088213	0.9793919605712016
0.8720924690093128	0.7039871342630162	1.572995434093325	1.0136233142971354
2.6433210606574016	0.8137138752723252	1.6535719958484685	1.0498316858511356
2.618631769256175	0.9139449905371919	1.8167639803183215	1.0924212213415831
2.4359078298244885	0.9969274630397138	1.6829562573223167	1.1246192934913202
1.2167478371776048	1.0086993281837575	1.4328781252652099	1.141127090245777
1.8602024310122336	1.0534979346935307	1.3746942930375963	1.153415360228697
0.9614004550810322	1.048735681018779	1.5452030040438571	1.1736720856870457
1.8470138667409821	1.0893108401513665	1.7443160985859278	1.202676892220318
2.9948427598706533	1.1845531227348682	1.881321840614521	1.236596848599698
1.6558730530976624	1.207724904295909	1.959919216153743	1.2721578893780618
1.6310572535716226	1.2282015472501104	1.7317732037120463	1.2943895540097201
2.8801572267549975	1.3068401354950043	1.5187932473868608	1.3050720033495664
1.199013080357917	1.3017874225356922	1.4860370295659044	1.3135520336334294
1.5485144225253507	1.3131716492249086	1.532157723887086	1.3236387620963206
0.778775813205498	1.2888882409018168	1.3638240678496771	1.3254645262455687
1.112488958484283	1.2809922164759877	1.289517076498707	1.3238554922361474
0.6384925459110746	1.2526551662522154	1.338410389603732	1.3244976258581511
3.341700037815385	1.3434567533367328	1.235943206620754	1.320648464024464
0.8680428152116937	1.3230876349909941	1.0786693976562147	1.3102808630978848
0.871782574039935	1.3040238418940722	1.1003770911924042	1.3014143142834134
1.4766273662044043	1.3112141458399957	1.0419915619932953	1.2906083334968685
1.06997055104994	1.3013026163526424	0.9056688840487199	1.2747930694390197
0.9351328589328158	1.2864618723780907	1.0207671941830223	1.2644975186407623
1.0699448152757531	1.2778036934835066	1.1204087758447732	1.2587357390800524
0.7225308507554158	1.2558908868331762	0.9614737522542194	1.2470050702646893
0.33460078926737635	1.2200054275852552	0.8485666068832323	1.2314855002957978
0.5553270445897867	1.1944469769099886	0.7467605313663364	1.2128466580167543
0.777844606144769	1.1786303784540881	0.6955846896719522	1.1932084478808678
0.5072010415123716	1.1534577089403406	0.8040958432800396	1.1786202117872637
0.6052964691463727	1.1331598905766742	0.8088328308477541	1.1649273021423645
0.8408714564574962	1.122468739409781	0.7783969686955168	1.1507890516486077
0.47350975023162656	1.0990172646004441	0.7581627730467819	1.1366005183401762
0.58084356736897	1.0805149339864135	0.7095928287065305	1.1213534012892845
0.3409481451660308	1.0544178330288236	0.6375064395500978	1.1042797207850588
0.34134776150685253	1.0295482257364341	0.6656740567100639	1.088982385147664
0.45586746075985274	1.0097699622835963	0.6658162770370419	1.0743931806533311
0.664512533209177	0.998002179232707	0.6413786249084072	1.0596342829828642
0.5366633135213366	0.9824542152565567	0.6392008088924956	1.0454648572146823
1.5958778580649873	1.0028973759281468	0.6734627297579048	1.0330670291323285
0.15021051976686484	0.9747921809402811	0.5643637360111942	1.017618170883805
0.46297900272544457	0.9581055291364935	0.5871980426742256	1.0035851144297
0.5320075213744782	0.9443630850973537	0.5861726596241188	0.9901228001138211
0.6719029845514941	0.9356691030931694	0.5619448357914576	0.9764600170461724
0.18241095398559426	0.9118860542166538	0.5151082443860322	0.9618933186801972
0.21975742612402982	0.8902609143548776	0.5171778493940444	0.9479984624159341
0.44834258315470654	0.8765955360284616	0.5647456024254656	0.9361471439900129
0.3694803667178963	0.8610740804832473	0.5704291470237564	0.9249533905584038
0.41442391126662725	0.8475416344847704	0.603818250574832	0.9152237920329853
0.5015895781457984	0.8371646472254481	0.6228892912735751	0.9064550459373297
0.5686114434411647	0.8291893601561533	0.621842891397729	0.8980028469280184
0.5192459900437645	0.8200749235266762	0.6182541723080324	0.8897763471351701
