-1.0	-1.0	-1.0	-1.0
-0.9428568103462349	-0.9598734930727645	-0.4706782572368188	-0.6283050927605383
-0.9640262112448675	-0.9622698663045847	-0.727578225934056	-0.6855917882350644
-0.9518990530598723	-0.9572169411178065	-0.5036572622821348	-0.5969486489115357
-0.33391668933926166	-0.6949866827016825	0.7759019966362637	-0.0193730943792354
-0.3518728207486448	-0.5681002314785537	0.5915123294529177	0.20653757974338283
-0.6592820746039714	-0.5981643620458781	0.07683308713006842	0.16377187712119756
-0.6763520993292232	-0.6214153111661598	0.1651448655223997	0.16417999379938553
-0.836123579530847	-0.679548603270028	-0.4774035866802342	-0.00953183484531317
-0.6099086879283414	-0.6622445845461158	-0.05239148261297921	-0.02018152098310233
-0.6874809581793182	-0.668038107449155	0.3000128356984131	0.05332490005796542
-0.10809104438334838	-0.5485900816583833	0.48903491835141666	0.14627063736713097
-0.3627104332881662	-0.5115608209962312	0.42489799536441075	0.20177627675397813
-0.5327125777593418	-0.5155128673527116	0.37972949752826257	0.23502627647036656
-0.4056884313141582	-0.49619242028926336	0.48845210043433385	0.2796092481117749
-0.32872785485336187	-0.46835970834809304	0.2888718766228533	0.28114867986269054
-0.23796721455616687	-0.432074021679254	0.3662660235064177	0.2945541111268577
0.0077468312630259994	-0.36625272623920135	0.5283306518717268	0.32953980471706257
-0.013837624536113036	-0.3160135481582599	0.5887198457173399	0.36648773912429866
0.47116325811342263	-0.2088788433696982	0.7749230401890759	0.4220756567472219
-0.03935168570237091	-0.18680592390056583	1.0518772897977144	0.5040774461155644
0.8122132868403729	-0.062134613963176655	1.2003705379144782	0.5909705452813712
0.8630033784262363	0.04871147279470489	0.8521522847541352	0.6222642438208505
0.629857932245065	0.11567109577739054	0.6703744986705542	0.6278077983778758
0.8452621726855893	0.196628321773338	0.5835363975950705	0.6228955058869006
-0.11819957708937534	0.1629394443096155	0.4999874907254971	0.6097438151930277
0.18602065370090748	0.16532456212923696	0.7456305224645539	0.6237847770014606
0.522780390748002	0.20103049645471627	0.8248639100473982	0.6438705150760502
0.9160492181612823	0.270152971154233	0.6567366757562401	0.6451143203758793
-0.019301852912999906	0.24304354522683136	0.8185306158260088	0.661355691138585
0.05911963462423819	0.22633907876531056	0.5415954938219645	0.6504788004216076
0.9472834151570038	0.289894530788287	0.652830888914328	0.6506860893572468
0.3158332167141793	0.2921161193607891	0.7331919952661243	0.6577522011355443
-0.20080860252264443	0.25107264162466936	0.48951453204671	0.6437439232584319
0.48978284177184594	0.27041286394500275	0.4148435525608578	0.6251993174347734
0.20691047117883832	0.26540335490158107	0.5488027556431943	0.6191726348816631
0.708307117007972	0.2994486336357145	0.4793359024234709	0.6084237236305226
0.012540269964833373	0.277945467201014	0.5857795297985426	0.6067269242268101
0.20522436728192872	0.27262776747768536	0.588787700905423	0.6054149739399675
-0.03447126478164886	0.25070605749736763	0.546319880784939	0.601196681439891
-0.007581974907523881	0.23269690412347388	0.6256783104220853	0.602903639647171
1.456833610520269	0.3161122747759715	0.6641531240347285	0.607077554845362
0.3558196260537285	0.31875798862458526	0.813438084702663	0.6208272249641864
1.3436804277133647	0.385564735401112	0.9068380556891353	0.6394702674331858
0.4517922289782832	0.38978997573511553	0.8402793970597038	0.6522813515853023
0.8685509056570717	0.41969741678833095	0.9088336588917418	0.6683078221110375
0.9354657212726156	0.4512595398670449	1.0987880671027392	0.694650799070875
0.6762821164764978	0.46475475278949063	1.133763967012722	0.7209854049518265
1.3082089638942134	0.5143473006162058	0.8968063179407024	0.7313234535136683
1.5405935629049488	0.5735275874473971	0.7681468241959679	0.7334471277805834
0.51676564236139	0.5703162256665615	0.9268510140724306	0.7443899914606213
0.8351537822635535	0.5850231619181838	0.9338240782168725	0.7549096109387547
1.3832820405835018	0.6285472549731532	1.0179883671251484	0.7692539450220681
0.8267704850948838	0.6391624564757017	0.8570650944812215	0.7739565768775107
0.08299189888325875	0.6099015528180212	0.6723360303318813	0.768610016526623
0.7975540247665607	0.6196037835447552	0.7745138347943104	0.7689150062117147
1.0163538004067942	0.6397701894665999	0.9411655958402112	0.7776703791951263
0.9578579862128513	0.6556689961835793	0.8625489978041809	0.7819128973511409
0.6281800381835692	0.6543174370202165	0.7251069702345869	0.7791200165363157
0.4756682615336183	0.6456760138870565	0.6934770497248757	0.774977353854378
1.0541605486755734	0.6651209889119252	0.8094495776379478	0.776618160963692
1.1349864247733188	0.6871389710974121	0.7399072105847466	0.7748980431836865
1.629277738594105	0.7306086200955029	0.5950731066940846	0.766601118393379
0.3425335586581977	0.7129743278199812	0.5809211829941214	0.7581637611211733
1.5348731386576837	0.7497645441477157	0.6015293020752062	0.7511523439554035
0.5059399742329183	0.7390110114255684	0.5552539355333572	0.7425125833701771
0.09933771531390656	0.7112072676375432	0.49543728153921873	0.7317734094741888
0.18103137890601362	0.6884920297579309	0.41826237618998086	0.7183412084873781
0.3593837976377161	0.6745899056801126	0.44419316635175465	0.7067607021726119
0.09788280049382725	0.6505669883513874	0.41575366512584644	0.6946387279126092
0.18918203056879235	0.6316112750637444	0.3136531299798875	0.6789862471201062
0.07145804486449103	0.6089084264058797	0.3348722399837507	0.6650394982561447
-0.0010638038040089448	0.5845158679046307	0.2719139831875683	0.6493186181173478
-0.02329503264728594	0.5605293539201563	0.3043490058787919	0.6357048216418739
0.3198459669024467	0.5511544856967003	0.3304777259629883	0.6238158823524456
1.1920686926890163	0.5757989349824335	0.4506348771753792	0.6171565797253691
0.15926825481122675	0.5599849936041355	0.5191867428341592	0.6134370024564415
0.8514775355507143	0.5709133192873102	0.6051785865107413	0.6131272929402642
0.584441001970442	0.5714141274549476	0.5917823773703452	0.6123368176115964
0.5482354037006192	0.5705664397531724	0.5034761705313682	0.6083551243341407
1.2610105896078352	0.5955164198406351	0.5273458505123596	0.6054274950259968
0.9412855066822292	0.6078622383372909	0.6156323911889299	0.6057915394468691
0.6664151608441229	0.609927960010356	0.5403483228206736	0.603481888882835
0.5618151704342673	0.6082498596371757	0.5154582843234798	0.6004118448623865
0.25470515750332745	0.5960610985086954	0.5241234947883335	0.5977816658003265
0.7930042277950164	0.6027734490111596	0.43942907270146203	0.5923841641858203
0.29441067363989326	0.5923810155500588	0.4177534319920797	0.5864986311414897
0.05799814964654537	0.574571528930844	0.353117251250638	0.578720502406759
0.1929275979698699	0.5619923533434008	0.3892577255844465	0.5724757586659761
0.2317906572356223	0.5512267707979313	0.3859618557631499	0.5663947357459389
0.3461418941942578	0.544612260732805	0.43129259682265	0.5620373047220153
0.4372362332653197	0.5411858284548914	0.4644834366484225	0.5589242847129288
0.4254517156391169	0.5375315848024298	0.4410570153136437	0.5552026888496819
0.5110374575776171	0.5367035265123077	0.47995785495547927	0.552851448609964
0.251929219435592	0.5278972741395955	0.45135735370077246	0.549712602615066
0.6260820361515123	0.5309025432506729	0.428675784255643	0.5460081551925227
0.08874502545000773	0.5175061776955237	0.4080539644272403	0.5418285115573327
0.5991095125575536	0.519953929147108	0.38657698868504364	0.5371718071433289
0.24561186600284146	0.5118064239351381	0.46122892462160126	0.5349163518666915
0.28297051155677777	0.5050769727584006	0.4266111387843219	0.5317313300087472
