-1.0	-1.0	-1.0	-1.0
-0.5916171647077123	-0.7132295886431049	1.5337484282710672	0.7792228670192156
-0.9713831385472798	-0.8622000491532587	-0.6739940303626702	-0.05937257099946902
-0.6654489694111595	-0.766337907359272	-0.20803836594195235	-0.13180628813427808
-0.9258046245279282	-0.8334275460317788	-0.4686964779137516	-0.2735401577674875
-0.31624759503015776	-0.6421700169340613	0.5236451691270314	0.02126569545715684
1.6797593830748574	0.1234070404719001	1.1477361843238834	0.3926808623409084
-0.33072392729075695	-0.01163918892314375	1.1193719513445193	0.6087787812156811
-0.38660394257523223	-0.11316268927253859	0.4741308787707015	0.5723222043041227
0.05621983099978456	-0.07107482739095772	0.9387729784396903	0.6633772404975389
1.2939126504042786	0.24228314665828354	0.8912675794469038	0.7156933962809595
-0.49409159223715193	0.08519951189711428	0.29124749147129303	0.6251505016197136
-0.27817241822898786	0.012811899511293356	0.17368825005479294	0.5352143464863974
-0.2578151330568692	-0.037753570557627736	0.19034042059721945	0.4707761814375635
-0.644704267573551	-0.14452924352404894	-0.10938736176296693	0.3687128704001552
-0.6316115008630059	-0.22548269216122152	0.08263810730391286	0.321166910656425
-0.5259785160740456	-0.2728094278163756	0.04165540450321226	0.2771451137648899
0.280682261428818	-0.189976639448869	0.23896325413587638	0.27143100864841685
0.5018185339953758	-0.09135643628052958	0.34890556804980744	0.282475696440762
-0.12767517106677184	-0.09629950710438762	0.5089354793546805	0.3132967454972362
-0.24213529132629408	-0.11528759224828067	0.1796760128965027	0.29589911570001903
-0.07392285274634247	-0.1101254654341507	0.4442564144685368	0.31441326157752636
-0.0468779023156628	-0.10254727911354933	0.4337499567975023	0.3287118749139395
1.0932814882721504	0.035235472133479995	0.49415127929757774	0.3477738053306101
0.08064445249719521	0.0402742383935506	0.5346487853715727	0.3685099876535347
-0.13386581933020614	0.021639923873594702	0.5246266433671745	0.385215905854414
1.0068597990845851	0.12343884489765311	1.0088508255179924	0.44965371704073354
1.4217015404023043	0.253120681086084	1.0146739498921984	0.5060930003496857
-0.013100586970263284	0.2273846015022014	0.7179499502925584	0.5265739143624781
0.14116465590909089	0.2193096431170669	0.7201286805832965	0.5447017239243674
0.3988194474226816	0.2356134242056731	0.926268886229556	0.5793570304888984
1.8800115593851046	0.3805770438774554	0.9855852125153444	0.6151685665457001
0.6001611592228822	0.3993825834103688	1.0957095818917035	0.6563227376704532
0.5485984745446091	0.41180736124247774	0.8028644512347649	0.6685248941532049
0.15309484380639993	0.3908471746691886	0.8630960930582221	0.6842888734802743
1.0220106933996607	0.440639018522325	0.8625444459222931	0.6983514677799918
0.14943094140567514	0.41825445991194354	0.7933060178433906	0.7056505482168185
0.2567067505629066	0.40614686048300763	0.7831813597586137	0.7114616344562859
0.7637150337993137	0.43229308781904274	0.8961132105045839	0.724963739052848
0.6590647266665381	0.4484807319417907	1.0722395557770175	0.7497533618107834
0.9172120465560238	0.48116290820273044	1.2951073292484274	0.7877780295925672
1.2530954996095551	0.5337637724531268	1.6068387929175696	0.8435902838452223
2.074772318554475	0.6364400510728829	1.6848961450333646	0.899646006375632
3.238605562347402	0.8060546322694806	1.6962413327594605	0.951569952615517
1.3589902254657718	0.84133013302784	1.4697265337898755	0.9846266995634712
1.3407074616852488	0.8725253003422706	1.424493977070985	1.0121043797735627
0.8197243413462316	0.8692944088181869	1.0709104660412927	1.015703240598273
0.6374785938260479	0.8553921031332217	1.06546097047762	1.0186872986123774
0.3988165812419655	0.8285472868330102	0.9762682399618445	1.0161934425271024
0.5121772980068802	0.8103033024813044	0.9669515569241285	1.0133537795394014
0.8723542091774139	0.8138143750001261	0.9400866230615363	1.00920867801885
0.2908392310001757	0.7847728231615381	1.0502105544222111	1.0114861745772612
0.5293102902705329	0.7708445089361542	1.0067843028342747	1.011230198013855
0.4505269331185624	0.7536919280136221	0.8467304293417526	1.0024217949922867
0.5146126678966052	0.7411134747324002	0.8385516762144529	0.9938001370384886
0.5220421260033068	0.7297864802067198	0.9196762539072127	0.9899675971322868
0.7410172701173221	0.7303572094452817	0.750800719768858	0.977810920497161
0.6636130982982886	0.7270212728734609	0.8674609942738953	0.9722954830252633
0.2717991645958433	0.7046409881466806	0.921700638632736	0.9698078870769979
0.8292769905160451	0.7106697975051752	0.9128201395401174	0.9670514469180407
2.102003375461305	0.7769014598239694	1.0755824847434896	0.9722176708397952
1.0088733459173151	0.7877717165240377	1.1349190819423884	0.9798419336074076
0.7952307873163211	0.7881157920674688	1.0632104752250031	0.98368840134092
0.9238269705711977	0.7942825712170158	1.140635317593088	0.990820142364379
1.799280787675532	0.8392686653563746	1.2180663911531564	1.0009921017683956
1.5384429791437548	0.8701056345428972	1.176545066376324	1.0087349395226854
0.5827549822525686	0.8576160270539028	1.2278799805048721	1.0182606258334053
0.9919968972894622	0.8633736851364375	1.0590777326039782	1.0200095477339306
1.10096100847533	0.8734101909522121	1.0019271430560264	1.0192460843485431
0.3847705056514321	0.8530558915564745	0.9878443400895376	1.0179382619409139
0.8895734541796925	0.8545565582715677	0.9856159363759558	1.0166106621875142
1.0158513425733782	0.8610937933187515	1.0219909518907415	1.016828686921285
0.9382046878674029	0.864177707537686	1.0189800967349516	1.0169149990495976
0.6149978664207376	0.854344215297866	1.206247156886302	1.0243868864205607
1.2702028358982096	0.870542901280398	1.1574125231094738	1.0295687947748178
1.1599250687353013	0.8816701804688629	1.166333280891159	1.0348275783238492
0.7098448752784343	0.8751466612727361	1.2824319084867652	1.0442279796810099
1.732357079451516	0.9072841096324977	1.4208269843958576	1.0583467416441357
1.5729566270039275	0.9319331372387898	1.3871686222977684	1.0705226579991098
2.0856517711484153	0.9741331014606904	1.451758871961769	1.0844673618452587
0.9907178177419764	0.9747319952428244	1.3323410689253978	1.0934241855220597
1.6535993805659337	0.9989717867706203	1.4080059091188533	1.1046566110283633
1.2491467513436039	1.007799166225794	1.320537792299524	1.1122738649265207
0.9917407965420484	1.0072389034628357	1.2138492666639715	1.1158162248488281
1.001536932550874	1.0070418227611335	1.1966705623001763	1.118603181673449
0.9098091616352901	1.0037275605701685	1.1440096368475077	1.1194689301587024
1.8113889996898593	1.0309461400455429	1.130675247518373	1.1198461834715512
0.7589848084341664	1.0218823801349664	1.0683429142663683	1.1181295583846644
0.8326050434337926	1.015643649484403	1.0905182377650386	1.1172194459838227
1.4272104477462095	1.029061640572166	1.089995285236439	1.1163317686117002
0.7203296324134147	1.0191040184758173	1.0711378395744964	1.1148737070637775
0.5520552277384536	1.004200557088068	0.9155653525448031	1.1085134881882648
0.7784637442574736	0.9970733508555767	0.9446295641397053	1.1033391798668464
0.6541618976330095	0.9863592012946936	0.9611957645956113	1.0988978954740238
0.8911004396972795	0.9834134184717518	0.9850661398959895	1.0953777836258451
0.7671528770057923	0.976794467118038	0.8277804382007428	1.0871875742969834
0.574856435409298	0.9646166159169283	0.8249365395369386	1.0792419392064563
0.7502629995864099	0.9581870402084787	0.8659997537928685	1.0728456973780038
0.6789598374221193	0.9498943002909612	0.8572779274750963	1.0664434915252943
0.7710741168844593	0.9446359603432641	0.8965425422362376	1.0614474541592327
