-1.0	-1.0	-1.0	-1.0
-1.0	-1.0	-1.0	-1.0
-0.1914192952718773	-0.5333992623005257	1.3877510769894585	0.37787905084948803
-0.676946734109708	-0.6033392080210811	1.1751981727257235	0.7663533975905936
0.19686733405246004	-0.26668224078304337	1.432126960599179	1.0464527739564904
1.3503567731588273	0.331312652751675	4.0566772697979685	2.159659603311087
1.1240239109053864	0.592682227016285	2.6704649358965065	2.328080271735447
2.2154126996532817	1.075237488996029	1.8594677039282774	2.188727196145782
4.436524048951375	1.9853217868528454	3.171533642225154	2.4548266822255025
2.1645775284740685	2.029862838024996	2.6839799863486737	2.511766178683377
4.340074427656493	2.5602141341547453	2.7423082970749153	2.5646907786948416
0.8913671559146532	2.2042154092377553	1.4589301301891568	2.3288098018893817
-0.23863192142587508	1.717573867516613	1.0274505308952224	2.0695650710644276
1.7158330689937844	1.7172485728093658	2.2342301211142668	2.100331989577563
1.6921450505553706	1.7128318789760244	1.9230762084771316	2.069148416834571
1.8990815166866284	1.7437866932991164	2.041456474929563	2.0645459957543326
1.1228896065899168	1.6459982127377226	1.9455085052130308	2.0457981455454175
1.0088037195186468	1.5506387588288164	1.8735874606972907	2.020025780901598
0.6799576816831399	1.4265172980403054	2.1506258845235275	2.0386435581160227
3.1450219853733206	1.6604058767306826	2.6076807463975196	2.116089502172398
2.478483869853061	1.766921765725268	2.984113411225442	2.2291085092187246
1.9452581670433822	1.789177208255635	2.7111024719410204	2.2892585000260404
0.7533352273642611	1.6650671859035326	2.3753718873921326	2.2995764622039396
1.0453695814841364	1.5936662482173238	2.3274285140050477	2.3027858943028487
2.7300416872711892	1.719761049088333	2.1627185878625697	2.2872437746172167
0.5309488685946802	1.5925485853540575	2.0655906188790207	2.263525354776684
1.829871648873286	1.6170711147055634	2.2576656266406268	2.2629209262381855
4.330775157592649	1.8881392900264622	2.306436125464857	2.267267782458775
2.5842771948948235	1.955436564370896	2.2306980634563667	2.2637325558881973
2.4871189560065705	2.005232110115808	2.268973467731365	2.264223437727279
1.1577033323187558	1.9282570104663597	1.7888889216963348	2.221052180571646
0.546159346222397	1.8064168821754816	1.8931769946229897	2.1921480143086827
2.149906923936	1.8358335884965369	1.901114767217868	2.1672235859847637
1.8155797626939671	1.8341473508392476	2.1084406055581444	2.162329228123349
2.920266870180958	1.9221430444964267	2.581725249687072	2.1963083594573827
2.239949917447725	1.94721508703977	2.8103549902858544	2.244750439953395
3.138871841769107	2.0388161488453624	2.5836027879123353	2.2707979296290004
2.803419883370919	2.0961230667849367	3.1038597296933874	2.333235758182934
1.7278719329867558	2.069195490908315	2.547791724030536	2.348924541448324
1.884443407227904	2.05600726068263	2.3748048887902278	2.3507719790560353
2.098487288049239	2.05896914517386	2.4762884465900914	2.3595235767422515
3.2907870693681627	2.142907384295645	2.4908511202259755	2.3684723527036025
2.0038095442451067	2.133639799441588	2.69596204620004	2.390293125231086
3.522781188245948	2.224186304753729	2.8457070214331184	2.419977586169706
3.7008392319448022	2.318391696776762	2.7393283381214673	2.4403513909195182
1.758695319662782	2.2834281854296976	2.614507553172276	2.4512302386596176
2.2831680461046795	2.283412723508093	2.2868099006249225	2.4411691003540157
2.453313204088085	2.293602632536205	2.4264341264366207	2.4402861566429617
2.7448443916257306	2.3201343428921475	2.2894297825295027	2.431416646782964
2.2612339205598606	2.316738581880838	2.5725745296304487	2.4395576200507554
2.433261549103396	2.323331534809032	2.209185267027483	2.426523510438209
1.7161563480566557	2.289614387904606	2.1794134849523195	2.412801640288623
1.3127702590940067	2.2363540033878397	1.7281199688813804	2.3754708876763675
1.2639178038678534	2.1842804827542297	1.7261210351130098	2.340698769268239
1.794430314949973	2.1637700855889377	1.684064577465481	2.30615254920743
1.1673860572819357	2.112252346624135	1.5180389702421104	2.265403340309055
0.9772903361770493	2.054563758231921	1.6125635888524346	2.2322204758042834
1.4992618384056597	2.0268082711068174	1.5240360015848862	2.19682359514774
1.797908746086232	2.015554939584244	1.565360905169051	2.165778979342163
0.8071557861170344	1.957103803489186	1.572277713896289	2.1370707856521736
1.7007777910480302	1.944901909114312	1.5147586148600465	2.1074467660213934
1.3242778237060087	1.9158195064974346	1.7798194085259729	2.0920941135791553
2.3336817477659055	1.9350996408864187	1.7774056297835363	2.077574876040498
1.0166695130011663	1.8933660769221503	1.773806527894398	2.063771962940966
1.1362053132197114	1.8594736462695405	1.6466470835024634	2.045100420882037
1.2597079849519672	1.8330216277361302	1.9610004673473456	2.041391754243028
2.4029156834737955	1.857792713623036	1.9681656654725086	2.038209154918608
1.8743792951811074	1.8585038078212275	2.0777587759003198	2.039904131918534
1.4300977982153573	1.8404071836429963	1.8320071827586037	2.0311222117195036
1.4948123818514953	1.8260116914945854	1.7969186560120032	2.0213668073822744
0.9548261718047546	1.7902191604843853	1.5874859443762088	2.0035409492699046
2.292677271770309	1.810583998501142	1.9278286020909379	2.0004725295564803
1.6867211004701468	1.8056314386302903	1.858291861106657	1.9947874901641134
1.1840110808799738	1.7811001555019015	1.7820965396861572	1.9863941712444357
1.2583212600933948	1.7607376138353001	1.8647226081858799	1.9816554708713516
1.316450163244256	1.743653572270556	1.8017326174632382	1.9747368079927763
2.1232107054555676	1.7580636689497329	1.7508540715687713	1.96623689658698
2.101154538715702	1.7709261264457852	1.819380300323266	1.9607306349580749
0.9396811398376952	1.7401462300140391	1.6434885807878774	1.9489835153169373
1.475367664801949	1.7304611380496757	1.7084584888771643	1.9401855262657874
1.3143195415681226	1.7154227068311991	1.5532601636283085	1.9262028213521005
2.126284579378975	1.7300929992384946	1.6342139377283318	1.9157767596985447
0.8263139510761308	1.6982014314049092	1.6691911187529112	1.9070751954953038
1.1314274090361418	1.678434137957462	1.5182706907526535	1.8935147988302465
0.8519898447961425	1.6499414878744698	1.5508628784325538	1.881701050070205
1.9349696144604964	1.6596560662337239	1.5515851607474875	1.8704490946701635
0.8760169395210136	1.6332460665845172	1.526487982548339	1.858856594242567
1.7292897872422706	1.6364471064000683	1.8023940273487016	1.856975092539845
1.3257105542541425	1.6262050021378163	1.6883821399616243	1.8514181348142666
1.904538698992595	1.6352790203444862	1.7151813783258234	1.846976140687762
1.0865480868671398	1.6175808306241426	1.6791637647436528	1.8415632075214585
1.4804100198762975	1.6132039702494385	1.6544094894322945	1.835591450440131
0.8260422634035842	1.5883505669012306	1.552226146270621	1.8266444534272992
1.4476342639342237	1.5839537861873816	1.5225412285016797	1.8171427380693403
2.282422661960217	1.6055513725384656	1.6412769119821813	1.81170395056778
0.9401015874827272	1.5851839847465508	1.6639181450485712	1.8071806653387625
1.4897627523961035	1.5822927365096628	1.6072298551457047	1.8011223869995603
1.0197387934172712	1.5654188143272836	1.5713518891253617	1.7942302433624455
1.4259114473504275	1.5612759440969124	1.616377457784889	1.7889486072986247
0.9835459452930315	1.5442866396615682	1.554323034848152	1.7820489447891288
