-1.0	-1.0	-1.0	-1.0
-1.0	-1.0	-1.0	-1.0
-1.0	-1.0	-1.0	-1.0
-1.0	-1.0	-1.0	-1.0
-0.8935733202501223	-0.9552249566727334	-0.09571404342140222	-0.6195555195257149
-0.8261331055556587	-0.9074857206852619	-0.02752530761833194	-0.40061788091445993
1.8333444492472135	-0.0037904036257271345	1.6806826527080618	0.2856199734642768
-0.5559264377129804	-0.16798068371669872	0.7086741516547583	0.4114244494418342
1.2868511190663456	0.22592171608476685	2.4973824425271207	0.9762071438928934
1.5778017211356792	0.5618346396814229	3.2337286026849554	1.5371523700851233
1.8616354149272958	0.8602278954116633	2.322799704263795	1.717512052552462
-0.2359207142907308	0.6263970316455163	1.9009947412470996	1.7566519561830907
-0.093984629383704	0.48288918826266847	1.1107074274601154	1.627972747601783
0.8908405034318971	0.5591130476747772	2.529120596596994	1.7963481830014913
2.735680324514526	0.9420170695285788	3.3473017564794807	2.0691932308130916
1.6308052028969247	1.0564937266162193	2.786298070874347	2.1883759694135816
2.2351074921164296	1.242119873209882	4.116760149432898	2.4920874553448202
5.319588281150857	1.852333059048028	6.631605016275367	3.111586549995546
9.71798166226163	2.973633861258058	5.652563317205558	3.4738198373908196
3.4688064516490167	3.041026360693256	6.982776017466962	3.951388170568605
5.9935508530409685	3.425451979104314	6.82307973709274	4.325289223747563
7.413328274634075	3.923113733387514	5.7361297368943704	4.5013535105360445
14.321788593601015	5.1690403125012585	6.22118410049189	4.7074171696134455
4.826359563144402	5.129557699419304	6.652103571386995	4.9314837368038
8.209513139698418	5.471316698053754	7.142653923847638	5.176840363926011
9.340009765122074	5.885300791546913	7.519211898671257	5.427495183625732
3.9074389589450194	5.6809371773815895	6.074602524854251	5.494359382499063
5.838927208418938	5.696718722941824	6.382946306687202	5.583119180786189
11.569090911285107	6.264412775751095	6.665573280307868	5.687761610080377
4.994039112004727	6.145434026448017	6.304426832832029	5.745516298162987
5.932430679026033	6.12608856577797	5.487764246430249	5.722106612914756
8.951085610669228	6.375129688190688	5.029690805470361	5.661066566472373
7.228721760313903	6.448232065939845	4.883596707641957	5.59448334555294
4.145444271446216	6.2564904590654296	5.044543305367553	5.548693240461043
3.894322591189707	6.065112805798413	4.5779369658895	5.470044790107498
6.343295827149198	6.087059680539406	5.195584868983392	5.448394271418292
9.233497255259113	6.328922249657836	4.615314483358453	5.38435794640809
6.16985775930353	6.31700231644747	3.854135820917959	5.269671055197339
4.17091958399553	6.160074538780279	3.884907181344876	5.168412942810431
8.217182679003665	6.30691874073707	4.409982556699395	5.114274020787964
1.8661962679084239	5.997289248358845	3.8329487373662703	5.024933553829807
6.107827152698356	6.0048227106675185	4.301383440654335	4.9756303780305915
3.917222470997472	5.865728323666515	4.220474676212964	4.925315495006958
6.314567665127481	5.894985955618998	3.905161457228755	4.858820934915878
2.5278292001678415	5.680174423712809	3.891359805384557	4.79710094694477
3.1625646437470625	5.522904117126202	3.6323890552455422	4.724343765009049
9.759218504508532	5.782141969553103	3.9577930485928636	4.677434887426275
3.776294464454267	5.661849026836083	4.047956333661557	4.639684750717099
3.13056805431932	5.513019361690674	3.694490319068331	4.584111263249534
2.9863533403951306	5.367316244668405	3.2676587262120957	4.508196941065072
3.706796284843005	5.273365359163832	3.0205796940750007	4.424028753714945
2.6644538146000007	5.128487314605379	2.6342701755363556	4.324640000879967
2.5863459821078503	4.98988255619132	2.8025613226845114	4.241652250012889
4.075796972795152	4.940934433992844	2.238130992399001	4.134364321129015
1.197760470556302	4.744001157143541	2.1046761247382313	4.027579325498031
1.7790559108821964	4.590699461491652	2.517329342738656	3.9494920011229775
2.919453472623575	4.505751945681544	2.695723072843161	3.885764338380377
2.362867239095961	4.39864631274804	2.7795521456112064	3.8304737973230507
4.76184513751093	4.416501656134803	2.4864802758564126	3.7643984328619124
1.7930169027730551	4.289601863256442	2.4022714224541026	3.698511252232654
1.1569611150897563	4.140478142178687	2.3434748817979663	3.634007280106558
1.64166340916033	4.023384457688939	2.3500808242880042	3.5738430826178487
1.2779522973469102	3.8967121449322324	2.0850345599023115	3.5051503397894725
1.3723590068859997	3.7820044141066145	2.1125083556975364	3.441868126696199
1.075163220721028	3.660839374197673	1.793688056594073	3.368091528152336
1.3563167355838623	3.5591997377861624	1.9592441946337518	3.3059553901662797
1.1712210380876367	3.4554046535643774	1.9115000822735149	3.2453444823934072
1.2842751494662545	3.3623827457810105	1.903373965603126	3.1878479344525443
1.500739929878232	3.283744126703122	1.9970608996550605	3.137547580801842
1.3340522014397642	3.202528924080303	1.893291085264249	3.0857175164159596
4.039780322133984	3.2369276681090975	2.0390426638249908	3.042715107230335
2.9428671473399315	3.225010001853141	1.9243745627323992	2.9973892395550585
1.2081358239320559	3.1443560087844658	2.04404283074781	2.9592656224057485
1.5620983005925155	3.0819140557754183	2.0372803942379214	2.922880514518613
1.52702221492531	3.021349021367783	2.133591439445439	2.8921368946639845
2.4041422676041733	2.997615776252798	2.409655081939024	2.873584128066617
2.867194851522228	2.99266414968871	2.358899481593337	2.854043675792713
1.6134505879612662	2.9409554349243034	2.3810786785805256	2.8363113202611387
2.386731343376659	2.92043312421509	2.501238325840939	2.823903858951835
2.0956158911496336	2.890263820181393	2.482749286194577	2.8114255862763544
1.785323467090417	2.8503346378508123	2.5967344589115284	2.803666892877178
2.189788411392789	2.826748548049811	2.548492616647437	2.7945552109030145
2.5055402229424337	2.815413382504446	2.6811527287714734	2.790552768455081
1.9752465453538446	2.786111094763862	2.513588133496728	2.780892911178037
3.1979975875521296	2.8003108109491865	2.537312121314083	2.7724950102936616
5.493827912484394	2.892115398067721	2.527751617827899	2.764152476996349
2.494518311639319	2.8787151698711733	2.5859969286943483	2.758147662660642
3.0750327939375106	2.8852572123036313	2.461490916023009	2.74826053474793
2.4335850255681386	2.8703695285348307	2.618229573641573	2.7439743492827082
2.883957134809213	2.870811719257151	2.928566293900348	2.7499917007777763
2.567436729100655	2.8610269807301854	2.793847034427004	2.751405829208621
3.8176774391120087	2.8915523291364846	2.731573600888119	2.7507726701664104
1.3321361643405893	2.8423165516344726	2.359375102894496	2.7384150077838774
1.4606745441310602	2.7991474369837674	2.2208763275099335	2.722244138168774
5.249333961394947	2.874913479290705	2.2518395644160316	2.7076983228151654
2.493937006286113	2.8632528828728114	2.3902337862827565	2.697981634198853
2.4695827134333794	2.851325061458736	2.4846594296695943	2.6915179657586505
2.8725380266889444	2.8519614734142786	2.653974129649171	2.690391963609291
2.7422222808120096	2.848702650951653	2.4196497866752806	2.6823516510736907
1.8623250214408804	2.8196958771049703	2.448710153697835	2.6754804564925934
