-1.0	-1.0	-1.0	-1.0
-0.7616196716681907	-0.8326070012959434	0.5973114560972188	0.12164773147003638
-1.0	-0.9292030475001825	-1.0	-0.5256119325109624
-0.5078436281277496	-0.7239059950427202	1.9955840009125558	0.7027790123911548
-0.7954224169736857	-0.7539938515421746	0.3397659372607844	0.5500548522758995
-0.9221118294684343	-0.8161653254916519	-0.5197361119427513	0.15443695482144215
-0.5672046266427376	-0.7340789978471292	0.4442277137090629	0.24998560854705154
-0.8049578399469643	-0.7551564529637501	0.1251222409046937	0.2128545316978352
-0.13140123422557504	-0.5862718536075591	1.8161021163627393	0.6469411359236736
0.9746715892882529	-0.19841089787629462	1.490581228291521	0.8565677666969538
0.06152719471255752	-0.13873730843904974	0.6922708010345315	0.8188502414345038
-0.7993582024253203	-0.2796611198248826	-0.023174700229844247	0.6392292677694837
-0.6996880636551703	-0.3633350160493628	0.2285296263513259	0.5574134965848168
-0.5019846481912782	-0.3892410831758649	0.5976422852574628	0.5649301454743803
-0.2031711850237511	-0.3565075172392663	0.1017231475117435	0.4834419579362146
-0.5089514856225816	-0.38184383758955476	0.04713920854604736	0.4109280825107817
-0.458290582718071	-0.3938838931671007	-0.002519155118983929	0.3458119360455474
-0.2504113738568584	-0.3724124420897402	-0.0776056008712821	0.28244548381763135
-0.5680210970966126	-0.4002977576782104	0.2320324962661522	0.275258780045905
-0.3135181751374052	-0.3884871053996466	0.35720395602346255	0.28641141250023816
0.07940647769521347	-0.3275663040806024	0.27803637040280615	0.28532100660519477
0.8898995318162852	-0.17563408335481145	0.4889603659983577	0.3107341841515636
0.10300296480209248	-0.14224884759155676	0.7892674150522869	0.36807021001442974
-0.0373767076207534	-0.1301652903605961	0.5953458291029765	0.394257184874824
0.3184876976221558	-0.08038162047635067	1.0994370374614282	0.47250572715478545
0.10546385871959552	-0.06049436002863706	0.8134817009688342	0.5089933941605684
1.1232588549310472	0.06181849627587499	0.5897448123009328	0.5173374316190102
1.352799732126594	0.19077234785476138	0.956868553373333	0.5612412526791324
-0.022510924342675986	0.1701537363387362	0.6157521934176644	0.5665108860876733
0.7276425599333591	0.22236642926868377	0.9059033067730622	0.5982974607232212
0.4759642659082932	0.2453990639332031	0.8587485837074227	0.6219525581971233
0.19211293698423781	0.2407016788019214	0.5532201431871322	0.6158935223664759
0.26193442149394897	0.24252035648827763	0.4619060606932468	0.6027062305616022
0.044041186856478065	0.22599406929926613	0.5325262883591741	0.5968628810543557
0.44016137630972807	0.2433456179520559	0.5282946447537338	0.5913078124538778
0.010974613909101594	0.22501423185289493	0.5528202885274962	0.5882716085880628
0.22492911359961898	0.22500802360973626	0.5363514450297389	0.5842810219073287
0.9769720549931682	0.2813671248158749	0.8357551448724894	0.6031290558002704
0.33495335546777083	0.2852856925586109	0.8746490656612915	0.6229835952023133
1.2560559273245544	0.3545828105069124	0.6092701414929376	0.6220048272758252
0.025075576845422276	0.331607944104257	0.5563433358483807	0.6174266280646734
0.10709752264989736	0.31630929847787037	0.7322596460880861	0.6252514393647857
0.554105492477766	0.3321537523519382	0.524278120698696	0.6185240046613272
-0.37908120208966345	0.28579420100201536	0.4308270468360871	0.6062897130640827
-0.041102416477154624	0.26493952497967466	0.4326422869276114	0.5952117935314034
0.845550997219189	0.30120941804993984	0.5225415290965751	0.5906723276086114
0.1763236590120334	0.29356736278872453	0.5946438940643584	0.5909157009181139
0.25569306146797466	0.2912961459636305	0.6205759814887477	0.592694673567471
1.7762892799487524	0.3786084845889708	0.9093623402570139	0.6113136805404897
0.6837786233980963	0.39620675632171864	0.9304300904414735	0.6297162119173587
0.4927695963647507	0.4016706204935594	1.298153505876693	0.6675364862809223
1.2204613077880366	0.4471401603167424	1.0339535043811345	0.6878847302391313
1.4360363137265795	0.5010582372135453	1.0547962377254327	0.7078902188834313
0.833323163451676	0.5188511832400793	1.2237537956955715	0.7355149149842617
0.5395775846021145	0.5199413341071506	1.2965911472407474	0.7650333608417554
1.2992633356878995	0.5602359167168371	1.0052773678615687	0.7774551175919653
1.1481368999721138	0.5901181084397844	1.139631959666096	0.7958640294273471
0.17405176761821894	0.5693221348699165	0.9867023252758758	0.8054023467366673
0.7306069797486405	0.5772513125814689	1.2055459153083112	0.8250745477299581
1.4569907971014664	0.6198049903295051	1.319836201470522	0.8490066013515596
1.6190083973375806	0.6673701785120427	1.1102707019348919	0.8614435208311322
1.7717807448010916	0.7191224524081523	1.304252595535612	0.8821933143176459
1.7964322070525762	0.7688289875313876	1.1639968654911472	0.895195742284741
1.2734934155563726	0.7917612556843394	1.0582269934167035	0.9026040290253474
0.5638807008678757	0.7815610427105231	0.8437977956677454	0.8999720724732607
0.4365841892097788	0.7663463275725961	0.8187359820394271	0.8963896295890788
0.901298747207449	0.7722122903188617	0.8323820383051195	0.8936076547463725
1.6293368093666585	0.8089360450853811	0.9204933857912725	0.8947597573341484
0.4131677495934405	0.7922182319774276	0.8276451788867916	0.8919249158129778
1.0458328007676858	0.8027828044114016	0.6941337022547127	0.8836859922560161
0.6965833386536802	0.7984195642260692	0.6311358551175699	0.8733099423093686
1.3945360939584686	0.8225799750069915	0.7629468173238099	0.8688367984096463
1.7192620333997048	0.8584388609623632	0.9153170714533909	0.8706960758339402
-0.009366755645923153	0.8241921548991649	0.7393598081098121	0.8655133915097861
0.45541589118822334	0.8098279595626936	0.7848065851269468	0.862369963679245
0.5614501030593309	0.800277088537164	0.7001444932566931	0.8561318308844736
-0.1510668391305744	0.7641584885094537	0.6141302145075334	0.8469437557495008
1.1155414377041137	0.7773323502022513	0.6162767327932586	0.8382958001707843
0.15644119044883076	0.7543416919691024	0.5920056896727368	0.8291761133005104
0.3003983372867445	0.7377378001998944	0.5133749874672109	0.817625084297918
0.6027562505748125	0.7328596483781882	0.5762437937958833	0.8089020117158034
0.14269365168207848	0.7117867676693124	0.635620067399485	0.8027145888781231
-0.052427268170565866	0.6848202176563682	0.5484299031325752	0.7937416999263782
0.23827184344760677	0.6692460677577634	0.4548952155711177	0.7819237826764693
0.7624949689201055	0.6724607384425445	0.4921878069444292	0.771934817094615
0.6986728630890733	0.6733539402184465	0.5914185214008747	0.765781898324694
0.49627983825819255	0.6673860300399768	0.4993340172453935	0.756801987883327
0.12605423960130735	0.6493449372969344	0.5489515215928484	0.7498746738101316
0.3177529669992665	0.63841517145969	0.6265349065055772	0.7458089782042174
0.307892254882558	0.6276392895398799	0.521077004128079	0.7384821450416312
0.6093021982286999	0.6270478495841016	0.5014103078969925	0.7308360664991704
0.377814330881882	0.6190949859801318	0.4774685635941669	0.7227512866964416
0.07356194597228272	0.6018706749337883	0.464697246725537	0.7146035859710129
0.5564829075558659	0.600452454518958	0.5194868336075746	0.7085071732752373
-0.05229411350573243	0.5802679471611973	0.5236038907310063	0.7027894840788393
0.44349665764550705	0.5760814963945646	0.6279570661180611	0.7004987537159073
0.12977591906428643	0.5625592816860929	0.5840081164505044	0.6969691745409607
0.4922744549659852	0.560451216371433	0.5887800428898049	0.6937241798728273
0.2626234199322499	0.5516064461671419	0.5055193356118224	0.6881350201844818
0.5541615017330634	0.5516816540628864	0.3848695780382998	0.6792169751720547
