11.905149941745929	10.267565080457407	5.495092578180662	4.67090492234494
0.4169716932360825	3.35038214718194	5.012234938274441	4.9105902328841795
-0.5355894540092928	1.1079377200346778	0.8565614375566779	2.571166392885588
1.7930875794629881	1.4417603206172411	1.6309017389829719	2.1130457230851807
4.45415091317573	2.709111294919946	1.521419850614265	1.8641415354247783
-0.5499577691366918	1.503879517645239	0.626930215906417	1.4066098975929848
-0.6525233979958487	0.7928789703394326	0.2231071554253461	1.0163901226907703
1.4062636360334109	0.9752823468715328	0.5880986010648077	0.8890275733248798
-0.006121336839022495	0.7095625508353138	1.2895409659948145	0.9974683167127743
-0.24026362412752134	0.47355131430168695	0.5276928748664862	0.8807393644969734
-0.1071326489171095	0.34024447603526964	0.6792733029642286	0.8344890896985591
0.5182716762615833	0.3782211502789341	0.5197208504918216	0.7673425209231546
1.0107306262118425	0.5042239338207535	0.7235470007806903	0.7586180344719533
-0.3638748900011276	0.3420234687423085	0.8587112375610371	0.7773202544968041
-0.30633523947232244	0.22796326411303314	0.46734764344615454	0.7227893844112083
-0.05195670828040644	0.1814402240270705	0.8299378298303781	0.7405972366636868
-0.05819934876820654	0.14369813346348703	0.2264655241118918	0.6596238896927125
0.2554788122899436	0.16042665141741952	0.7247348729023826	0.6693680487640807
-0.027281683439828175	0.13366758081119245	0.6533108371506109	0.6670789912456274
0.7328595894314789	0.21521750017717545	0.7332335143045123	0.6760824534255794
0.14606072523354485	0.20621321330552744	0.9905481417664801	0.7170267041184775
0.2714745127004854	0.21435748023181778	1.059999689740045	0.7598276359385954
1.6942987634007314	0.39167840429834855	1.1106826497462872	0.8018661356870209
0.7767297192488916	0.43604410473906974	1.223068521809482	0.8503972250097642
4.195196865761252	0.8531687713406952	1.1111897277285374	0.8793356476815437
0.5928091441608452	0.8253085938261522	1.0204641844066624	0.8944380935682565
1.8401815880940258	0.9301718382949418	1.3022244651269728	0.9365734348899171
0.3463266197508237	0.8718524321105292	0.9830421551478095	0.9412151662023649
0.4457022998331954	0.8306557132336314	0.6658392453215758	0.9145941561984443
0.29961012700786527	0.780919890481049	0.6821263691956494	0.8928220949829972
-0.2682341812644975	0.6856326185200734	0.6389051674063209	0.8697608450986922
0.0324663809736756	0.6280521496668845	0.3871301005321841	0.827214097452236
0.2122471418049381	0.5924423125926401	0.886600035594153	0.8323000796779503
-0.06153437588696098	0.5379887799909451	0.5919474413823784	0.8122870937844617
0.47326148162797144	0.5327450260759847	0.6800809257821159	0.8015763904130535
3.8762012840328888	0.796506207080224	1.1939435738444257	0.8325300756736858
0.8362735446474534	0.7995632375021333	1.7222784728868157	0.90092366038213
2.9661149617351557	0.9619438251902974	1.8881154182004418	0.9749126922242908
1.1681994456407412	0.9770260382540108	1.5569247107622322	1.0174712462562039
1.1296090199946995	0.9879180209191003	1.4790294998468623	1.0504189591555377
1.1472451356597353	0.9990270996122608	1.2006610774655653	1.06089458607484
0.530505285918202	0.9671011408245296	1.1748055059573033	1.068656694928591
2.098919380024705	1.0425130789574562	1.33143512379141	1.086165359691234
0.7434807055849515	1.023021489057974	1.2201093707769837	1.09489594521167
0.5152485309250074	0.9906274650489733	1.186622952659719	1.1007477183573577
-0.01392941069284126	0.9278746963578888	0.7635964646026228	1.0796866504461478
0.8403607596464551	0.9225196993985543	0.8499685199637859	1.0656295619659812
0.11931806330172234	0.8743506867824624	0.8690844027871745	1.053842665742212
0.5034523105819504	0.8525433440339918	1.2358874996466689	1.0645464359789454
0.6438300182297005	0.8405076168926393	1.1813329910606627	1.071281148734272
0.3967210060060251	0.8153985963392589	1.1408573184371158	1.0752178021597576
0.6268802215693412	0.8049300799644699	1.1324714938680351	1.0783976231975112
6.665662721804943	1.1244768234998537	1.2438535451343284	1.0874192263191498
1.8665308571638572	1.1642144226186115	1.2320340030968455	1.0951637868305553
1.5353522302440425	1.183740327930448	0.9879349811243141	1.0895222837952847
0.41219038001446107	1.1438475736197287	0.968681826700625	1.0832741906919656
0.11803633370688216	1.091706849897819	0.8427909961912758	1.0710507241518012
0.4279327031468696	1.0585301160049014	0.7175553488297233	1.0533823908452815
0.36925498456529193	1.0246431961530673	0.6451473801328582	1.0333122955071925
0.49057112683359794	0.9988098916028469	0.6352463037234037	1.0140576984126466
0.30018846074394157	0.9655533526729989	0.7651065043716723	1.002206947251843
0.31254968998014454	0.9349537818092164	0.7051575090025579	0.9882873327611965
0.3068941688885414	0.905975636743626	0.7222987820048368	0.9760148782694196
0.5579279371131811	0.8901602374645345	0.615825320788645	0.9596477491918205
0.48171613675938474	0.8718772803511425	0.8065535528027108	0.9527949218562242
0.4624649932095455	0.8538202305182652	0.9105538471280268	0.950931782798828
0.8486033986865587	0.8535932866555214	0.8206901499275265	0.9452705541603341
0.5668257354057671	0.8413066581702353	0.8889492699292418	0.9428573822983248
0.24652796963339618	0.8161824091314984	0.8524552002562724	0.9390390419325598
0.07651804451563993	0.7853716586186734	0.8990994578944702	0.9373757493379005
1.2768756591882813	0.8055655257720218	1.23814638824634	0.9497333366295679
3.0619547886693486	0.8970175697647715	1.2396209337811617	0.9614828308115251
1.2844347056650123	0.9125105175229662	1.1890496899255805	0.9705833921047904
1.167966679922865	0.9225920256289062	1.1528082581303183	0.9777749138028256
0.3082121591640248	0.8986611303594334	1.0046205342135357	0.9788207423552349
0.9784811397889122	0.9017299752602927	0.8607833280281887	0.9742815461767542
0.9635984118879444	0.9040785627765431	0.9204049587732881	0.9722357997160285
0.618005062250901	0.8933533454900819	0.848125244444897	0.9675827882640338
0.5312931103178651	0.8799468138919972	0.8080014557423492	0.9616737727382054
1.0014063826552233	0.8843895438397154	0.7562611963081354	0.9541604356107771
0.28852886660752586	0.8628568994048522	0.7215320003211367	0.9457536912414299
1.3891857741012816	0.881649659278303	1.0205818381443623	0.9484250119853024
0.5664159785171683	0.8705257185892883	0.965876646167197	0.9490403031336265
1.6777212854064074	0.898677260011767	0.9808900907771523	0.9501506996101134
0.31145585608813287	0.8784321746609678	0.9610746490998463	0.9505269569810488
2.8659473549561123	0.946174755053333	0.9908637643102332	0.9519018430639394
1.2652208892356058	0.9569269211448568	0.9746959260940256	0.9526699800431742
0.48564284246462375	0.9412204602737178	1.0782881143097036	0.9568563346892311
0.9048930966847253	0.9400228739070364	1.1164272474906638	0.9621156645404845
0.7477248064616784	0.9337533008926358	1.0361853608591494	0.9645303193804282
3.2033206329614528	1.006951117137604	1.0010928331177134	0.965709368727869
0.9399827084121175	1.0048139802755274	0.9105285279240687	0.9639483652426226
1.1878268871802589	1.010592162785723	1.0112194230837193	0.9654407504137454
2.0622147415324332	1.0434491595146338	0.935370804236753	0.9645010192677814
0.59399537873841	1.0295507795945333	0.8731781159506176	0.9616768678153154
0.6558923403356329	1.018114155993163	0.776866632692027	0.9560203023103016
0.26110570659479926	0.9951782377774754	0.5880285313102305	0.9448707019133702
0.3214276685562931	0.9749691429727039	0.5290483704932241	0.9323981512969495
0.39491733681401353	0.9577427420164741	0.5504109667802224	0.9210538789335374
0.40381588081213127	0.9414535046468089	0.5014750361768061	0.9087154096697876
