-1.0	-1.0	-1.0	-1.0
-1.0	-1.0	-1.0	-1.0
-1.0	-1.0	-1.0	-1.0
-1.0	-1.0	-1.0	-1.0
-1.0	-1.0	-1.0	-1.0
-1.0	-1.0	-1.0	-1.0
-1.0	-1.0	-1.0	-1.0
-1.0	-1.0	-1.0	-1.0
-1.0	-1.0	-1.0	-1.0
-0.9889063289077106	-0.9972434617505089	-0.901992506269038	-0.9756472494128725
-0.8545874398761426	-0.9644941199798269	-0.8365445231052927	-0.9437136345920636
-0.8749360391226737	-0.9453895639479319	-0.44647432443685275	-0.8376424043762908
-0.6579115524264059	-0.8881207940682629	0.00863465290843446	-0.6690547414407089
-0.7991746531690626	-0.8715015862595632	-0.1255462645594999	-0.5675025005645176
-0.7314808173430319	-0.8468689497802752	-0.369697276969721	-0.5327043616235548
-0.555829485447765	-0.7984980838144062	-0.20530772546535125	-0.47829098010457816
-0.6437068577760721	-0.7741191908497488	-0.010846714881469599	-0.4046706913722572
-0.599943768775753	-0.7480529885630083	0.04325757698127508	-0.3376360397190641
-0.27639285535756963	-0.6808146630408637	0.19518664213225456	-0.26167856484125174
-0.45585303265539534	-0.6501974422312493	0.0557555735768791	-0.21847590172432385
-0.30506665672301003	-0.6052605669302427	0.24083199304556646	-0.15867284374621493
-0.40463269397695	-0.5802234021139747	0.1971863600327841	-0.11426370657252338
-0.12326394554391129	-0.5254723048243384	0.5874881893931336	-0.030182486696113897
-0.5636110650245925	-0.5298666199688046	0.3884840571071595	0.018056016977845202
0.19564784155697112	-0.44936179314627744	0.1818942233754146	0.03623600272022642
-0.3173155760825589	-0.435231718535383	0.1560786276960593	0.04906022958844236
0.05119439591994923	-0.38497107517109874	0.44573620421950566	0.0900474299715679
-0.2587503999561541	-0.3723630827716107	0.42607524942077823	0.12361274350208973
1.375660547772954	-0.2033774959540573	0.43058997450482783	0.15328904840757973
0.08184034284194297	-0.1766648765810539	0.7107688765099844	0.20550083854593737
-0.1893905796574783	-0.1778207180963849	0.5275414137686047	0.2347494490527957
-0.40941037838309835	-0.19823672295996486	0.3940190728866395	0.24879000987668665
0.1028945992508632	-0.1724473252046087	0.3988909635857565	0.2616450968800137
0.8416773758789458	-0.088005908851843	0.6737692213015651	0.29596075675865907
-0.10800614551671261	-0.08962633893983007	0.5378766986624552	0.3155601752224775
-0.01482492706892613	-0.08372520324321842	0.7148612732274315	0.3470607244749444
0.3609313832858987	-0.049545183882757526	0.53995521977467	0.36188827263203716
0.8459509247648969	0.017571400461487308	0.6801715778670294	0.38574350995149764
0.4902340412149495	0.0521338671700009	1.088945829356113	0.4371636968406927
0.2321898027867162	0.06498679778695626	0.8484614693372277	0.46652342379990963
-0.127989085564851	0.05153170998208534	0.6661604687620899	0.48044342676056506
0.3188337155881136	0.06974622882519288	0.7205924275168882	0.49680770541214403
0.08290179661196273	0.070622735338431	0.8942163885813281	0.5232865952847534
0.2862960424262677	0.08468079516541915	1.121761652689282	0.5622964312105581
1.9259298936637594	0.20214549394778736	0.9667783362718436	0.588100847175713
-0.01108747459561299	0.1888253613443418	1.0033108289379364	0.6140385660004188
0.4068377493277904	0.2021665930782146	0.9054726267421895	0.6318728266123257
0.6662444161430152	0.2299983612002967	0.993458628100762	0.6535580773346505
0.5092788500711039	0.24641918863251022	1.2054544681558377	0.686007797407425
0.22747525852184536	0.24532703109836818	0.9151592469959062	0.699222576918763
1.0681130185640164	0.29187987946543936	1.0048534256839332	0.7165152054421491
1.2254376485678637	0.343722460520266	1.1138959512645688	0.7385827365775794
0.592671806126035	0.3572961838908575	1.1491347911746628	0.7609676214375072
1.3787149490796349	0.41199339806197344	1.1949794584271585	0.7842091381449636
1.1607866422416375	0.45138845931448146	1.0533221322252366	0.7983676512498568
0.5246474798274099	0.45517626086852303	0.9134469963217524	0.804317749510757
1.049244532600207	0.48537169865047747	1.2012637796439227	0.824493682562383
0.9059777802918854	0.5063944900050548	0.9937416232895391	0.8329530685260118
0.27486825797911574	0.495011844628372	0.9578961132766663	0.8390955333477197
1.1274600057842945	0.5256038002945276	0.9795248793037306	0.8458882302508965
0.3809731656068551	0.5187188888206831	1.0073191453993005	0.8535728237558102
0.22586307336096478	0.5049957841544723	0.7606145813641512	0.8492169042510964
1.5683152746598195	0.5540570120130319	0.8452747464766492	0.8490353685766341
0.34900176829969176	0.5447391350328701	0.7468658216803405	0.84439264625945
0.16732295824016719	0.5278451695709592	0.7721951536802472	0.8411611336361653
0.11954054893948118	0.5098372546098064	0.6580752553076348	0.8330864936429481
0.49408796077172146	0.509152536632903	0.780484257655711	0.8307999060901228
0.9083641907960314	0.5262568204871618	0.6434762539361036	0.822774074012574
0.2858639546242405	0.5161023159323759	0.7579738846470185	0.820036966691756
0.2756690278809082	0.5060873001176334	0.7062783943136302	0.8152987380516887
1.0705063953818463	0.5292764084196337	0.8622922269085087	0.8172294394016855
1.5734562606614282	0.5715972780249374	0.7783054849718298	0.8156520521486703
0.2701100685735862	0.5595411262266201	0.712204493617125	0.8115155509030987
0.8688861350009538	0.5717496439340841	0.709481817056544	0.8074894526327097
0.32162822709812766	0.5620071874481427	0.6189098060407652	0.8001441693276536
0.10417336010506362	0.544402280743794	0.6324021749906059	0.7936938737599195
0.17617767223475034	0.5304223040929854	0.6103868639244714	0.7867343953916763
0.29467508852841817	0.5215838438776585	0.5784106961628923	0.7789240794665873
0.40946396102196814	0.5174319446248212	0.5989472554636257	0.7722594988521512
0.7830558333135742	0.5271475271816266	0.5059840974462004	0.7625197414852918
0.28783767872573174	0.5184993162284401	0.5540630952427281	0.7549863861320767
0.013394475504354242	0.5004635848808672	0.4577354479756759	0.744372324792119
-0.043509826699001275	0.48126849065867927	0.36244369180254554	0.7308951921126094
0.20491837755604125	0.4716301175539255	0.49119578402460484	0.7225350006806239
-0.03621354946552213	0.4541216857192991	0.3868807822665836	0.7109628345136116
0.1791011499427697	0.4447478326447447	0.4896289966612355	0.7034188263771888
-0.08805805212599949	0.42679160336313293	0.4274849216718499	0.6941194484090862
0.17428502432496717	0.4183761887790529	0.4742446444756647	0.6867915012903614
0.5135899284757048	0.4215142714063109	0.46853352455197617	0.6795973507765021
0.27667521033419606	0.4167921640971477	0.5618954681405437	0.6757599855068133
0.4229625452861727	0.41699127018271076	0.5577000712418543	0.6719524210950394
0.09399965811022182	0.40668472617147766	0.5735905534996653	0.6688135046532162
-0.05855434580751906	0.39199555671968955	0.5760415835145885	0.6658842733002093
0.2917934913056939	0.3888647955349205	0.6071489018417957	0.6640491132933881
0.7210695543199674	0.3991370750756702	0.6532543250564158	0.6637150383790877
0.21680818962799053	0.3935565174864013	0.6784867964484067	0.6641671156962441
0.1018192632513304	0.38471751656360653	0.5929593930262393	0.6620096890146285
0.3348417248737914	0.3832215761583697	0.6534444179827779	0.6617528745415813
0.4521446306531247	0.3852683775592971	0.7834094965772216	0.6653657413357938
0.30105842106221004	0.3827919747861792	0.7330837542960791	0.6673570601441385
