-1.0	-1.0	-1.0	-1.0
-1.0	-1.0	-1.0	-1.0
-1.0	-1.0	-1.0	-1.0
-1.0	-1.0	-1.0	-1.0
-0.9679319953552467	-0.9865085911879148	-0.7039339480860742	-0.8754413258324033
-0.8359235277049734	-0.9308209703251041	-0.1509570319928606	-0.6075209608509187
-0.26481772052547414	-0.7112290011183894	0.595751331425822	-0.21078274427951504
-0.9073384669321718	-0.7695466130154541	-0.7513667392768588	-0.3715376952458125
-0.9706071288142175	-0.8239847046162309	-0.8008603509703913	-0.48777884238169356
-0.9844094607965317	-0.8638467896791123	-0.8369252839543995	-0.5745341796069773
-0.9248879729922996	-0.8778599416428655	-0.38805922594270237	-0.531725437131883
-0.8868126880964473	-0.8797697601430294	-0.42436722503896296	-0.5088238409039066
-0.805890474268027	-0.865052222426995	-0.45703047838939403	-0.4985060830540531
-0.6891674481399406	-0.8321888799468697	-0.1441156072332056	-0.43228966938169655
-0.6804276087668255	-0.8054908711925317	-0.13851725863155562	-0.38060894272397716
-0.6055103132535079	-0.772253977659572	0.3222874883398352	-0.2637871155009017
-0.1404842968184873	-0.6727530120926303	0.498899826127686	-0.14366720628246055
0.9982162311667908	-0.4226841694048006	0.18355214761390815	-0.09469721620596294
-0.13753166707877407	-0.38203374028484605	0.08903446383124725	-0.06850499028610935
-0.2551298671441693	-0.3647621939375836	0.5210206985877046	0.011729345738009211
-0.12866789243380938	-0.33402207988705324	0.5387269296953288	0.08034579439031231
2.3929339285777598	0.006284646969142882	0.9564289609753522	0.1896754723455072
1.4832996602108541	0.18325460358542855	1.3968474200974668	0.3343139787363807
1.496704204917512	0.3345897600283536	1.1302735995572424	0.4260242303838373
0.451914177206755	0.34760860734283816	0.551084173374915	0.439901447226978
0.19676618916473498	0.3314673791974647	0.5132312768527245	0.4477485157147465
0.020279507094427496	0.2993138412192804	0.54813273038073	0.45812118259376255
-0.33032529010186606	0.23642010283355908	0.48580196128057707	0.460886132000198
1.258289132868827	0.3352065234197228	0.41786726518401784	0.4567274271322215
0.5614216098170695	0.3563930698082902	0.8492904783974564	0.49349354662552347
-0.2515560353912534	0.30117729091027523	0.2526822942154432	0.4716223688011536
-0.06029896353066733	0.26931113075346835	0.41558068476975185	0.46668213979494344
0.27003886047073644	0.2693737940921799	0.20393832400684597	0.44418084679840186
-0.35715286632949406	0.21720589061939655	0.2108629594120648	0.4247536063347821
1.0917934406924146	0.2880635616833913	0.10788845841269712	0.39908211581778863
-0.2753183907315998	0.24361930012382982	0.1224117672891123	0.37725615113265887
-0.08032276341927425	0.21871866946965524	0.13382996461370578	0.35854467116958055
0.2838031704713677	0.22359679932443122	0.03924949379542508	0.33461404169738973
-0.17648096747022346	0.19434207648929558	0.2702264682045379	0.3299058744745369
0.7791838191221088	0.23609025686069152	0.24124410717477685	0.3235770100674944
-0.4783544481016806	0.1862756062615707	0.07754746748174668	0.30642264075438175
-0.13614799635059982	0.16430519159302603	0.2070022575393522	0.29964814172638166
-0.38828488373698067	0.12748666051357005	-0.0382769257898079	0.2771325347550071
-0.014428761657387601	0.11823651897298326	0.07822603954712237	0.26416762521626813
-0.22549243727077994	0.09630797952398917	0.10534578731253341	0.2540354815114716
0.5078943289716904	0.12201928408871954	0.04165911636915132	0.24076888195835444
-0.06248007159950608	0.11072898392248232	0.034212362279950614	0.22812880982900285
0.30659414815903085	0.12247558072041853	0.12606648998688597	0.2220082379949142
-0.08727018472472303	0.11014336014560588	0.11413478950478817	0.21566575377525599
-0.40697757030560944	0.0803229207809748	0.03159439691781185	0.20505118068687822
-0.07280051505341834	0.07165937619707319	0.23651828141355868	0.20683163393905657
-0.04807495442980192	0.06501046582026393	0.15064223288868828	0.20371154735956054
-0.030561833953185902	0.0597996636354341	0.09544940083191178	0.1978088678555554
-0.22392160684516837	0.044606499224037366	0.058658639724942896	0.1903575411883489
-0.29447721272002714	0.02676689139537114	0.18759535062359212	0.19021219095780362
-0.110682045095296	0.01966013037184844	0.07537434263727172	0.18427452414267997
-0.008422337997537666	0.018232674376542635	0.22634271664161698	0.18641272599360148
-0.22885930702058788	0.005882516179545716	0.011013166092145976	0.17764591027436794
0.7909513487179614	0.04447887688007501	0.02059003721437569	0.16992448902493118
-0.288569061680638	0.02836919120712711	0.07083122516640361	0.16513136145737706
-0.08490036156798908	0.02297714787017857	-0.03278705977031793	0.15570975622541305
-0.2860114663176576	0.008498034829568457	0.010327313409072003	0.1488972075082886
-0.2678154130048007	-0.004250859172348909	-0.10615230613156346	0.13712941370933684
-0.3914710984721872	-0.021846369365217555	-0.10982309823872016	0.125907718144602
-0.25660538868526106	-0.0323546764321867	-0.10949270113188714	0.11537072222648703
-0.49431440105044944	-0.05272919507507634	-0.2440588020603145	0.09951827017689863
-0.600087796289178	-0.07652049261366856	-0.25442117683814225	0.08413407995762001
-0.5120729496505012	-0.0951817597053628	-0.18192874801246506	0.07273458312713466
-0.34431498526795534	-0.10570550416784474	-0.18664574166605663	0.061778005000735936
-0.22124582601217202	-0.1105182975536173	0.031571390654691944	0.06051984310237746
0.9427226723764339	-0.06724594469286216	-0.0023627446030627386	0.05793631003247901
-0.07416642675348395	-0.0675264040012502	-0.02111894259539515	0.054732232031697636
0.2266206842998859	-0.05576324112300701	0.05083691615249064	0.054576704164359446
0.4797372556454569	-0.03463016548960407	0.08776372273399957	0.05588653297226265
0.07383150967868923	-0.03040534532333672	0.14134769194292174	0.05921545436192499
1.6919237034547017	0.03582218232179368	0.17022015600428664	0.06348387003229528
-0.15931714802026054	0.0284135567486834	0.11621714099719105	0.06548589200331612
-0.2299751142434424	0.01872609030785899	0.06018400734113971	0.06528692110759793
-0.2732644976693037	0.00791414664772283	0.027973881815748225	0.06390534991161334
-0.31167389430013104	-0.0037754324352345936	0.00537763149307402	0.06176463888199191
-0.07489603286158164	-0.00634558029166421	0.010711410759278062	0.05991964971754826
0.47914443543114427	0.010989440078319035	0.015488803403723495	0.05833306951419903
0.6636834374778544	0.034020553320875724	0.05723115379952981	0.05829403063470551
-0.188922730038804	0.026244856219115098	0.031101346051465306	0.05734535168215538
-0.12721797896319498	0.020954110469512344	0.030539648657604612	0.05642119275956481
-0.3394771814238998	0.008669118879925941	-0.04493339092331283	0.0529665538127313
-0.30490275008583057	-0.0018987099244396344	-0.032501027396908744	0.05008606607431654
-0.10634263562207003	-0.005379654321173377	0.0032902621392083553	0.048526329429141146
0.6437758476770132	0.01601691575603703	0.020368380506897266	0.04759820294608863
-0.2249850163267404	0.008159550536645632	0.013353198534963306	0.04648160145430347
0.19027237029687516	0.014032889064916398	-0.010825097012112206	0.04463320209295296
-0.04702168887811908	0.01208457294009535	0.1185149546115829	0.04699055021172516
-0.21038265944637125	0.0050605674921515575	0.07409956183061261	0.047846471224628484
0.07960421552157615	0.007389549251325844	0.18469567362070216	0.052122144826274974
0.5322237840454764	0.023618557020921083	0.22424370477601685	0.05744445809414045
0.6066070204711895	0.041461882615499324	0.2251344732716536	0.0625768107205329
-0.32847746492032026	0.030253514797891956	0.14704495206236934	0.06513600976734812
-0.03233976500820124	0.02837601085163355	0.08858094078719825	0.06583921403849624
0.02735548861780379	0.028345567314227882	0.09230326863915561	0.06662499969639901
-0.21531930341860772	0.02118002544153086	-0.0024864787534455424	0.06459251091738882
