-1.0	-1.0	-1.0	-1.0
-1.0	-1.0	-1.0	-1.0
-1.0	-1.0	-1.0	-1.0
3.2731110568676884	1.081968836591296	4.785063294201221	1.8186305799091391
4.389277301253676	2.473394940001225	6.207624599139244	3.6651353467883068
3.162694055975547	2.728303177940169	5.359893998616322	4.291870889215958
3.4437712039158983	2.9642044704844004	5.574280524278362	4.714701920000922
4.0910633467850985	3.299300908371083	4.820089227864	4.74604046989361
0.01820248472873165	2.410927750468389	2.3563000622914543	4.099006455739157
0.10497032029954201	1.837947229683881	2.9699975719516685	3.8184724350733017
-0.29911887163674267	1.3473437225027687	2.565210361090627	3.5307623846716787
0.9575189954828365	1.2641860624148173	1.4793251741029043	3.0931491045979467
0.06345892050809443	1.0249882146886673	2.0504006597149678	2.885422263272332
5.834692251119203	1.9236614143584205	3.0871026978371106	2.9231057539325436
0.9289456649611894	1.748669556713868	2.0161099670074987	2.763545684600186
-0.2559339004008504	1.415503000767182	1.2285838111305782	2.508433668919906
2.432570724664993	1.5756865069119121	2.6875494604780426	2.5366435153323903
1.1260852437559588	1.508401144036744	3.5805588913427826	2.692870016040604
3.318895392907656	1.766499176753479	3.9211565078681456	2.867970457102802
8.687457368632295	2.708441304993544	4.0949595674996635	3.0349632762647945
2.350516249138653	2.661838747736757	4.3618229771715304	3.2077234087920568
3.3331124259306373	2.745610044285821	4.362376726922565	3.3518175117199505
6.346710429747508	3.1770788939966774	4.038109115761243	3.434046341047777
2.555736331875919	3.1054888827475127	4.562529904534094	3.5640705049819346
1.1325711660015907	2.8865700605599702	3.4088606141690354	3.5468490874332224
2.4768429803220844	2.8427263944434804	3.4187692784853283	3.5331441054282067
3.1168190868069985	2.871048429696681	3.5048084118429186	3.5302175476839643
9.132943018778986	3.496539854505577	4.585583322001616	3.635636502686207
6.878745258613706	3.8235062644747817	4.930567080991799	3.76082110935638
2.312477839352715	3.6819894037581076	4.312497088895566	3.812490362299938
1.844139136297	3.5150698713312956	4.133691685243108	3.8416622455285063
2.925502917770288	3.463096057096422	3.966469899995687	3.8526647990481866
3.716175051223079	3.4847705211563555	4.200560073964339	3.882459470917315
5.8375338977654065	3.6806753292379017	4.286196757430482	3.9160777618212457
2.1675115142558257	3.558082635641539	4.501316267327138	3.9634935663281095
3.5431866600641957	3.5569075405437456	3.5330247654617946	3.929534557101648
5.043599573583618	3.6711874819494428	4.482159682338179	3.9720144486284923
2.49266470602679	3.5828593919167604	4.485682402713865	4.010514085287735
1.185108797926274	3.40752956560996	3.411426401570128	3.966707204081131
8.691300042161386	3.7847031545868566	3.638592412021393	3.943285196507002
2.720221081397427	3.71048247413787	4.407147465185115	3.975628520384382
10.37512913868542	4.164622823943174	3.894248415473303	3.970082583269156
3.38135159023866	4.112433996008885	3.885847586805852	3.964469831868489
1.6131895293888259	3.9495288481396997	3.370585612816442	3.9257597641858277
1.5325143656923914	3.795332871034379	2.8220569522326233	3.8553482490048436
4.2598968895065585	3.824354289307127	3.0183985310680326	3.8030662241069795
1.455946235034947	3.679421148033712	2.993111863744652	3.7535016793775746
2.31797287735126	3.5977732939050266	2.801493171674876	3.6964085172637757
4.447539519393041	3.647737376321171	3.5928314955318106	3.690319341454879
2.1856146489154185	3.563422461359325	3.439242788970608	3.675841396542885
8.75164122909662	3.856969442237114	3.160410341563736	3.6466795207852183
5.344567311663288	3.939579391051952	3.125900651838064	3.6177598935037727
1.601407046142913	3.812095448254383	3.2678716739738123	3.5986836285940687
2.2447940935390758	3.7281669200064007	2.9934297257783866	3.566272946212936
1.15901392471639	3.5930005066929676	2.0839828013402903	3.488287546015674
0.9632252249971289	3.4570289081081818	2.388076188081252	3.43140140907847
2.2963029294557185	3.3980299644310987	2.3988741206483564	3.3789186261470174
1.6417784588707658	3.310248971841741	2.3231159837668884	3.32614756945775
0.9531551667070151	3.194366708113237	2.102759446915104	3.26600180611576
0.9672039802209578	3.0866377201259354	2.37444681467915	3.2228771768762057
2.0515640226400715	3.037364811753905	2.448542215748377	3.1860162654852315
2.8008466558107505	3.0262809584572867	2.4298155576217257	3.1505802585147027
1.2202330722496377	2.942951505072293	2.197100298676894	3.106587715101665
1.3418672144777433	2.870197313049851	2.1798811586865448	3.064477511205646
1.2981496765458824	2.799828749751799	2.1897217156547697	3.025321653189714
1.3655388131713835	2.7365702145303694	2.220448538683347	2.989823378650068
1.0728634920733722	2.6642559242832746	2.062803221308045	2.949529596921843
2.5649892264427336	2.660003182290881	1.876937379862146	2.903574653144927
1.6275851878851415	2.6163921331313658	2.035807097759018	2.8669187592236645
1.3501870420493844	2.563648254235747	2.1268459153550423	2.8360912172977484
1.5878520196294725	2.5235579514586735	2.0664166726357966	2.8044694609782868
2.329748784837735	2.515702861545366	2.322728012035119	2.784944483566313
1.8631095943760427	2.4896063125106065	2.3297593292775316	2.766742324597865
1.8156116136003648	2.463008069269978	2.1984286613569948	2.744314675500133
1.3509966866343381	2.4196941235151757	2.072817243928675	2.7181595537179093
2.3305880973598447	2.416267399377723	2.442867040691052	2.7075735244036707
1.5325588756804787	2.382716890210801	2.500686963064254	2.699719070123609
2.2194428484208064	2.3765952826132315	2.4230425480318774	2.6893458415667273
2.03070253091815	2.3637870286505653	2.163935521685467	2.66989029111086
1.4647091736364573	2.330901377027527	2.3201816283559014	2.6570990318304637
1.9686165312868682	2.3178093089241742	2.3256071196356864	2.645119677958676
1.615015417756915	2.2927146495443615	2.2206931509693897	2.629964487318789
4.140126063851822	2.357902116786237	2.3352448657612563	2.619563909863532
2.9003888244744833	2.376821760261694	2.266218082906418	2.607240174240803
1.5893205361384362	2.349671726600471	2.1140991993600284	2.590238324432018
1.1473647868488386	2.3086922739741644	1.8598229358524367	2.5653428263305447
1.9709075568255128	2.2973081864488294	1.988810887840422	2.545912679435394
3.172717900492274	2.32648206608787	2.3849049828001925	2.5405462168010953
2.407892653928052	2.32916541736673	2.320212686417057	2.5332838776815336
2.4525309296757527	2.3331873283680804	2.1978048338685676	2.522346314725379
1.6710196836642788	2.3118309740923233	2.2169870765794704	2.512497737217172
4.952609613213567	2.3960950012518913	2.299690082809077	2.505706906121336
1.677594341659697	2.373409292312652	2.175445886896805	2.4952791119453215
1.7881460851645237	2.3551231123918503	2.163392823248515	2.4849095497701357
1.5549341615771088	2.33037916018354	2.2233315262014806	2.476820682945373
1.6412622894065416	2.309287405265536	1.9829002232172104	2.461703291316215
1.7167451048543376	2.2913345866968298	1.8528011750501832	2.443254802409689
1.2191872987755037	2.259175309336782	1.6508177724346074	2.419485362410466
1.4646894673550328	2.2355807073392207	1.8875755844748383	2.403688763057954
2.1715516543978906	2.2336976522807146	1.9122820275809498	2.3892378508019356
