-1.0	-1.0	-1.0	-1.0
-1.0	-1.0	-1.0	-1.0
-1.0	-1.0	-1.0	-1.0
-1.0	-1.0	-1.0	-1.0
-0.9565047008881779	-0.9817009834465238	-0.603016047938843	-0.8329838842686099
-0.9729758865926902	-0.9784743689588826	-0.7153875231608091	-0.7894957535065982
-0.9720613256923407	-0.9763598844152617	-0.786031612107192	-0.7883535588356273
-0.9928567605017637	-0.9812656055562543	-0.9166542277804633	-0.8265066795237503
-0.9467253613616885	-0.9719136770801314	-0.666226054695201	-0.7831099818808355
-0.7842771799240976	-0.9252900687361962	-0.4533476558537872	-0.7011711870282367
-0.7104633515897638	-0.8759726174680382	-0.5441506828476123	-0.6651242514851439
-0.9141409863452781	-0.8841147056310377	-0.4597090192935154	-0.6213050395833104
-0.7875627088759808	-0.864880489241477	-0.17267363726073737	-0.5319327570234125
-0.485894237784418	-0.794068548421022	0.20500563250275317	-0.3942390148973868
-0.5379927927578121	-0.7490193636156407	0.02957209300178465	-0.3196816195756781
-0.5376097362968676	-0.7138830039386623	0.10812970536802458	-0.24857923992417286
-0.1902631245673666	-0.6314151678444753	0.6748496491848348	-0.10314321747659738
-0.422435906810682	-0.6001404168686564	0.0756209904643621	-0.07639033096880865
-0.43412172505650914	-0.5764732802762109	0.19041735182030384	-0.038354979296604585
-0.39512566269219895	-0.5517919237555673	0.4937040106359343	0.03405812405748154
0.16501973635221323	-0.4584614129635485	0.6192384969341596	0.11024998106063122
-0.020541446461249113	-0.4038117099937123	0.5859054819099379	0.1696089173040196
-0.30992289316731647	-0.3925622448159386	0.38829297192969947	0.1958109236489376
-0.2360659214167944	-0.37453066784348277	0.4181437452635204	0.22142828783599566
-0.01753923533658308	-0.33491793906553613	0.578413272870111	0.2610404042411816
0.020311668240171166	-0.29690534148459746	0.29823887832063267	0.2650211119411161
-0.09238578282407583	-0.27577289983223574	0.37324328652119765	0.27620366979716726
0.010050699202764024	-0.24722245090873096	0.43472253767198255	0.2920378183078478
-0.052958266731647274	-0.22844242651004365	0.24200173833950878	0.28720080753606525
-0.2668676046530942	-0.23204116652186624	0.29175211520097144	0.2876271151790626
1.445417596781629	-0.0796894323556353	0.4666749283699052	0.30388865801056086
0.11488016945016644	-0.06253674289595168	0.5436340266037258	0.3250239455807389
-0.12694934832861593	-0.06805295608557305	0.41521909548516067	0.3327485656294338
-0.26980103026957036	-0.08485149074671727	0.3952811795796114	0.3379555105452281
-0.18373968528138362	-0.09286315177828519	0.332184595705181	0.3374880426577149
0.028833904208655392	-0.08326266740337507	0.41887336016053145	0.3439083897831139
0.1737756862595985	-0.06350431058623451	0.6019083354598218	0.36374077060459764
1.3035378619677074	0.03895409968567076	1.033190701176911	0.41391553800826775
0.7522456264081274	0.09111175143269046	1.3264181865671656	0.4806399980985736
0.8407161857464225	0.14462106251833906	1.3749996469879529	0.5444824254119605
2.358630000977043	0.29899326361053147	1.2198665649762637	0.5915738498985235
1.128433119807775	0.35551297838131024	1.3306688700559786	0.6419373079493775
1.0013352917179743	0.39854358604312257	0.7779028537026698	0.6509966455060381
0.6485115261829864	0.41483690026706066	0.8117726786307977	0.6614762598035437
0.516124736810357	0.4212986675472459	1.1239818596586861	0.690982340945032
1.6882269048549832	0.5004417839750104	1.248723326593848	0.7258237421916585
0.5808480538726917	0.5053623286317133	1.213958155656686	0.75569500026833
1.1868027246906414	0.5462295221150768	1.2956695524624724	0.7880783016565638
0.6343324520066158	0.5514098187358774	1.4232757132975031	0.8254258425878749
1.377386126212222	0.5990411140581002	1.415913934672	0.8594773664822768
1.0301391099627653	0.623432769925675	1.4938267579623634	0.8953689297765124
1.4924560659343111	0.6716918841138924	1.5926091879247988	0.9340885857201633
1.8114657261935099	0.733836281193815	1.6696703926680678	0.9741951633777048
1.021783840593895	0.7492561502390958	1.5766882785272567	1.0064590406132616
2.4734857752990322	0.839969417415386	1.6886560194090752	1.0423498568949388
1.175241530809473	0.8573044671690206	1.9349519817050136	1.0885014181067323
3.1679733069127147	0.9747521960423133	1.8283013693252297	1.1261040476907374
2.35789624908945	1.043884136422668	1.681261893207115	1.1538516034547932
2.2701327257147264	1.1041699448566642	1.605560080581967	1.1760586641620012
1.6194541991851752	1.1290940241508398	1.6290838244506536	1.1979712304328767
1.1953810089313333	1.132249805722521	1.4196990635732125	1.2085265292149785
0.9362626009834376	1.1230660888450577	1.4418778706534616	1.2194615820107386
1.471889884505666	1.1391608223028276	1.5228934623493329	1.2334619733193781
3.036243751788108	1.2253655554097307	1.5832316332777578	1.2493559174704316
2.164976633624747	1.2674251864042732	1.709142574443717	1.2699373411803796
1.4409675819407082	1.2750793237787774	1.409723124423901	1.2761026553187227
1.3684712492863436	1.2791386235263813	1.2407524416936058	1.2745660931409448
1.2502284651533886	1.2779000898689987	1.3032724351297098	1.2757961415750918
1.3120047515933835	1.2793406977682977	1.3675539518680075	1.2796721217255986
2.273485293569721	1.3207520025394905	1.2789993859276159	1.279644001880769
1.2312878424606026	1.3170769899204635	1.286591708800017	1.2799300821681787
2.0467224762748795	1.3466500671073711	1.3044162573083153	1.280922933974566
1.0964016024633305	1.3366430133936262	1.3908796573730413	1.285320451929671
1.1559357859140102	1.3295119313971386	1.21502407562877	1.2825466094476008
1.723333396854525	1.344852392694107	1.172639399165154	1.2782659928219315
1.1418124699257435	1.3370447567742403	1.0728790294576886	1.2703681172551335
1.8781562679445964	1.3575880462040617	0.9382645995100003	1.2577593164533925
1.1503190581885283	1.3498169007008318	1.0205772438824834	1.2488667129044826
0.9622603087059873	1.335466420360874	0.9949104719691382	1.2394632679187216
1.4645687107893317	1.3401887155393961	1.0435543463725452	1.2322975569157637
1.2821742530907212	1.3380919670596985	1.072860384448922	1.2265357622359216
1.319110462448383	1.337413804904945	1.239506001028754	1.2269985005039565
1.7186680310433866	1.3508664815893061	1.1645314638620743	1.2247938583095133
1.267044529659056	1.347942641674166	1.0696120829652034	1.2193812802680486
1.1422608597077861	1.3408511505073508	1.0644667051248602	1.2140400396258806
0.7865662576755452	1.3219588742005604	1.0791765688218522	1.2094433242968061
1.8666695201788435	1.3403159436716812	0.9585493332451129	1.2009876959335442
0.4991917625515365	1.312283936030442	0.8034615842673618	1.18773938865521
0.658559117624093	1.290736569544399	1.0236049447433238	1.1823292182785146
0.9810932289777434	1.280641345420304	1.0602758474596974	1.178349894244565
1.0666642709257115	1.273739786822337	0.9202478677995145	1.1700252418295634
1.6457480454387703	1.2856098547206476	0.8464748791164423	1.1597008227028396
0.9053522401059004	1.2736036571322318	0.8417479738938538	1.1496617952563217
0.3302224188027396	1.2441280335378297	0.794864064555858	1.1385760407431862
0.6185645893371758	1.224783939132763	0.7627725822417879	1.1269551061462222
0.6905424753517926	1.2084324971807212	0.7731367341598232	1.1161258641163867
1.164338837304082	1.2070965218349068	0.7445844246765243	1.1048689324409744
0.6525177249203475	1.1904620722328185	0.8295236617510067	1.0966100873928295
0.8298426482670098	1.179752420796179	0.8423718512860656	1.0890597479362176
0.6229389788679303	1.1633782213201802	0.7502655604214299	1.0790968261013707
