-1.0	-1.0	-1.0	-1.0
-1.0	-1.0	-1.0	-1.0
-1.0	-1.0	-1.0	-1.0
-1.0	-1.0	-1.0	-1.0
-0.8938725346269475	-0.9553508364188794	-0.21923726946124533	-0.6715232691996539
0.11930141330869204	-0.5579353597281638	0.3061018702186462	-0.3099892745385412
-0.6865295908856944	-0.6003349598736627	0.8235518507854118	0.06375723605369044
2.153717383908998	0.2186448107717498	1.9505464088706952	0.6248366063693189
5.901720166576619	1.7573643739751894	2.0634109869295876	1.0143373994370206
-0.14458985179328476	1.2847698918871169	1.2935911073802138	1.0837260545124479
1.0204496601947008	1.2240900753123758	2.1079896086341368	1.3188646239687176
4.021037019919951	1.8207350450739614	1.5806252782525325	1.37470324824395
0.6016525351474487	1.5778805585981441	1.1695122258575155	1.3338268696946605
1.7635592000603073	1.6125739115991666	1.2570742998164723	1.3194860581328816
0.9781531643028414	1.500965508361198	1.0084352801532455	1.2647653541137318
-0.10469537838369669	1.234103371377246	1.208459367840582	1.2554067408856509
0.4317620836517577	1.1077382788520693	1.661026678470356	1.319290137785393
4.527489899669025	1.6195207674090537	1.6818989391472225	1.373556169511584
0.5139718409526375	1.461917511448687	1.5389428564529628	1.3971333244678465
0.12386298727268263	1.279808107442486	1.1467959677631816	1.3630622996161206
1.1951386105343338	1.2687842893160655	1.7394525229746551	1.4120695458502466
1.1555615413948717	1.2546548324453028	1.2513529826170835	1.3920131695652076
1.0966231604268128	1.2357204914541935	1.264589353124582	1.376746157323646
0.1495894962524813	1.1105772631154815	1.2022836085989623	1.3566448157693136
-0.010068511574640726	0.9862281573418272	1.3130240648453815	1.3518050931710222
1.2769317078365057	1.0173360512848086	1.6378408154316402	1.3824135298494826
2.338922623025109	1.153891091495264	1.732213720659991	1.4185576623079479
2.5395687795064155	1.2923044772553305	1.5829210901716149	1.4349757515670065
1.5974528231422647	1.3218036567332256	1.5655112270716174	1.4475947142312533
1.8821186012350268	1.3742809332020727	1.536280482994366	1.455900839842422
0.39190491973070496	1.2850587713026105	1.3619041244138828	1.4473641770939478
0.6021359496558516	1.2248552783107796	1.1888638379429062	1.4245761230579066
4.423477530893916	1.498788072993848	1.2859608845300237	1.412704958986089
1.362917198186258	1.487474685749612	1.3948989875436268	1.4112222796446985
0.403277688631015	1.399635633122847	1.513239533647301	1.4194879728240504
4.4770580949055025	1.6424097973984004	1.3180236275525004	1.4114840025183777
0.6130093248979396	1.563281923161933	0.9933690080713629	1.3793445590688838
2.8427587874264115	1.6591772850836763	0.8164027238077582	1.337152982804001
1.2274389358282467	1.6276073096318937	0.5987437710761172	1.2831584666542302
-0.21441415467508806	1.496117457289297	0.5401025861754614	1.2301165210836986
-0.16501737555628637	1.3802947254634654	0.4805913895876395	1.177855742620614
-0.23115420767547978	1.270487664959124	0.3372173891047927	1.1205732548444152
-0.11638271586552806	1.17808188755608	0.3685338589893046	1.0704656711078386
0.025707408157576106	1.102968016297592	0.29173754358936876	1.0197067715621881
0.04995817446157336	1.035790009437965	0.24707295995494238	0.9704156905818135
-0.060637212058031964	0.9672983281766112	0.2416370892146329	0.9248904068253829
-0.17832949969184053	0.8971925057395922	0.18290062012015618	0.8794850094506867
-0.24772437792575075	0.8285303280879843	0.04709763545604595	0.8295657007974211
-0.315591801100674	0.7612601508564112	0.06664163238129284	0.7847086050495757
-0.21064581870280807	0.7052138929338934	0.18631193586522676	0.7502013741690885
0.01823575838907665	0.666345453742226	0.18548987646463155	0.7182507159025293
0.013690137259035007	0.6301022529511437	0.29019080623292903	0.6944798071892351
-0.06078458879046855	0.5924330459852227	0.17324421961210423	0.6660605306476743
-0.5057863016281036	0.533623433061116	0.03726321348510164	0.6323886290436278
-0.3532375569446309	0.486964553721539	0.14679970291137723	0.6068410776690474
0.19901929275892316	0.47207643493560947	0.17107862007272234	0.5843101278358485
-0.029163032481062334	0.4465990164398843	0.08998345261767882	0.5591840739659775
-0.33518409125415394	0.4075237891862642	-0.00018460963684074905	0.5312255499024499
-0.3994855511839087	0.3678485975802601	-0.049163840007584114	0.502691673704339
0.08551863922983505	0.35419213249053083	0.03002708601750892	0.4798286038800563
-0.18547504817321225	0.3285021459909625	0.005187762530242113	0.45723406034694825
-0.16496157784138632	0.30537870120234634	-0.008472444201658602	0.435411344003775
0.515332773157676	0.3150659961855571	0.07644612491480784	0.418849092544088
-0.4308508150014191	0.28117122642948433	0.02048660319773221	0.4007473924853495
-0.2009290533702729	0.2595912394749609	0.01357068995033428	0.38341644553759746
-0.18327346132387312	0.2400588842487832	0.08541668076141695	0.370273303774022
2.754059853794002	0.3493318878511775	0.11260568177242103	0.35907367978780913
-0.23292478856438215	0.3243850781100177	0.18671403667992847	0.3516888993589753
0.23552748413135416	0.32063155164378365	0.12001791383413574	0.3419026793883648
-0.022883914170784614	0.3063225122025093	0.17293230585352481	0.3348644211137066
0.24499982453110447	0.3038033789215835	0.1961351503057882	0.3291650295214963
-0.2114818975086047	0.282918992765971	0.10460236056938887	0.3200636675792823
0.3121953660295258	0.2840899859539818	0.1480650016998688	0.3131856867983185
0.09139586568439362	0.2764856514595415	0.12031249146362466	0.3055742881422079
0.017097933588286374	0.2663821434739315	0.16448723740568094	0.300078767580098
-0.20672304752878545	0.2481902776598497	0.06927486417963569	0.2912039693559769
-0.19437923305862947	0.23138781789109042	0.13154565436290966	0.28514242983681903
-0.2677820254913815	0.212673287799638	0.07462493798672964	0.27724984303242417
-0.28539823506289763	0.19423038124003034	0.0277116932600332	0.2680097662844356
0.027618554333052714	0.18813613913365113	0.04267927538119887	0.25976776103959365
0.05900610609202084	0.18346973301999525	0.09834728969483875	0.253934484548189
-0.018796731744883277	0.1762473848288577	0.11378445897401068	0.24893008582941545
0.4309855496293036	0.18523601598648542	0.041826492751028566	0.24162194537200365
0.7347884506168425	0.2044022463135382	0.14156823999122414	0.2381323019874264
-0.3009544441801436	0.18697961947046382	0.1583704332433089	0.23538226261366257
-0.2267093190381615	0.1728792597831259	0.040699732425028	0.22874645742103916
0.8649851960245079	0.19620374253339667	0.09981989084474896	0.22440131385051143
-0.03646018525840866	0.18844956583643935	0.16714836684946666	0.22249297556172176
0.2541347575750037	0.19061453300848874	0.21735572425855687	0.22232358888280612
0.08977647952743495	0.1873269351563751	0.19350532644255214	0.22138401435128308
0.08087076456223574	0.18389342031912403	0.21014288331039288	0.2210213679413353
0.0008548957036311755	0.17805282052239102	0.11190622049899002	0.2175395883204756
0.00016126724295717487	0.17243610566730272	0.174336825484525	0.21617541401435902
0.02455638046661912	0.16781560741281099	0.14961661585977648	0.21409573062340903
0.7134722008696419	0.18468838553095512	0.32544356942444774	0.21753869570497653
0.5880920794057491	0.19703501854786443	0.46655408352215	0.22516000045158635
1.1825849577384666	0.22689505422546152	0.5391159148238096	0.23467218489814257
0.470724685267665	0.23420887298343174	0.49904001758905414	0.24260204893705528
0.36665650734185573	0.23814229471280202	0.5594857037508667	0.25201285547746965
2.46892110583885	0.3037427137598352	0.48939266986334906	0.25899348656890164
