-1.0	-1.0	-1.0	-1.0
-1.0	-1.0	-1.0	-1.0
-1.0	-1.0	-1.0	-1.0
-0.8725973853459735	-0.9379261920950733	-0.3774686297947851	-0.6966868160920591
-0.8888735692805857	-0.9172891360206009	-0.5823620599524035	-0.6485889474707198
-0.714529098349242	-0.8423067500567778	0.4971006308976531	-0.22490319349226673
1.07217431103421	-0.21107164898951958	3.9522136732979316	1.1523592214544922
33.10458439764935	9.696095490879175	4.43628641435902	2.128909536922181
5.540906264526329	8.57105822614712	4.758682040276666	2.8409329896473037
0.5551142452645437	6.579269456315558	2.335539146618762	2.7153538203186285
6.23563477002735	6.500381269684336	3.987484697336493	3.0073949320133293
1.945295813149293	5.528689181433727	3.141207032213761	3.035939548400081
1.575580438215927	4.7411872348633874	2.342221854503469	2.897743513610827
1.5557325440854988	4.145998856549802	3.0445610013480158	2.9251760168306804
0.6451354012678592	3.5301216205445076	2.6456878564285837	2.8760072110421913
2.158296908582292	3.3021229458771195	4.968808393286985	3.223831278539696
10.2623184683218	4.3983215281111185	5.011493315473119	3.5053795395533935
5.36862688179715	4.543531955403987	3.3408264723351815	3.480752943439154
2.236275015638435	4.214617044358565	5.579026962573714	3.7798757503790243
12.017456095957408	5.276584842376328	4.923028004140809	3.9354591605134877
8.444929873913969	5.689110718591962	4.879765260407565	4.05841014971485
2.7240916171938103	5.319095979956481	4.143238620120218	4.068996730152299
3.450356194963578	5.095191943633807	4.267083745223466	4.09273107172526
2.6263758493026153	4.810737183253392	3.5075238919329443	4.025304617255415
1.7953659917593914	4.476145326522317	3.278318106340225	3.942417953535819
2.2173261379498626	4.23443373133698	2.400889033956071	3.777462296452067
2.2810551402409756	4.032599465468032	3.1996852500650563	3.71776349316415
3.9100789439457966	4.020361070102682	2.9415586333247266	3.6402295389320463
1.9577677575303691	3.8209655756173886	3.0293551665918406	3.581174998332421
4.923199608956043	3.9241970112951776	2.7149431234614507	3.500046801296376
1.8644922956174468	3.73712858600725	3.0335137557212475	3.45767522362864
1.3887601230121245	3.5301061929058406	3.077911746577514	3.424197215422681
4.804489827841478	3.639245835205906	2.8155348990348026	3.372071020460659
1.7779604345003466	3.484265855538112	2.725727913766014	3.318253734543279
2.1076943879238392	3.372739420869876	2.5390225775988307	3.255122592174727
2.6044552615446523	3.3121312006963866	2.204753922673172	3.172261087933654
0.7134074323553325	3.1123724253668144	1.8825512139018388	3.0731239715517393
1.832182065350005	3.016424287806424	2.069149192020596	2.997877848084356
1.3962251968257533	2.897951051917388	1.883190542868427	2.916368955899771
1.0978609640209265	2.769454370246436	1.8278335322271526	2.838665466742315
0.5856669944076891	2.6171896455606714	2.0474132458534875	2.7834951929016007
1.0536484037979132	2.5106470159054424	2.208262921681349	2.7442978166003824
2.1847864816425258	2.4889352769713295	1.8811602425501164	2.6867878294100396
0.9857697334680509	2.390956121318685	2.4205928847673706	2.669436686213654
4.456997673294811	2.5227621761443477	2.55430253401691	2.6620918704963685
1.9415981583659727	2.486458058515171	2.3384598889536017	2.6418753364233174
2.9980079435268654	2.5177625976689257	2.8190048937785868	2.652715214743753
2.529671299914154	2.5184768660601065	2.587547402038284	2.648807097928586
3.30861489212431	2.5649346533925925	2.786422026975902	2.6568988353903356
2.5323626994294632	2.563056663419862	2.6778541680473587	2.6581075882220726
1.0208246733026902	2.475798706353736	2.402267202360663	2.643632780809099
1.796052350662197	2.438051425689374	2.481418939299537	2.6346252890121797
2.060650741593699	2.4174748709202505	2.6811078361488736	2.6371602588921204
2.1353369077214617	2.4023667907930517	2.517337470042332	2.630744220725371
12.55236190177903	2.9363687854886873	2.5196819787904428	2.6249008120650403
3.3114320349065967	2.955761228429557	2.551492912306923	2.621105236450846
1.8436889377099734	2.8992358651647736	2.2906700514782963	2.604309509807413
1.1683472111629163	2.812722539724713	2.078869560503384	2.5780470828562074
1.6078551700710895	2.753487541001677	2.101925329086956	2.5546395366563095
2.428155465537672	2.7377513347070015	2.170398210569089	2.5360538301561557
1.8465260957108751	2.695326368143876	2.1387243581595983	2.5171399189387214
1.7496359389031726	2.651011712297981	2.146484565842226	2.499771318752993
1.280528345271616	2.5877789620425813	2.0670901869743217	2.4798081370694627
2.0024706174446827	2.5611826255191916	2.0185693893300276	2.4588495839830187
3.8222510432556387	2.6176318002727856	2.235237199532311	2.448840459816741
1.79037682523902	2.581146233654121	2.026591645076709	2.4302175407613333
3.573070747723998	2.6242611077645575	2.166353835218204	2.4187486668369464
1.4440759842327573	2.5736964618731273	1.920180504783692	2.3973879787991614
0.9620868178223951	2.5056193575155588	1.9104507266454012	2.376819161775145
1.495562886798758	2.4635452423752704	1.7798955333962376	2.3519542572510854
1.626811118836247	2.4291684015197603	1.8692741127509964	2.3321237414336378
1.1569387574762136	2.3776052055561308	1.730224417857773	2.3077290779108237
1.971291823095438	2.361357110333431	2.0635056298107473	2.2979629321908837
3.438089322915876	2.403849853052963	2.009303769421824	2.2865718927451915
1.1434027090104837	2.3547539707706693	2.014864227819252	2.2759890135447893
1.3817358827560775	2.3173389163942257	1.9127015197997954	2.2620194122430655
7.43740324426258	2.511724600044694	1.8782418431677939	2.2474486473725563
1.222132086835288	2.463375954938871	2.0178504353967144	2.2388404945520217
2.4664288111820265	2.4634887812290716	2.129460502308835	2.2347901124509533
1.2278860974643662	2.4182938814897397	2.030623120345821	2.2273221881452057
1.3530108928445261	2.3797980126850646	1.983513573217909	2.2185115880683237
2.0693977856367622	2.3687146406758974	2.0162174563732376	2.211288313406037
1.9474068039018215	2.3538479143951467	2.1686690889808413	2.209784209544786
2.427223896142691	2.356406764821366	2.2383273788910545	2.210779465043737
1.737152036551294	2.3350574339392387	2.369954064775642	2.2162669782455136
3.705420900181104	2.3817649444751563	2.195653888675655	2.215564418868825
2.294925610593147	2.3788385374438303	2.2691391334751456	2.2173701261293184
2.2350859763286803	2.3740478155402154	2.3011843040314046	2.220163478170274
1.8790837447394866	2.357733427110414	2.1342103839355553	2.2173303649469625
2.7577717748714683	2.370775842947705	2.2655483915917367	2.218902535300595
1.7610797943160152	2.3511119046835556	2.0184464287895105	2.21243741801141
1.6199646918076955	2.327781939285502	2.044161834537195	2.207068170200983
2.0473301879591848	2.318927005733328	2.0375783815040625	2.2017166637430345
1.6861148786740556	2.299155357623851	2.081809965913237	2.1979704757281615
2.131361800852195	2.2939671713026484	2.0817250939415186	2.1943762759638648
1.6131078188353123	2.2731284079447773	2.0687039380803114	2.190530128387231
2.9235986355482932	2.2928365916549636	2.102367346342718	2.1878592520041495
2.0969994671061496	2.286962722167618	2.148450082258015	2.1866774338937343
4.493814400782372	2.352502288846379	2.172803134956301	2.186265636340716
1.3115443401142777	2.3218910419850705	2.1036922489325485	2.1838375955034777
