-0.2037414114746432	-0.3047817757956449	3.2381967185474414	2.7003953727570345
-0.5620087359127636	-0.48540904605318835	0.5692483489314109	1.2038831592414998
1.5129674124609251	0.6677767801356072	-0.19236740253404294	0.3981607284766384
0.06937203096300526	0.376218805768076	0.9619700405768297	0.6728630050365285
-0.6946069237541803	-0.07429099598438982	0.6452845415642274	0.6612604129304489
0.21099010122067208	0.03120829271786918	2.538696679911829	1.3555521343678092
1.842175179966262	0.6283127411365512	2.3697798294773933	1.6899588608887313
2.03372131987817	1.04624273329186	3.9740970778074116	2.369198960536816
21.291711263471644	6.527797582330847	5.971897710780841	3.344646117687776
9.206424822284497	7.193378258961719	5.796738477453247	3.95393787857967
5.474073163944748	6.798679392603125	5.574587366433311	4.32598796988811
5.516157428143623	6.525091534035839	4.885935872954362	4.445436227469525
3.574798173422397	5.937360964666895	3.388895227915814	4.23496159617242
8.500907594480221	6.416348234392219	4.517291054776876	4.287713394520591
6.07414963646186	6.356146989436917	4.5783540332409745	4.33884237347716
22.093802911181392	8.971753566162237	4.0702303279350005	4.29419832329912
4.623908610583581	8.286986866023204	4.847073928688094	4.381273003128612
4.493041292621726	7.719203223330714	4.4079103655191725	4.385258637801717
9.772953432692459	8.011980131316284	3.315289685164724	4.232727890771695
8.186139534239626	8.035681964143407	3.6667595506178303	4.15569889062536
9.348657485334696	8.20663575879057	3.0265201312186623	4.00867794366163
3.013886643273289	7.558614747462901	3.5663153201655833	3.9534743653709654
3.445518363571007	7.065801729142075	3.2949091328131317	3.874568422342916
5.246376508104139	6.856169309304263	2.2346812699673246	3.6856219979902614
1.2371055419741053	6.232665915714685	1.801375608701206	3.4765422888894086
0.8148302909518435	5.652913494809821	1.9503680447576852	3.3132295022803175
0.8103607163595723	5.152552420262062	1.9515660127371128	3.172534821187768
1.8470568896656903	4.82237129418772	1.3784604111727576	2.993327322727227
3.4518152596054312	4.689876363025724	1.450063740822801	2.844136451442341
0.3825145738372109	4.286463942593621	1.496562574309714	2.7179273540294235
2.00211185368812	4.078992391955894	1.6432928997811684	2.6203260312541317
2.226796336948443	3.9157103915027447	2.051865582258686	2.57021294363077
2.490543069768707	3.7936576178352794	2.0062630512983666	2.5219156240075695
2.0330814149850833	3.6470626779343718	1.8261619398177729	2.4639834457403094
1.4014150403152743	3.4651256784743865	2.010828220108206	2.427270482123365
3.4726956876915045	3.46572405477838	2.2088818358659834	2.410042984375189
5.149639564533475	3.595165004603122	2.0044807092125394	2.3788688979488595
6.5099012195989525	3.8136226359667784	1.749157286064075	2.331673646107717
1.893898571833137	3.673247242977393	1.8877118156938604	2.2992098619947066
1.1274260101575022	3.49151780153312	1.5027393298275666	2.242355086670628
1.0293400046851664	3.3198422306156345	1.6103504117709124	2.1982883286332595
0.7419812004706527	3.1441818473253607	1.4501841966072369	2.147311010580938
0.9143228314706602	2.995608402871496	1.1219052536125194	2.0789891002652126
0.6793815174017079	2.844632455823977	1.4726001389732275	2.039463570656215
2.884904066708707	2.8472016145929264	1.4667075660396298	2.0029239071400546
0.9194036802403442	2.726775488528495	1.2182217530852264	1.9539049087237683
1.154032114293242	2.6305324610894605	1.108075964458016	1.9021449387296006
1.4449416379105702	2.5594313311080485	1.205105290663644	1.860342866910131
0.374528925835075	2.4309673387999178	1.1945764709531392	1.8211987338804714
1.4366327455145185	2.3736281715126566	1.5051209756199708	1.8029722604813654
1.6991865628112532	2.3354693916560256	1.7108464247126967	1.797760428746114
4.8310056441442875	2.4740531134192505	1.757539244821141	1.795527486983426
1.2703456742287216	2.408423685430926	1.6344493159953286	1.7867454969170842
1.2163488869547256	2.3445883861226515	1.5319368548947123	1.7731009265500268
1.3178149587560433	2.2905686971810493	1.7503938634436005	1.7719063564634037
3.685993811466652	2.362718917476938	1.663325124397781	1.7662923757363993
2.2261015302570404	2.355774924285017	1.4655026219005731	1.7510036795513244
0.43266630140631523	2.259653935192205	1.2912368483607484	1.7280235817795604
2.1998238349081745	2.2567126488125955	1.2261952731467471	1.7033522217491193
1.5647911410943394	2.2232440134127147	1.2298331627139119	1.680447843500457
0.5818382559960034	2.1451078615198664	1.2188184892977967	1.658472877223169
1.0835003568519368	2.095361116041571	1.2201837331412948	1.6379347004647657
0.16685346914633348	2.006381366290507	1.098658943275432	1.6130531124109093
0.29194798953608503	1.928477036368395	1.0244631769044905	1.5863078365214047
0.19666285601287758	1.850956574041605	0.8721040036271266	1.554338227846277
0.41268915211766943	1.7875225335745415	0.9339884946267325	1.5269781746964246
6.1713689220565735	1.9780694488077941	1.0397782909923143	1.5058017196371232
0.6518776578567629	1.9212490011088637	1.0361533140584656	1.4856799341312992
0.5070768666440508	1.8615119301903924	0.9925068308499216	1.4648475615102647
0.35918173901648776	1.7989320223924645	1.0774367812136747	1.4487101134632767
0.8801992063986714	1.7611859283031972	1.2176094703411606	1.4392153598023256
0.4589998981687411	1.7084086822048627	1.0558704211742485	1.4236788480982985
1.5339693386951585	1.701432940364235	0.955834248015728	1.4049698838388447
0.41672055353985504	1.6507335189520012	0.9325538631111205	1.3863268320060222
0.8752657262029437	1.6205279493045945	0.8465734559022415	1.3653026832184434
0.5114854053538394	1.5778825482453462	0.9509367213838844	1.3493691094641331
1.1766352643350824	1.5626490227790573	0.8692309115071715	1.3311404204633712
0.7276265152814876	1.531342753325473	1.0072057633009144	1.3189954596630091
0.359085073862238	1.487935749017562	0.9300881142243329	1.3045948279729047
1.075874316803552	1.4728635103426382	0.9535404984367137	1.2917540679835802
0.46793311240496305	1.4365483483645223	0.8817844445613625	1.276938671623253
0.6706666044340326	1.4092011137021903	0.8732299281245925	1.262523359626773
1.0754996767719516	1.397425558926114	0.8473128110298549	1.2478716644124779
0.7992275270221116	1.376562441842538	0.85574720801045	1.2341956536298584
0.38069819069788524	1.3422289832409864	0.9016633253699535	1.2227308636826768
0.465054796541404	1.312331265280371	0.9422733989822052	1.2131716123029275
0.9057613072742163	1.2986290414811514	0.9426216871617832	1.2040534140914594
0.5579292709240764	1.2739437577941084	0.8567692076402358	1.19247938924374
0.8245115388615301	1.2591298171627159	0.8555315975528213	1.1813730054877256
0.336307563879503	1.2290433563372698	1.0226416470298734	1.1761977492146793
1.1187244247392862	1.225485038141168	0.8052166895644828	1.1642325925181
1.1086026776817919	1.221755115012256	0.8752647161789764	1.155011625082719
0.9023413183117652	1.2116702074365064	0.8009919712027747	1.143834098347217
0.20521764866359615	1.1802239952525673	0.9055291004174266	1.1363880988257775
0.877411382946977	1.1708603817844945	0.8098167129742717	1.1262898045575498
2.3487797281258014	1.2069126381302326	0.7649837586091575	1.1152312071662673
0.39226674540437556	1.182230658658781	0.6552108313516496	1.1012936241893612
0.03142110397961373	1.1477121500719072	0.629006814233501	1.0871273389433194
0.30006066015516075	1.1225386765437735	0.6743234072354687	1.0748680119136904
0.20845757453017355	1.0956581963725247	0.6719256357732486	1.0630184995244605
