-1.0	-1.0	-1.0	-1.0
-1.0	-1.0	-1.0	-1.0
-1.0	-1.0	-1.0	-1.0
-0.6396388141116605	-0.824422833329226	0.6131156466396928	-0.21404888805907518
-0.9076814905323288	-0.8594507935805599	-0.2785388410174	-0.24118061754626863
-0.8812093087989925	-0.8674972915157295	-0.09482597768853329	-0.18705751008379357
-0.9209933655196082	-0.8851358004438781	-0.7083574203628856	-0.35893842307939305
-0.8213925638533554	-0.866180318357242	-0.46985850721254707	-0.39192308638990636
-0.777298802756991	-0.842115232838583	-0.332755522996367	-0.3759032117174339
-0.8011456935278622	-0.8319351970319459	-0.5032689927081067	-0.40755088063702605
-0.8836848883826014	-0.843815310682665	-0.3372477884683678	-0.3914115231958658
-0.7318703677163976	-0.8199352016720449	-0.29864200199712576	-0.37162194151041195
-0.632769452469572	-0.782649759610395	-0.5489358736069649	-0.4069447885484323
-0.8224003899220573	-0.7900769756547151	-0.3221667850513884	-0.39110430981811084
-0.7934176469540792	-0.7906647196529977	-0.42954236864247775	-0.3978665210876232
-0.7634042807820023	-0.7861340270681645	-0.2750085477785744	-0.37744747588376526
-0.46755776154763395	-0.7359596734803815	-0.24800266457051	-0.35706046301767924
-0.5637291887761944	-0.7101845602539121	-0.27897214830926165	-0.34537421831605875
-0.7871707784177697	-0.7211594354393236	-0.3509762978818416	-0.3461727617974125
-0.7209779788220975	-0.7211347254919971	-0.34745464558526507	-0.3463471943141091
-0.6824606143932326	-0.7160992395960606	-0.19312188011299236	-0.3263968421741609
-0.44162262326048407	-0.6818463307088478	0.007671694988781841	-0.28470724078084597
-0.790110738839897	-0.6948180796819723	-0.29474546767267373	-0.2859098850756213
-0.6575646308555916	-0.6905256762287673	-0.11349166182934567	-0.26604374990100477
-0.27514245407684657	-0.6444337389820856	0.20647417331291273	-0.2136119559204348
-0.039547251187693866	-0.5797057134889998	0.7968633688511328	-0.10548240999882563
0.010440166796088945	-0.5187281924397753	0.7339142892156381	-0.018750713416675224
0.10274828783335077	-0.45664997249410477	0.6144288596549765	0.04449644422455479
-0.22681579185063383	-0.4344313324044763	0.6014483671738091	0.09833834904146976
-0.08740200458773406	-0.40192972578507746	0.9228863515599426	0.1755627427353441
1.2948814963565263	-0.24781979492664097	1.3336632989107553	0.28074532465633517
1.8205729694594774	-0.06547879521143574	1.3429786206525631	0.37438740998826314
2.4627753741137983	0.15104315834680193	1.0243197266120347	0.43004819844814346
-0.12811788468058183	0.12779885325770723	0.8994861142510813	0.46913634693435013
0.6122025590214393	0.1670445828899867	0.8244951942474978	0.49792718865461105
0.06699113701713988	0.15915177257658608	0.4828951445604379	0.4967416881402127
0.269721015765354	0.16765106897633553	0.5609898655977068	0.5016803805505194
0.3036865386700711	0.17784691227075133	0.48838079316977767	0.5006837887162359
0.08002653056564601	0.1706939624833097	0.5546966078021343	0.5046332518443295
-0.04458996900725176	0.1553262963492501	0.6762980575309674	0.5168873462243888
0.6108144468017236	0.18708529382716632	0.8386938078507151	0.5393253957579871
2.3197450068932777	0.3324083528535784	0.8534837572775689	0.560732515447351
0.6091340564490966	0.35084630902931657	1.021603531367861	0.5914398922831385
0.5815885996897863	0.3658865540995173	0.9622763234533689	0.6156117416592983
1.2215342059364747	0.42047378854032136	0.9512220514167029	0.6370225523525486
0.11157918096960873	0.40117788471629123	0.7641472038427888	0.6449640966195107
0.36762224632950513	0.3991244468978634	0.8487928179792741	0.6574372328935543
0.06743297420461736	0.37923255330296435	0.6986870725634731	0.6599112169143402
0.6086890502637454	0.3927239740040027	0.776365360191009	0.6667585326964478
0.34140099312694305	0.38976458092914235	0.756227329246234	0.671918173021292
0.3608548349837175	0.3881291752901037	0.8646066332678213	0.6828207160315702
1.0619909810005788	0.42555033714185075	0.8181666734655437	0.69033693264497
3.16423615271881	0.5748722623115252	0.5897624518594935	0.684853419375846
0.25678687404239287	0.5578390134466065	0.5670778800261511	0.6785468389683478
0.08816082411958304	0.5331285320290613	0.43094674774358865	0.6655200952979159
0.34698929111142474	0.5235041592383736	0.5217487859096792	0.6580863252906861
0.4870071823872242	0.5216490949872445	0.543995531123469	0.6522872640487698
0.06894354479973219	0.4990219703329104	0.46600694206372495	0.6429766475811944
1.1713582278640122	0.5320764045090274	0.3349745208058532	0.6278344502652184
0.10736815997929128	0.5115330649773344	0.3617023417554146	0.6149615511334761
0.08190079607043943	0.491081010444826	0.307634224676407	0.6003315703921246
-0.2575854599401223	0.45599856567731556	0.29423616399776376	0.5859878506082343
0.3447106983128687	0.45086372327042756	0.3749598537998815	0.5762510735222284
0.0890714570901936	0.43442363177184506	0.45273482525053965	0.5706383314263481
0.05559167645702212	0.4174662058998537	0.34986194008351235	0.5607558977723055
1.0213071607129796	0.44409847619597254	0.4908074499251951	0.5576709308854213
0.08854221963931064	0.42864404970558145	0.5252818855972736	0.5562632130003611
1.1231830316293436	0.45840181588337914	0.5033064879392832	0.5539944521315403
1.1371222392097415	0.4870725810140868	0.47399921770712083	0.5506155773681365
0.450156165364753	0.4855350993269929	0.3673230139495931	0.542980729355552
0.1264845892836557	0.47078352683314817	0.42062821315420007	0.5379538849080001
0.6039013639475999	0.47617880467299445	0.3754482206993195	0.5313675481188607
0.9078820444932452	0.4934426113683257	0.3738455868421595	0.5250683443438031
0.08678177827118172	0.4773943785615342	0.2838044214547155	0.5155473275088389
-0.14647335388677152	0.45309392890955325	0.23558102732923447	0.5046423916304199
0.3309390041529121	0.44839668144005707	0.35264855878894785	0.4987977687459755
0.34053323217811693	0.4443015321728816	0.3079158711719516	0.4915507672582975
0.12956157233614563	0.43250153674771097	0.22759367637505834	0.4816546878673911
0.40977896217092735	0.43166012646140084	0.22036200962548325	0.4719793672893471
-0.018632446383313406	0.41518974483174653	0.19192713596861544	0.4617359046020544
0.17620670003392847	0.4065535055760212	0.29427919007059367	0.4556843650706901
-0.08201376742637834	0.38910833029665337	0.24293137716853552	0.4480875259856212
0.30520008620426653	0.3861473872740837	0.2873541071124721	0.44241568440072876
-0.0926718805878135	0.3694477747552569	0.22631584375620317	0.43487874842530494
0.3216343433477753	0.36779908335009837	0.227093118292379	0.42771492971123304
-0.01652153270047907	0.3546996931802542	0.17320817606396677	0.4190400778871326
-0.0665669304688995	0.3405023609151969	0.17020984896454827	0.4106540107372765
-0.031201051369752486	0.3281145694685599	0.1670456188166176	0.4025351954772778
-0.16143208135022957	0.3119786973808163	0.1698998778348879	0.39486726189225396
0.20981704609175567	0.3086479301270295	0.24339275190963705	0.3899287707217074
-0.13713948667299614	0.2942703829125908	0.19800483048269668	0.3837388388843246
0.021041583702438693	0.28555186516605846	0.1497903965154883	0.3762737118430983
-0.12196863047697848	0.27268511178297095	0.167403446114037	0.36967897986314724
-0.20419508802972042	0.25778515806296753	0.1348424966243018	0.3623414940137888
0.007654414027906009	0.25005045256861	0.18223086481765982	0.35677196652477217
-0.05535549449607491	0.2407028074908506	0.1348680650314522	0.34998004164543106
0.004677726352873446	0.23355164435986087	0.16368677740781057	0.344335627843273
0.14800953378976334	0.23098575027209223	0.2912598942730331	0.3427435528613201
0.2762495754755161	0.23232998401032257	0.26488173220787425	0.3404311975525498
0.4286628703178461	0.23810358469870652	0.22461659210338047	0.3370254882723489
