-1.0	-1.0	-1.0	-1.0
-1.0	-1.0	-1.0	-1.0
-0.96315055064913	-0.9787356018012697	-0.5894841760204024	-0.7631071263816341
-0.9372593391792434	-0.9585273046089502	-0.7506849809909198	-0.7570547098903487
-1.0	-0.9759753873029495	-1.0	-0.8592648380718331
-0.4416872515792719	-0.7783911656242452	-0.1606049437987217	-0.600894587651416
-0.3014708743826292	-0.6211428536237853	0.17194483764257829	-0.3460769610528259
-0.10902411867282014	-0.4688527479280824	0.12369348825643778	-0.20638009189991446
-0.5740256463348637	-0.49732881041837296	0.2375111642629153	-0.08619441642101411
-0.45539543704699614	-0.4869092692561844	0.4279633923033537	0.04156270109229365
-0.436094280107613	-0.4752437698074836	-0.03970330841136094	0.02290651871634286
-0.808271755952784	-0.5462853881530924	-0.3170903719641258	-0.04962172702733869
-0.8521891985021552	-0.6072247225212166	-0.4701722278949464	-0.1333998969443988
0.9034325169000164	-0.32496472763289197	0.3055019104159755	-0.05139286303506607
0.2012442964474661	-0.23239347505170893	0.2696050479052763	0.005077349826970057
-0.2468091268049586	-0.23478944934222756	0.8114923111694277	0.13910386205360714
-0.1309982649759872	-0.2184428338264367	0.942617557519664	0.265653585385635
0.18268604286659107	-0.15841192066144516	0.8275894933953325	0.34975006020063315
-0.20786681763045023	-0.16546206576321587	1.006198566822711	0.4433311167379399
2.140866024252367	0.14842909205758836	1.1179390075431117	0.5351450949998702
0.6787078008496625	0.21747265709405528	1.079673394829043	0.6060440166455205
0.6220189153845757	0.26795758859890384	1.2607497791936146	0.6877473028098475
1.2157461308989914	0.38151765367001933	1.0080685471963386	0.7261269194000675
0.2051710842218799	0.3611992122237182	1.000128761305691	0.757697382971557
0.5510892908502478	0.3822700147979805	0.9011769418323012	0.7736184121385443
2.0767166244229593	0.5635900899696391	0.6952652880688348	0.7652342447148062
0.8972073381566701	0.5980617392631191	0.8702883208563554	0.7760893818561301
0.07009607821243735	0.5453239198077269	0.8103099925535926	0.7795074377227635
0.4466851617578156	0.5357882259313016	0.9118846386316948	0.7923045563485982
1.359853369054643	0.6129672337642267	1.0128824618530818	0.8129630735120557
0.4957573339537755	0.6023218343026508	1.1384387593909695	0.8425237204940013
2.004105009076902	0.7258973887162183	1.5243933162027399	0.9026346107909287
0.49966536158309105	0.706522693929434	1.3397131828782376	0.9400664387843354
1.5831103787966145	0.7795119558432941	1.342904202755009	0.9736087813246304
0.7477909015710786	0.7769420216945042	1.2854960979728225	0.9988772726145694
0.8164272699492734	0.7800570937203963	1.268973822389785	1.0201849577201343
2.302218873228778	0.8970631163240452	1.8589141303774417	1.0846567497619417
3.7535674477212178	1.1111544607856403	2.3338181810636796	1.1782798623290272
1.2009667811486002	1.1177217251473097	2.0497831598349086	1.242006404364015
1.4828104247169032	1.143782702499942	1.5008277278293511	1.2604816491449822
0.637164568390703	1.1084586937795566	1.5265878211662338	1.2790358336308545
2.305341822537303	1.1900166103802143	1.6429877234244823	1.3038362344405878
1.1484443955137253	1.1872465706422415	1.6089724534117034	1.3241670131209955
0.5328039413939316	1.1445887289725487	1.5007734173006195	1.3356784535676942
1.136815409391882	1.1440928161885382	1.5641766137207607	1.3502557609090635
1.13736579756231	1.1436725682137494	1.685784162821815	1.3712155872812688
1.2575988915891076	1.1506441988821643	1.5536138377213677	1.3823773109147264
2.743304450446782	1.2461581065216762	1.7112422746363571	1.4020996879193173
1.2320198921597476	1.2453267791813447	2.043211184659331	1.4397946403623392
1.9041442549372856	1.2833185739858504	2.1614105545096467	1.4814078097574819
1.9267286904452838	1.3197225928655683	1.9784402636497123	1.509529908509684
2.3646081645925032	1.377747685473627	2.1800217649894886	1.546764105948749
1.902661645091908	1.4063679948034222	2.2490022627098565	1.5850527236627245
2.9711285453245986	1.4901614682814959	2.2182904929775127	1.618963001286037
3.377032950639829	1.5894313968482252	1.9034461599422468	1.6339296023939123
2.257722938396459	1.623984674933642	1.7952222050721898	1.6422687627938304
0.9403019281094902	1.5892336612122908	1.6372785020647753	1.6420147588872585
1.3422096993375523	1.5768865229272198	1.892979597301749	1.6545580582217454
1.6948064505794616	1.5826837000501262	1.7519939779318507	1.6593481738694655
1.6593443570688655	1.5863915948625738	1.8411893840572806	1.6681437017065237
3.718142746385692	1.68786934925269	1.8464629338650402	1.676631984502635
1.1489002954599972	1.662613248888773	1.6844465539854605	1.676998022921659
1.822977281601033	1.670012076952799	1.541245916792315	1.6707343061626787
1.8102034768430149	1.6763822661357048	1.4936604542017924	1.6626878309576827
0.9638214570268555	1.6444860024658365	1.5035438430386376	1.6555638702043254
1.4371864353971184	1.6353428933854537	1.3850859394217552	1.6436343102680007
1.006686077204467	1.6080178645843768	1.2512641227238301	1.6265796356112636
0.6415131426386207	1.5666080195532235	1.1947007255857343	1.608075854043094
0.6892548753329244	1.5295470735898364	1.076153065790816	1.585606517927526
0.4419307229302165	1.4842419185123576	1.0289531508367458	1.5624187674819963
0.7950856482224891	1.4559278801079896	0.9865440707755442	1.5387588891526733
0.503372890306391	1.4173208777071316	1.002825605753924	1.517037561495873
1.548693107239901	1.4225746210308512	0.9534145167695747	1.4944985516438236
0.5917316242093158	1.3897864121455163	0.9389418899186759	1.4725741873634597
0.42836288882887685	1.3523375447432198	0.8825692230544797	1.4495926116440292
0.5409807519890488	1.3211390424881628	0.8467279595713788	1.426411104666638
0.5017661509555003	1.2900311412658412	0.9460084161638609	1.4081724905992865
1.3410559200161787	1.2919441332847126	1.0495875214621493	1.394728685145517
0.9474276198522706	1.2791872446728432	1.1006490854424529	1.383839409733298
0.7918566932053892	1.2613622310075665	1.0291479946997826	1.3708659806571761
0.6264243223567052	1.238417549069219	0.9015003585362071	1.3539044923198063
0.5199248005436932	1.2127624160889763	0.872894432964834	1.3367289951341217
0.6660924779439026	1.1934721480026989	0.8918291667777785	1.3210298304198922
0.4458662276234959	1.1673982166178027	0.8929530461255981	1.3060998993532977
0.9915179392888704	1.1613344873043676	0.8781865451768489	1.2913471696953924
0.46233833830747995	1.1375097715159272	0.9098606972275787	1.2783444200191418
0.7748873406955317	1.1252888582562939	1.057960811822308	1.2709171005796085
0.8546783217198559	1.1162702044303021	0.9421710390013818	1.259960972232442
1.7240842306936495	1.1363041304632024	0.9079146061940779	1.2483572608868791
0.4928656558301665	1.1153263245336684	1.0257386466076444	1.2410992015177733
0.4784848159678372	1.0947865032235624	0.8710496447410265	1.2291638609348636
0.5650914222313508	1.077884376199727	0.9700352388529692	1.2208952241587125
0.7546738934381549	1.067679277258664	1.101671090972335	1.2171305713729712
1.3289687515875772	1.0758431243658886	1.11955897239319	1.2140820126703735
2.2611868868036358	1.1124959450660645	1.1357120438689927	1.2116580750478616
0.9903403485296058	1.1087570172613224	1.042466674611485	1.2064795224192983
0.469527141648157	1.089389424696268	1.0377518219111348	1.2013670151305567
1.019140609366198	1.0872822324585014	1.0584974393489164	1.1970815658955405
0.945715792422102	1.0830777300640806	1.0209389055619145	1.191850207890035
0.8877100573530716	1.0773326499905362	1.0000676173410468	1.1862105591974088
