-1.0	-1.0	-1.0	-1.0
-1.0	-1.0	-1.0	-1.0
-1.0	-1.0	-1.0	-1.0
-0.9595999350751541	-0.9803160616568588	-0.6093797732549271	-0.8096798984571643
-1.0	-0.9885973412003348	-1.0	-0.8897499503006331
-0.893446334624639	-0.9534096955519683	-0.6242452874050038	-0.7915640936547348
-0.8819411699073638	-0.9298453894059979	-0.4350237245517803	-0.6740070783305758
-0.9623509010016711	-0.9395116444229125	-0.6698925516473604	-0.6727835493812471
-0.9474654828950625	-0.9416651861127083	-0.8237363828663716	-0.7136547551448021
-0.8253453660251017	-0.9127622236147035	-0.7113167712092441	-0.7130738163149264
-0.8443804562491029	-0.8970639278481067	-0.33799026374028274	-0.6269664496932257
-0.7731748299764241	-0.870635895449528	-0.43954222293385203	-0.5869851176747907
-0.7460113652467635	-0.8458093322513123	-0.34464201664255545	-0.5387077268737166
-0.8817659979406951	-0.8525276868431265	-0.5833389337838331	-0.5470468966903471
-0.6736450698799187	-0.8210584637133287	-0.30378570916947145	-0.5042521722194628
0.841967422976651	-0.5446624229710071	1.6333775919817817	-0.14897664030780144
2.0258550624030156	-0.13981781138711857	4.436934482755798	0.573283141126594
3.7769733439703295	0.44634964269724176	4.005160757529624	1.086880876104427
3.780788292752849	0.9216957534597132	3.7987093357814583	1.4734697555664469
3.885473757653463	1.3250656058201264	3.0768066233785563	1.6916835342050964
5.006859876455154	1.8044445327362548	3.120376795460176	1.8777033924849467
0.7832615058214394	1.6770077708018833	2.4476262648011833	1.9488265452684823
2.356372490888927	1.7584069437753307	2.4203935765846283	2.0053283027870643
3.301115438749374	1.9361572517408212	3.089806162723601	2.1302815596024054
1.843584809485245	1.9258858143053454	3.0696788616174597	2.2345200284183133
2.2364962996408133	1.959124289353237	3.018195687317295	2.318380485831245
10.67244890900177	2.859439187144495	3.216283645887125	2.411158027251816
2.5089168138757665	2.824426124668443	2.82758908603298	2.4527548147532348
4.439874718552959	2.9805953673079615	3.0489463256555487	2.510390132020561
3.026877198044799	2.9849307627636947	2.950723998513763	2.5516310430780056
1.3990964879420513	2.8409003859820543	2.5673841385527902	2.553061720275407
4.533491432762951	2.9901127721889247	2.7966413754456765	2.5745350110696505
2.384756112399903	2.9382699734206503	2.964173229123978	2.607904546255617
1.6809813026099745	2.833581885920081	2.7779681505679266	2.622065535724045
2.66492521052104	2.819917626133055	2.644122002038016	2.623852446297544
3.4168670420128766	2.867010646223674	2.2676953319247297	2.595756177282003
0.8319887458039317	2.7105826568020746	2.3792927863552076	2.5791177008199417
1.5811376965000554	2.625932829623098	2.087733642135901	2.5422897745349973
1.8568071849816605	2.56969254371618	2.1940594427510756	2.516826482453578
1.8373490136108548	2.5174156333030178	2.111239983933764	2.487874639012334
2.9595777747935523	2.548245279847747	2.3289199351530834	2.476791419096871
1.5890444020496561	2.482883532438246	2.5847143588141854	2.4841455088783833
3.8409787074634334	2.5733723252601335	2.695752107539418	2.4982448299699294
4.1304103034524955	2.674863716140349	2.6483343469272307	2.5080284881924273
2.0510403979060525	2.6350662597048293	2.366518467808884	2.4990007942372174
3.600900117580683	2.6954004865752004	2.3413292290432164	2.4891515702493447
1.321279376129489	2.6113122068769394	2.188019229117924	2.4707242060260186
2.9138289123651133	2.6294551438360476	2.2376165154144063	2.4567448959647606
1.9752261481537006	2.590989459595829	2.0430605158950983	2.432422373477045
1.194062125754181	2.510433677947029	1.9143909869304014	2.4025494463183783
2.977641618632302	2.5368689822842834	2.2082394764602133	2.3915564074752695
1.263847739247232	2.4661754030829948	2.246362048488836	2.383493428261364
1.5348814272102587	2.4153983525935607	2.0007820689463864	2.362626793075104
3.1054104394234523	2.4523486479942256	2.0447354720798177	2.345603760754386
1.2761071124214731	2.390464966244342	2.1690519245265683	2.3363148314687017
3.2931403772431134	2.4371368519313394	2.4501200735353605	2.3421986053245964
2.075430928225431	2.4187514400610706	2.6037545986798447	2.355492770253242
2.239144041078848	2.4097741394860055	2.5352209621788595	2.3644758015848537
5.307953470862099	2.552257605374179	2.708013875534162	2.381365110424054
4.738598003421997	2.6580122286632033	2.7106662566784023	2.3972935988303132
4.047041746794151	2.7241349241198933	2.738594873819275	2.413540943892801
1.918324792807192	2.686375068443213	2.8996514440750842	2.4363203065119707
3.4713333699159925	2.7225919290005294	2.8154131547522905	2.453810923964719
3.726322738737008	2.7682016886429794	3.1485513557165987	2.4853800438336386
4.141580453595652	2.8296777187165287	2.7756148725381538	2.4983717483232732
2.66412219153212	2.822376213764934	2.733267609709504	2.5087319942611286
3.1131703794962773	2.835016033663786	2.793286919642999	2.52110060155729
2.5773362627195744	2.823975866682816	2.83464067485195	2.534534360223563
2.822733015720512	2.823923800670793	2.6375825380895104	2.538887714522769
3.4277159046579753	2.8490756396784582	2.5511805188217913	2.5394003097262416
2.489876723761995	2.834318603427854	2.625727768625286	2.542947730946199
4.342174946441229	2.895432021564536	2.5916757890445807	2.5449227059358557
3.2457357539139924	2.90944082096237	2.5861549051118886	2.5465717672997483
2.33673786166437	2.8868399174144908	2.6112545444695514	2.5491245331553287
3.572501021253685	2.9135477092401323	2.6323726028041605	2.5523673965620817
2.07843374362942	2.8814353357834497	2.4958096905585525	2.5501922258484138
2.34168314148578	2.860943058189628	2.282686524185277	2.5400359794823593
2.5237805448936617	2.8483025155322714	2.388560008721211	2.534357059885226
3.7837002318011708	2.882939031844442	2.5587827781786445	2.535261555152767
2.2195742507559335	2.8586751159145862	2.504157938818123	2.534123968951392
3.6105859527648745	2.8858460558999717	2.4871663088320557	2.5324266422727235
2.160917339722929	2.859960902037317	2.543780404437417	2.532831547142284
3.3435545024405906	2.8770247774856705	2.556655474517434	2.533671800516165
2.5846887810120682	2.866829017926595	2.5120728788280737	2.5329183848951535
2.306855708216593	2.8475226894602934	2.6475628167187137	2.5368698624536634
3.757922802316693	2.878551804098478	2.5338696277929413	2.5367668791636246
2.259872145093617	2.857701154738551	2.4962736119095696	2.535401748160181
3.079183380376607	2.8650819745001925	2.539923276766349	2.5355520241124982
2.986272033234293	2.8690759378710693	2.5429252033697636	2.535794566508412
2.3688822751397134	2.8527680626076473	2.4387711693117176	2.5326310458152657
2.8063517463351793	2.851270848710935	2.2173048217654485	2.5224609700449143
2.0398643525921867	2.8253794396704794	2.3513533182926882	2.517000845703111
2.9991074786391634	2.8308646159773314	2.3493919532687526	2.5117089120158504
2.7001974150431676	2.826781922760201	2.2458432785815154	2.5034020315647973
2.383880562507369	2.8130859264491206	2.0759156701686146	2.490182742790733
1.113588813749383	2.761069331443343	1.9474025395718542	2.4735696251966384
1.8782842458149762	2.7343226894889443	1.9342441077318813	2.4572290655616964
2.516427576674029	2.7277867514942242	1.8782630325750072	2.4398628608211417
1.315099180821106	2.685832533214122	1.8231249645865653	2.421546740580101
2.2197281541847627	2.672125842065517	1.937013728493274	2.4072981186222693
