-1.0	-1.0	-1.0	-1.0
-1.0	-1.0	-1.0	-1.0
-0.942778579535022	-0.9669797276860463	-0.35979175988539813	-0.6305605443828559
-1.0	-0.9830680435542845	-1.0	-0.8105608363140303
-0.9063462852134236	-0.9507902368574517	-0.4783149017643288	-0.6707807996831505
0.46100778037205936	-0.4286953533595378	-0.4389768674749034	-0.5850577688843133
-0.8319159009073611	-0.5616436211163529	-0.2970487411009708	-0.49009658282640944
-0.9295869361952503	-0.6710599432936244	-0.4523673148995774	-0.4788770266766065
-0.24631879082544372	-0.5560592553431563	-0.2104852580757044	-0.40620867958021645
-0.5410627096541822	-0.5523329371499901	-0.1379590127603988	-0.33955443160554755
-0.788225459818465	-0.606486468053961	-0.22124666715701002	-0.31239465993561
0.17879839379484386	-0.4389692931623904	0.622875074707961	-0.1128826690029976
-0.10218041530461475	-0.37187732777396576	0.6090676314310397	0.03093759880042901
-0.7474119064670891	-0.4420443601483146	0.05568247967578155	0.03556105021381706
-0.35591992673070416	-0.42689333772239424	-0.1750099280828291	-0.0014830346780165815
-0.7758660074847086	-0.48489285708906016	-0.24276723667648825	-0.041584718388510855
-0.35381805184108683	-0.4642491786960752	0.34646799792853433	0.019531809228403807
-0.10233881872857342	-0.41008736275916624	1.131828099739883	0.18599279307504735
0.3993163592520512	-0.29470146379961293	1.3361023542038728	0.349948583424464
0.5835845651608129	-0.17516684404788652	1.2082721970909156	0.4667662374812094
1.0662477619977135	-0.013531574508517608	1.5568809392120206	0.6087020196739643
0.34222568253904107	0.03086469338801834	1.6481840974248816	0.7384227755546835
7.04715408572711	0.8715277486145041	1.7150303169645804	0.8554361641228052
0.40074801939851357	0.8172848897581204	1.392301507632232	0.917293547013609
0.9043474351762255	0.8269458078267553	1.635488968189199	0.9969864667436448
0.46314177942969637	0.7880160725423817	1.0675882861783816	1.0045418099637518
0.6196646736048015	0.7706211937162206	1.5600303185939115	1.0619384893319714
1.9916110638694517	0.8925842204634655	1.432456287304074	1.0989490921149927
4.870502843426147	1.2771381868243181	1.5166011385385252	1.1393242920413642
-0.035722455787329355	1.154180320503492	1.1581521365016805	1.1410877628280507
0.8822562366314388	1.129483269659373	0.7514438586854268	1.105699041921922
1.3169293980587113	1.1460081359909093	0.8932886171955168	1.086974109593002
-0.16313329070817362	1.0338921718848	0.5981304609989606	1.0451092511154978
0.29230966281311965	0.9721441489466571	0.6868846562009974	1.015281655787922
0.13177058190603463	0.9040591476254807	0.9458648652462205	1.0096581102897142
0.7923249540755013	0.8952448759533405	1.0075381865294855	1.009491175694604
0.049071750235072154	0.8302012255113513	0.9696571775353906	1.0064294051994223
1.174966105954839	0.8560414013775901	0.7508970832862607	0.9872780221193169
0.6385438459865884	0.8401372795470674	0.7905713598041684	0.972894172942832
0.2192318307244676	0.7958150292426442	1.008106718637535	0.9754079522631278
0.12110661633173714	0.7487710691307494	0.6913165353997681	0.9555998211494301
-0.044562272899293154	0.6947118990188013	0.8236073942716042	0.9466057267237828
0.10154367009196785	0.6551895847481466	0.8246453898169517	0.9384794734957509
0.017567660699204568	0.6136283341924833	0.5191158613628424	0.9111447685317233
0.22488332155996038	0.5888278848213595	0.47226538328623713	0.8831459375653288
0.030024646968571878	0.5539203966754118	0.3619179727015558	0.8505856912882042
-0.18691439093442164	0.5085855702214686	0.38258516729328607	0.8219468352020391
-0.41053716845056354	0.4534645575134888	0.046090138233665146	0.7754177390552321
-0.22576330060863847	0.4135285062102514	0.15328025436892423	0.7388384307238893
0.037035281661988995	0.3918177073076512	0.11429098288522255	0.7028232381168678
-0.5622518735784318	0.3378372971218946	0.1821853735868224	0.6733661369320905
0.6843243507144907	0.35707854211809886	0.2268693748872852	0.6485712921003131
0.017218356563487802	0.3385485646830819	0.1370660150923102	0.6206827232532472
-0.11285294069829455	0.31437611201830373	0.16789027919020683	0.596435827382374
0.11121369028284578	0.3036874666096725	0.24216550128935	0.5777972143661942
0.03180563453832841	0.28962980139513705	0.28811665149513677	0.5628192429648049
0.2544063130224703	0.28783946838967034	0.39737032686980167	0.5544097155877885
-0.10448124576109485	0.268230458854569	0.24563261064601494	0.5389763911006336
-0.00502493039707097	0.25479632942566965	0.2130924899686164	0.5229548709125331
-0.3709673318072022	0.22452778906605153	0.09091217296532483	0.5020567606350628
0.8250863950977234	0.25311610830334064	0.1879631999930096	0.4871047587020769
0.4576801641931567	0.26270212092519696	0.15635026681221453	0.47160581578798144
-0.23923532422271165	0.2395431838979576	0.2206305510830604	0.46002612024783684
-0.37399381865005343	0.21166377985801232	0.18880802008551312	0.44770185855770306
-0.17414274497450755	0.19439409624905135	0.12133535038921939	0.43309286612469067
-0.37254176772169334	0.16938961480781067	0.04299152579863619	0.4158875962657771
-0.016543923995703258	0.16130777842577126	0.07853505626779	0.40122421988565105
-0.0865768511291698	0.15068734033934228	0.15386078889888077	0.39062615992307337
0.09484259749842017	0.1483284864172989	0.26882207147002846	0.3854810846331138
0.5959620675063431	0.16697504898794158	0.3049641436388906	0.3821273093631927
0.4663677492142586	0.17927567399464883	0.3292884516946972	0.37995650711568185
0.07171615121004593	0.17491638789622366	0.20829523604791955	0.3729991914563906
0.31836512694820085	0.18065284013382854	0.3123175667481308	0.3705725157750892
-0.07226179982415104	0.17067208375942555	0.21581506365931946	0.36446548102570087
0.12175934587186998	0.16876705323793462	0.2367518528042145	0.3594910602328816
0.03436538380066523	0.16359895610256547	0.17886626352373236	0.35254557242327533
0.018764395556744473	0.1581000280121425	0.3350230534683978	0.3518800776960096
0.40664584996308695	0.1674180085875827	0.18656983383993087	0.3456821121957696
-0.1677154087245587	0.15500853891792254	0.1820248014285233	0.3396221801382808
-0.048075925751060455	0.14758029584710908	0.1516204042651299	0.33274562144158026
-0.2945674153659802	0.13160244461858528	0.08051365071307837	0.32363061524938197
-0.20813772927566176	0.11947127672980762	0.1314710847872962	0.31676895151842555
-0.21214948485955987	0.10776946557995015	0.13299616429734162	0.3102841773323457
-0.2685269463657566	0.09464552852530472	0.06631456061689911	0.30177529691320704
-0.3244559138463785	0.08019662599249977	0.051296978557043404	0.29313973277277516
-0.41276969966068255	0.06339424384247172	-0.012125897527032414	0.2827348669928924
0.013083126221998587	0.06169852983995261	0.03801378940374489	0.27448730847297753
-0.23075064478750407	0.05195198256715705	-0.024841296417024705	0.2645114513601339
-0.12923501359418366	0.04597992444435661	0.035752109062258786	0.2569713742205222
-0.4400980564502752	0.030132554864616523	0.003298166771026567	0.24870097525360335
-0.1299357545364237	0.024970012227159222	0.07063079201282241	0.2429578323435304
-0.36812344851914136	0.012426760281016191	-0.05631527463171371	0.23340828324868657
-0.4140230514116552	-0.0010377007806209315	-0.04006167286406104	0.22477384622187624
-0.35588654274206544	-0.012124835132071965	-0.01848157390340177	0.2171733364898485
-0.38578004249608466	-0.023679126926561822	0.022875538254053307	0.21116521785276565
-0.13202382680688773	-0.026995162447094545	0.046973930296017485	0.20613990265608284
-0.38713598629938784	-0.037906672482788895	-0.02783863009549581	0.19905082747750602
-0.2563765542490466	-0.044459638829546844	-0.11867126990906973	0.18952080142441075
-0.4105678851138621	-0.05533238267561191	-0.11864898446999528	0.18036869093848362
-0.31554997285494246	-0.06298464640507129	-0.028406186801681166	0.17422917456245313
