-1.0	-1.0	-1.0	-1.0
-1.0	-1.0	-1.0	-1.0
-0.2914719149779982	-0.5911357607954778	0.6119602279973237	-0.0697999046465353
-0.07709098781670165	-0.34067998626813756	1.9369334059980976	0.9079318729506289
2.979452885099218	1.0561414906232462	1.955453139665936	1.3486371748703436
1.3741529111748911	1.1737446057010112	6.2983439128619105	3.179080464540178
6.639895377028117	2.9760223357013547	5.371779816416736	3.9020488159213444
4.361877054706945	3.388137368314781	6.583767167272753	4.6995182044315245
3.2946007223073543	3.3628115827935767	4.080176219507502	4.531828064281526
10.136551589940288	5.045939454161735	3.250574830387719	4.213464247658292
0.8268475474712762	4.077367949797514	2.921599213887913	3.9168921797563785
2.1089703847501218	3.6574686496954216	2.830801654295064	3.6852067729632028
3.178032622669816	3.5619596176828017	2.9966728806504097	3.5480431959448415
1.648699513725009	3.2044751177413247	3.2244326287554674	3.4875778709650946
3.2377742533076512	3.2103330985478475	2.905164064317783	3.385118764004953
5.233910843608302	3.5466522809025145	2.556566496809747	3.2474123551981293
1.2420424528988576	3.1836864969723093	2.488025652424727	3.1278121850793363
-0.13353953751660164	2.6872470873579655	1.4504576598955836	2.8767876927691396
0.18525170390999812	2.330571064526014	1.3895610975954948	2.6647738075491856
0.575457019550216	2.0916997063722245	1.0672310210245044	2.447347865859878
1.0265327658617878	1.9530126745322902	1.570838976091705	2.3332245310586743
0.6620120139484631	1.7919041984781146	1.110806856218912	2.180674772263715
0.7162687195301571	1.6630263349928192	1.296783116464491	2.074770885456541
0.4906302572697516	1.527943822749684	1.5791218847623822	2.0176628536955037
2.850145979291569	1.674659204160983	1.64203539534487	1.9759830217924605
0.7064853610923416	1.5710570866554234	1.930104603964895	1.9710743127704387
2.497543702460668	1.6667876723967825	1.8926935627179748	1.962975938802097
0.9095041646531887	1.5911434533097446	1.3858955800060544	1.9053318721192998
0.49038945691103386	1.4847311451413554	1.399132492901483	1.8563965328942142
0.9132839622584554	1.4312112315981547	1.674020158649395	1.8393155559374987
1.0438142848929135	1.3960269934739622	1.6076782202193343	1.818277977228492
2.5596495355265283	1.4986075290469194	1.534863478426281	1.7932935184528151
1.3377552414820126	1.484832015399629	1.3146251857844913	1.7522999544455016
0.5655195970674556	1.4082853920519876	1.216008919310481	1.7076457991765972
1.3215845027479678	1.401261217399961	1.2594517954649698	1.6713342231946058
0.3470891909753837	1.3180994730440165	0.9423898383707423	1.6138293294222215
0.1417294791426731	1.2276742572610093	0.9965234882379872	1.5663784530721432
0.22158605343260618	1.1522696269305337	0.8604798093269954	1.513472784148839
0.45743270738517694	1.101461233781631	0.9019909200634981	1.4687595029365346
0.5331313946866043	1.0608920914577449	0.6813211646786721	1.4125496620358309
-0.09830357858769345	0.9800672143438063	0.566483383299605	1.353557787782763
0.625289022297264	0.9558919406934956	0.8089834473806496	1.3164494441129095
0.0946204657797638	0.898506296490241	0.6158944662746126	1.2697721998163076
0.08334145031562068	0.8453723823111008	0.6147502437311283	1.2270767174495454
-0.12812502841738316	0.7832670867500677	0.6700637719686964	1.1915416677693553
1.1055873186887268	0.8034019279865641	0.8994214864777847	1.173293514474305
0.30171409066386046	0.7727018063396491	0.8690190483310876	1.154674124295811
0.4368202564779544	0.7525587864796075	0.8692296603716327	1.1375559676589488
0.4477768384127585	0.7346389031658997	0.953544222910141	1.1267369978560953
0.8691262970499147	0.7423946599911835	0.9984312133304414	1.1193384236520219
0.8070123664019222	0.7460509220256575	0.9856477194009983	1.1117745838134003
0.8403788331202053	0.7512895649093838	0.9179891628475962	1.1010137023215218
0.25112115150007863	0.7240190739044672	0.7631804496295722	1.0825943229423571
2.3270930470558415	0.8098640180025378	0.9346047237607467	1.0746695927773073
0.7283873700626193	0.8055772284998834	1.1964683637324618	1.0810773048322746
0.4826069874122916	0.7888779186160042	1.088117167138562	1.0814409357618695
0.8909782231504484	0.7940676564790332	1.2549152400570183	1.090258546397568
0.8560194082340005	0.7971643070000787	1.2515022052864615	1.0983180510630146
1.181934836996542	0.8160808968319273	1.2922146473852614	1.1078506782627637
0.8283075459935394	0.8166721710215374	1.1542847409875754	1.1100965619638745
1.3171225157987103	0.84049487944196	1.4124635034703035	1.124489847307875
1.0368686854929559	0.8496971168297158	1.2795976395166213	1.131758391668479
0.6152081675429959	0.8388780576364749	1.31247834673142	1.1400967837797111
1.202822197146657	0.8554158796617604	1.4743665679478788	1.1552861923098976
1.2652642975198631	0.8737616610758507	1.5135522786951539	1.1713230062512214
0.9866510135857363	0.878740482695026	1.6826188836341274	1.1938733449148535
2.4856434008545207	0.9485860185309756	1.7002407521601302	1.2158832665143908
2.241212775253563	1.0039688565720053	1.9244482172580257	1.246241950560027
1.0614453884929222	1.0063968734523137	1.7353863605297577	1.2669044320719203
1.214572250852731	1.015068549426319	1.6623725994272442	1.2833778668420868
1.4162814443725145	1.0315529746431973	1.5727787063382683	1.2952685378901116
0.9708870391933535	1.0290944969417946	1.840770014847771	1.3173781460826017
1.4968702333633201	1.0478010273996494	1.7621605335559116	1.3351652076001446
3.9611016490643047	1.1627716320308785	1.8739920222199307	1.356429769660779
1.5159977309607657	1.176530517156651	1.80539272666197	1.3739177698390184
1.8120207309979648	1.200966481349846	2.0109250452783476	1.3984120633278785
1.588227067347241	1.2156689234359543	2.120114202308485	1.425811775606924
1.6645853813317526	1.232499099010632	2.130348249725117	1.4522254255685558
1.4870041755390186	1.2419227814041958	2.143825567948629	1.4778340462349444
1.3929986849133638	1.2474489091747683	2.0415199372471555	1.4984523322522816
1.404740749543068	1.2531322949913437	1.946310383599299	1.5146356614206131
2.1507919919754594	1.2851838110494032	1.954627027996433	1.5303454680800979
0.7613973251643154	1.2667010064851527	1.7624260586348353	1.5385345624339042
1.3828727577227817	1.2707525084996232	1.771626820319204	1.5466638087548854
0.8123814700032703	1.2549496973743413	1.6073727207830646	1.5487565528685519
0.8952354048825772	1.2426889224663777	1.4806546549290562	1.5464350153523712
1.7067617784870444	1.258328020829432	1.8276895602387309	1.555912894404333
2.664367873500406	1.305186818822159	1.8419802473650733	1.5654465922550873
2.8404483507220246	1.3557900032625683	2.1656520906336145	1.585229710204199
2.1776005132986223	1.3825827801146167	2.1705381360457197	1.6043119271346922
1.715038856523766	1.3933047322744625	2.3714406614484895	1.629052852448757
2.8245042125420596	1.438972352353432	2.601504960731293	1.6600823262555648
2.6047903413920754	1.4757810088504733	2.7523933052072715	1.6945701308182453
2.7801653033800746	1.5165356044373302	2.9095757548238055	1.7325321374962805
3.30915419331418	1.5719672225693726	2.6955362986027804	1.7623101564976018
2.671880615258559	1.6056317255136632	2.6354541221854366	1.7890339475118413
8.496657802447087	1.8144143542177815	2.5370807962569466	1.8116979243054705
2.6473849408220085	1.8393994471070725	2.2781229307915383	1.8256884851754704
1.8010138640747888	1.8382595511343385	2.1348319825377042	1.8348695279214655
1.47812864920706	1.827669026136125	2.2954396269205284	1.8484132498573658
