-1.0	-1.0	-1.0	-1.0
-1.0	-1.0	-1.0	-1.0
-0.5589378348530927	-0.7454800463798152	1.8844093378568734	0.6644813110379453
-0.32289699815035755	-0.5395868139905519	2.503526733537026	1.56051114254069
-0.5796049765915922	-0.5564229499095948	0.17520622540066277	0.9776960214743391
-0.2378255001538443	-0.4386029525128433	1.5276469854488108	1.181072364478469
7.52055734418972	2.185659696817882	1.533674553561772	1.2973309845913503
1.9076275155862632	2.1029798005254023	3.934635672202951	2.081592289663371
8.466859590478917	3.8260303422063062	4.1380315611661125	2.6383828934247586
1.1828555346050456	3.1692585092318293	2.8838599665188975	2.6993786482401383
0.4291398963319826	2.540213104159829	2.7785074010582345	2.71754414588507
2.790551068371209	2.5936152331593494	7.6826920889891905	3.7767106513029027
1.8764298389583942	2.4507440839031287	5.4657986201087185	4.113195060460709
1.620591775211082	2.295633644807864	7.153651577412065	4.681291214065281
14.779979183134826	4.491894199155765	6.285183860327015	4.963448812818983
10.930389336402396	5.561974554657748	6.348180926594045	5.193591060821352
4.728089935765229	5.430641242544998	6.466350527612463	5.394044627343153
17.803979461332386	7.28237475967541	6.099194050780966	5.499574440065188
1.640208256253667	6.478046237205912	5.4842345524559635	5.497387383992787
13.979181232619752	7.498949651014399	6.738268083521314	5.666270426482944
11.21263619163967	7.982481990681546	5.262459094538204	5.61369446477172
2.542777983372398	7.303642329108239	4.859699248019155	5.51960087721458
3.649920561002845	6.865869821304272	5.5368713357418	5.521671204094481
3.351972838185465	6.461001443373117	3.823449800618433	5.3260038095850035
0.5196046541291914	5.801731029248806	3.1229172172470463	5.0815447578001
2.0101614080196955	5.39600279610291	4.141263377911726	4.980928085812727
8.040748169800745	5.669274718249103	4.436116527342303	4.924635566176906
1.0658456543258588	5.209445076729067	3.1372265174192595	4.746094050453664
1.7113306761577305	4.871274235243912	2.656209557070463	4.544059877785022
2.1399372533447085	4.615466872965164	3.342859477928384	4.4315597661631925
1.846545515359316	4.363984849720894	3.1797058621754566	4.317862416395596
8.563605004818822	4.734206712409302	4.077428096959746	4.29666691898318
0.6370191894331689	4.383320011313591	3.7470725218904173	4.2495994546721185
3.1744373526546674	4.282662604005572	5.39852196996181	4.345265683406798
2.9891138478412156	4.177863109815375	6.234855472675364	4.498358110065851
20.89140871124715	5.496370467507049	6.837057101458036	4.68285488158127
6.127595500994849	5.544892027439442	8.12841764809113	4.947709478888975
16.95345053210614	6.399951132648936	6.406060283862842	5.057012196928682
9.006521265570075	6.590549758867561	6.8610152474833095	5.188925145138049
6.148325521706053	6.55898251220141	5.082455027578161	5.1813251452964355
7.624263427187785	6.633259538840844	5.104388250061859	5.175960924739806
4.4805971753245855	6.486573830098141	4.32562637194916	5.118018271076239
2.3145917868031485	6.208598522109273	4.72621113323195	5.091912177133417
2.9939476829676397	5.99906169068668	4.074513111839204	5.025596313541261
7.545788107357016	6.097737456339901	3.9921540342704196	4.959666926589334
12.875748488987623	6.521148615568324	4.557136816828384	4.934521997629762
5.293129098416208	6.446001980782164	4.547564182015288	4.910843443278332
4.65626295093615	6.338670155642003	4.138766308228398	4.86454210634659
1.615179714463474	6.06094609228185	3.4954376456266765	4.78404372227286
3.2535317911395305	5.899052840009629	3.739897068591679	4.723831937863711
5.7862130400830605	5.892669151934473	3.9756606027393797	4.681501530739801
3.3422810963222123	5.751041238373102	3.4246428153255364	4.611706043458386
5.0821000351907735	5.714569969440689	4.160449743894102	4.5871034050747275
7.629043044916749	5.817090497712379	3.563481947858347	4.53228858581121
1.3970714557027586	5.5845480344504095	3.2147784722203596	4.462972684482162
4.612932766621439	5.534311026274408	3.716743141809083	4.424389160941275
1.1501638524242193	5.311470347315385	3.1863436402746235	4.3614610751986795
4.023706162206473	5.247104575505439	3.6924403379832107	4.328021437574094
11.304483350825855	5.544903690483892	3.54616374901616	4.289582564515697
3.500725831266032	5.44602540289876	4.0616020906681465	4.278554855362648
3.3045642313901427	5.3440848485156005	3.491743784023617	4.241100011573536
1.8205115167748152	5.178970678630779	3.459064042521095	4.204453580736001
1.6786563326185053	5.017468746985076	2.8407622161836623	4.141533717027263
2.003260826977749	4.880501611799172	2.533471454010202	4.06846249355083
2.2561780714909143	4.763030082578003	3.1683945156687754	4.028173062201501
1.2301193867700415	4.607212673083759	2.4859140371062467	3.960152640913556
2.104177970513837	4.498416837859877	2.932919280968801	3.915503580923933
4.797634348175739	4.511237811651306	3.1009758845375153	3.880605844312705
1.4248953068352956	4.380865555914144	2.9838296626379206	3.8427250955030443
1.5202288589937956	4.261705184258298	2.74929387853438	3.797178515318582
6.195069230856732	4.341138774647642	2.8970401225311906	3.7601971294897023
1.6236487232643442	4.230998986811763	2.674628411807971	3.716199072450669
1.1614195737038564	4.108247275166617	2.7673389099470125	3.6782545207911
2.7572475928364426	4.0549317870931905	2.260896833249568	3.6223202830210033
1.123597845871953	3.940752212186945	2.639437433502672	3.584035850939957
2.7751455566326952	3.8959311860906753	2.593847409660732	3.545960091218171
1.9324836674819146	3.8213871717258048	2.906665594417007	3.521688347020838
1.0768987838207007	3.7184924892348663	2.7497365288803373	3.4927463724533716
5.243740867282598	3.774969812143982	2.8484253717826977	3.468887787763877
3.4822740468419884	3.764263591206163	3.112199645562873	3.4558409267447834
1.4170240515157784	3.679441526211364	3.0334893191745618	3.4405772947009217
2.0361867728971035	3.62076594400569	2.610465889000812	3.4109361464336905
1.6122155856486193	3.5498905688933	2.7092045222492445	3.38617378941919
1.1305612890051444	3.465512663746053	2.7221352458883668	3.363013890925065
1.883043315666379	3.410955582837497	2.7481271982463475	3.3418147481978355
1.3423551031049445	3.3404492627756968	2.566355220128976	3.3153837990893242
3.541914426171261	3.347238377875742	2.536712811247696	3.2891413025481198
1.3591115405969245	3.2809802224649616	2.7541055133077497	3.2713098842197414
2.5382061514572607	3.256497621648789	2.7510708938117636	3.254162174308801
2.8229756417640814	3.242362917100552	2.7778437804602123	3.238632208884617
0.9064658934485086	3.167025158092261	2.4863716668254177	3.2143696788439566
2.9046920996217387	3.158653796099177	2.779301110634129	3.20048651463102
1.5100250140149107	3.1066010243879596	2.6538882000876924	3.1832282798870857
1.695778985089846	3.0625203624170627	2.336644306623248	3.1567768239191274
4.039870627669965	3.0927423198306165	2.624041328523229	3.140303334384705
2.0358182223807417	3.0603928565979697	2.3073377257508536	3.1148085304615307
1.7345491972003875	3.0202226076335963	2.5145334742445553	3.096621436057763
1.014417020635337	2.960058681530487	2.3366162901494834	3.0738252807109276
1.7861014743930328	2.9251945111168234	2.4939111254217985	3.0566030306036502
2.8014518968823934	2.921555973195961	2.6478457059096687	3.0445830678156867
