-1.0	-1.0	-1.0	-1.0
-1.0	-1.0	-1.0	-1.0
-1.0	-1.0	-1.0	-1.0
-1.0	-1.0	-1.0	-1.0
-0.5116267756862387	-0.7945352695296709	0.12371073009997469	-0.527240825679922
-0.6504492378582417	-0.741251022488471	0.07417296666132711	-0.30483285670666604
-0.9368670084348738	-0.8057487475201963	-0.5962243796834812	-0.40090932941121993
-0.6397292998901267	-0.75637915655374	-0.6854395159542104	-0.4855209063871223
-0.8174622902977474	-0.7729177304285008	-0.24417021558351715	-0.42017415757908194
-0.9707388200322732	-0.8220719979321056	-0.7936846660917055	-0.5129834530813138
-0.8062377762853845	-0.8184369851048271	-0.48386544034637535	-0.5062989453317737
-0.3655786223053161	-0.7218331338609032	1.0391444803942367	-0.17662459348948079
1.9245966939995132	-0.19463565419592843	1.7477673999754981	0.20673514556622052
-0.24534608800623292	-0.20411064300692172	1.652931291278506	0.47695083309602304
-0.36598243684619025	-0.23258746145013953	1.037661131734552	0.5755914492886369
7.739286565159167	1.0923432353463771	0.9238377459892946	0.6334701838711161
-0.4261864684336003	0.8531815709247987	0.7104313686962853	0.6455909917363001
0.6839489334550914	0.8278551342917	0.7635806575863815	0.6632488066626636
0.11334987902951821	0.7259976486484245	0.9169405662864176	0.6994142535886547
-0.3910402673063522	0.5739686256685546	0.517782079475223	0.6746939796836247
0.24899891855700296	0.5316569276883718	0.5524586147671762	0.6587787514913672
0.4385046207354111	0.5200324750671275	0.5976217626656135	0.6511471455390825
-0.5597989544442417	0.3906517701586818	0.340852973496097	0.6139692175178553
0.958620463252553	0.4560930142932018	0.7081827093583593	0.6248246685881205
0.2751674736007037	0.4360173163916501	1.1550993890346146	0.6836654627587104
0.5219946663894981	0.4452178185489357	0.9469247333922752	0.711836639308451
1.1637348388369397	0.5194598974242746	1.1846273996683192	0.7606888243178316
-0.002377838411698363	0.46733430793081987	0.8517170863825907	0.7697815176100415
-0.039253963768541844	0.4183612554528451	0.9116694151891096	0.7834980925601875
-0.08981578822312775	0.3707672360642642	0.5801780116709261	0.7644559499269064
2.112439705680235	0.5289513379959605	0.8719499549887713	0.7742189257759691
0.16724929131904287	0.49706531498333817	0.8017216142011043	0.7766436986704839
-0.20426224234231305	0.43700306950533774	0.7871922461797893	0.7775472504873435
0.28676720312531323	0.4244937069916237	0.9436393173832007	0.7913770619965599
0.06587977663922984	0.3954396025638651	0.97136305027683	0.8059591922504659
2.6476049525543464	0.5731103473950452	0.8220820526863504	0.8072315068158085
0.449059502141107	0.5635750689129013	1.342164201221213	0.8483512393729724
0.8526762443593285	0.5852431257603163	1.1836669573063556	0.8734830699561997
0.5251636176708863	0.5808497565261721	1.001495617880909	0.8828434238212279
0.3341706994954883	0.5632410190680446	1.0220262034669108	0.8927788611423761
0.15226446017213635	0.5345857897465933	0.9721039522894181	0.8983100108420747
1.0009527630109782	0.5663650551916088	1.0886517007630445	0.9112803982136743
1.8279170293873328	0.6504210417673024	1.1262687650604373	0.925604869899012
1.1125117254804633	0.6805413825601765	1.0778454748704678	0.9355286008711143
0.6184584834956839	0.6765810238600949	1.262821448851224	0.9564090497062117
1.0212393890618854	0.69811128270583	0.9873418778746164	0.9583414375457449
0.9170717981962264	0.7115105841527498	0.9247717488007499	0.956287317548757
0.15912097625672694	0.6783830819351637	0.8656204187009251	0.9508500201316312
1.5780401384117884	0.7312803335922116	0.8375345001297754	0.9441879720862585
0.7736258689920135	0.7337225639910661	0.6895170756936111	0.9295022986498973
0.5150084559258592	0.7213481753669895	0.8652311796462953	0.925866230415394
0.19764128006332182	0.6922657982517317	0.8941234880771767	0.9241037623763593
0.1752848727134526	0.6640784577027852	0.9832960477490134	0.9273312055679612
1.6064741291881361	0.7145444343900635	0.9035153062269567	0.9260563137813937
0.8189828512050081	0.7200390123691192	1.394371300200934	0.9506948485055444
0.9160666884787354	0.7301744378937982	1.4996419070271134	0.9790778018328679
0.908046305674383	0.7392154793265093	1.2652116719513389	0.9936216738241168
0.742466275937608	0.7393778727107314	1.1684625938493278	1.0023604793283547
1.6677674346616596	0.7850202939303401	1.489035799920602	1.0262868428512624
1.2444967191168503	0.807245565470198	1.50710525805972	1.0495444527515594
2.360710945160342	0.8811956704279171	1.71559333638903	1.0812506426193216
1.470470912338223	0.9088089475396357	1.6615099855035118	1.1084414334284585
1.7549848380691477	0.9478512574763582	1.7649395962702306	1.1387321614710881
1.1089209476569586	0.9551703640084881	1.690853267197301	1.1638208368637026
2.6705671560807094	1.0319563417090674	1.720925735585137	1.188758585347844
0.8396177536704441	1.0234732580412755	1.9078288589594639	1.2204727802687185
1.895892828971586	1.0613938687901734	2.112552256142894	1.2592479447868072
3.6331595590756143	1.171581986916336	2.3236109542692893	1.3048511606708577
4.757501877128948	1.323057450885841	2.3136529942678363	1.3474646182046404
1.4546703892863722	1.3285402524253591	2.126273003031544	1.3799066887651694
3.3320086199653947	1.4108527123054038	2.066221342697044	1.408103929663612
2.0850278227498467	1.4381772517693094	2.010422838545063	1.4325161334248135
2.0933095464189004	1.4643765540398226	1.8889698123796235	1.4507702751403668
1.2365656324642993	1.455386402264725	1.6003931300092908	1.4566751132359217
0.5100124284555603	1.418562957101793	1.3879694861708445	1.453999330686957
1.0330629000114406	1.4037396753263285	1.2675226991195432	1.4468289579309754
0.959768512867635	1.3868836662247666	1.3081055980210268	1.4415618344977754
0.6957159892013722	1.3609709086291297	1.0424660594073791	1.426599229999605
0.6254853109953913	1.3337370462230367	1.088815408510964	1.414091739156912
0.7411978229553333	1.3120634995618032	1.170963725940096	1.4051986297739445
1.001608190600927	1.3008442585089957	1.1540749252917215	1.3961233991584163
1.1177574214562238	1.2943065220486747	1.1072001558023636	1.385806610647323
1.5815606950318686	1.3044420936552754	1.1257199022369635	1.3766284934232091
1.0748565339708192	1.2964346955584687	1.1922629742970625	1.3701981931707565
0.41301655068278853	1.2659782220526594	1.130365296556037	1.3619297275456757
0.9270284851167825	1.254425154798144	1.2612062985943044	1.358496316558821
1.0478583472241416	1.2474634558726634	1.089201590935152	1.3494206111027411
0.4617799680332315	1.2212788774838566	1.048089290579556	1.3393778385483497
0.6688112835386388	1.2030690753470439	1.0851271733539485	1.3309974441251549
0.4935945827347601	1.1799384291358472	1.0615758308374854	1.3222136245675875
0.8201585477721427	1.1683346189136659	1.1897157157475515	1.3179400845850524
1.2198407674724558	1.169978149530603	1.1253027270340445	1.3117932346997803
0.7107344566357581	1.155478092613007	1.2574632844872489	1.3100775275245025
1.3874019083888407	1.162724212730668	1.4384666685320817	1.3140887627498263
1.2611965833619658	1.1657692683529133	1.3214095260369558	1.3143151942896392
1.499689682066348	1.1759892914016743	1.326207252599422	1.314678934910654
2.094299049307249	1.203812214715414	1.4394401655302511	1.3184590222739248
0.7548464131478803	1.1903452558848038	1.5112164828857337	1.3242404038726332
1.5396641408086316	1.2007192052476978	1.4828718791473632	1.3289513157521835
1.1388665737662778	1.198900531470108	1.4844958524477025	1.3335256635325723
